datetime	nee	h2o	LE	H	ET	LAI	SWC_1	SWC_2	SWC_3
01/08/2018	2.044343306	0.744041372	33.57994446	29.56297097	0.966	0.3	27.5768056	42.3940278	22.7117361
02/08/2018	1.734306901	0.836755402	37.98465358	36.19551192	1.138		27.8771528	42.4634722	21.4767361
03/08/2018	1.527134994	0.844099001	38.20442598	38.93546962	1.168		27.5343224	42.1274038	20.569391
04/08/2018	1.021779366	0.81921498	37.14165969	43.40815305	1.212		27.967507	41.7507348	19.7327502
05/08/2018	0.709803354	0.756192227	34.27667223	45.80647682	1.117	0.3	27.7650694	41.6855556	19.0018056
06/08/2018	0.49074765	0.696225693	31.62953385	48.01998047	1.021		27.5413889	41.6236806	18.6493056
07/08/2018	0.210738178	0.662449785	29.92319118	52.92635638	1.016		27.509375	41.6893056	18.4036111
08/08/2018	0.1136291	0.621639348	27.8330137	51.78883459	0.967		27.4632639	40.9131944	17.6332639
09/08/2018	-0.067487081	0.587911468	26.31437619	55.60689767	0.922	0.3	27.5062587	40.2920723	16.7123783
10/08/2018	-0.174084749	0.566205679	25.35134042	58.39127555	0.895		27.5122917	39.4820139	15.7025694
11/08/2018	-0.138732157	0.51349974	22.88473482	56.61192205	0.811		27.5300558	38.7713389	15.0308926
12/08/2018	-0.087393968	0.433933141	19.31500987	53.36063479	0.684		27.3527778	38.06375	14.4295833
13/08/2018	-0.052400309	0.366963255	16.36281106	51.43188539	0.581	0.3	27.1925	37.3239583	13.6538194
14/08/2018	-0.030633889	0.331941624	14.7710468	50.86071459	0.525		26.8207639	36.3164583	12.961875
15/08/2018	-0.022975102	0.318688134	14.18388486	51.21937562	0.505		27.1947917	35.7645139	12.360625
16/08/2018	-0.025231509	0.298500117	13.2895725	49.5565972	0.48		27.1763194	35.0751389	11.8930556
17/08/2018	-0.022854223	0.278357196	12.39449256	48.40182364	0.452	0.3	26.859375	34.2354167	11.5963889
18/08/2018	0.005973212	0.253673553	11.29881196	47.4984325	0.415		26.6639066	33.6146789	11.4716302
19/08/2018	0.08479453	0.223214993	9.742731457	44.12953408	0.366		26.6008333	33.2303472	11.3803472
20/08/2018	0.064497405	0.22490448	9.814577037	45.33199607	0.365		26.2485654	32.5711686	11.2486354
21/08/2018	0.034531927	0.206131451	9.119245928	46.30262262	0.343	0.3	26.6803472	32.1336111	10.999375
22/08/2018	0.018715266	0.20874875	9.22946542	49.07616376	0.349		26.3172222	31.6409722	10.9548611
23/08/2018	0.174711017	0.242117745	10.70973789	46.12480839	0.4		26.0463889	31.1501389	10.6699306
24/08/2018	0.233000771	0.256236998	11.33627454	44.60113499	0.421		26.3824306	30.3971528	10.5265972
25/08/2018	0.269625662	0.260110657	11.50852321	43.37237416	0.424	0.4	26.6198198	30.349009	10.2857658
26/08/2018	0.283368377	0.261115222	11.55374409	44.41220946	0.423		-99.99	-99.99	-99.99
27/08/2018	0.361025798	0.246494533	10.91079638	41.31271977	0.399		-99.99	-99.99	-99.99
28/08/2018	0.390500647	0.24515384	10.85106416	40.68586289	0.398		-99.99	-99.99	-99.99
29/08/2018	0.392308793	0.240974789	10.66759561	40.1273718	0.391	0.3	-99.99	-99.99	-99.99
30/08/2018	0.406891421	0.228292034	10.10902534	39.39427107	0.375		-99.99	-99.99	-99.99
31/08/2018	0.402271732	0.243444716	10.77710892	43.41288754	0.4		-99.99	-99.99	-99.99
01/09/2018	0.426009945	0.23213715	10.27877549	44.73175649	0.384		26.390205	27.4702733	9.7187927
02/09/2018	0.242236638	0.203810509	9.016656151	53.84088785	0.341	0.4	26.2146528	27.388125	9.5884722
03/09/2018	0.202747182	0.193047189	8.535001998	58.67813632	0.329		25.9695139	27.2544444	9.5454861
04/09/2018	0.191890938	0.1934821	8.344221275	62.88832366	0.334		26.0357639	27.0530556	9.5288194
05/09/2018	0.214172652	0.197908696	8.534024629	65.55252226	0.343		25.6064583	27.0204861	9.7073611
06/09/2018	0.161557843	0.204262727	8.810805519	72.46670753	0.355	0.2	25.9388889	27.0379861	9.6413889
07/09/2018	0.107950622	0.212161865	9.15635701	79.21890748	0.371		25.8485734	26.9505219	9.6235212
08/09/2018	0.092596356	0.215841096	9.315215106	84.81692506	0.387		25.7173611	26.8244444	9.5190278
09/09/2018	0.108376935	0.219393669	9.468477126	87.01561304	0.392		26.0899306	26.6817361	9.4902083
10/09/2018	0.096093066	0.21884892	9.367979108	88.08726539	0.395	0.2	26.1622222	26.6080556	9.3774306
11/09/2018	0.066821863	0.231760268	9.905522531	89.97392971	0.415		26.2047222	26.3274306	9.1538194
12/09/2018	0.118386669	0.218866963	9.361051835	86.78749899	0.4		26.2234028	26.0579167	8.91875
13/09/2018	0.098044208	0.211842454	9.018885703	88.20538267	0.39		26.2645139	25.9209722	8.7501389
14/09/2018	0.116211578	0.200023781	8.70293827	86.45591044	0.372	0.3	26.6954861	25.7635417	8.6347917
15/09/2018	0.083736756	0.202901354	8.821975387	88.58208565	0.379		26.5127778	25.6552083	8.4697222
16/09/2018	0.114644966	0.200762603	8.726433548	88.14629204	0.377		26.1331944	25.5264583	8.2885417
17/09/2018	0.141612296	0.18816713	8.171940544	85.879943	0.36		25.7670139	25.2951389	8.1679861
18/09/2018	0.16418678	0.184799572	8.024634586	84.33186468	0.346	0.3	25.3910417	25.0513194	8.0357639
19/09/2018	0.125875137	0.181940697	7.899731223	87.15257704	0.348		25.4950694	25.036875	7.8555556
20/09/2018	0.161611011	0.179268662	7.858176224	85.51284756	0.341		25.5529861	25.0465278	7.8678472
21/09/2018	0.163979896	0.166775699	7.357611043	84.37173852	0.33		25.2551389	24.9892361	7.7704167
22/09/2018	0.177325544	0.1548612	6.80686246	83.57138644	0.311	0.3	25.6658333	24.8723611	7.5660417
23/09/2018	0.190658293	0.144646754	6.387728717	82.68512624	0.299		25.2199306	24.7201389	7.5507639
24/09/2018	0.173194582	0.146817204	6.483714094	82.8161653	0.302		25.3349306	24.606875	7.6052083
25/09/2018	0.146379809	0.139310791	6.100858838	82.7403085	0.285		25.1890972	24.6785417	7.5392361
26/09/2018	0.102569715	0.132016935	5.780500961	82.1711231	0.272	0.4	25.19	24.5701389	7.5272917
27/09/2018	0.076584614	0.132441051	5.798586417	81.73268257	0.274		25.2058333	24.5679861	7.390625
28/09/2018	0.033581515	0.125222284	5.478514843	83.07882787	0.271		25.1902778	24.5192361	7.4132639
29/09/2018	0.0501779	0.121741551	5.325217332	80.0927792	0.261		25.4079167	24.5172917	7.3676389
30/09/2018	0.017187817	0.105680098	4.549187274	80.6232872	0.238	0.3	25.1404861	24.5050694	7.3810417
01/10/2018	0.011599971	0.104878432	4.49262223	80.88443391	0.234		25.4419444	24.2905556	7.2364583
02/10/2018	0.171897562	0.175015897	7.592489496	79.82884302	0.34		25.1608333	24.1339583	7.0913889
03/10/2018	0.503184007	0.308661662	13.49835586	74.72184439	0.539		25.3767361	24.1384028	7.2429167
04/10/2018	0.69569553	0.383374921	16.79819861	72.8133562	0.651	0.4	25.1218056	24.1603472	7.0466667
05/10/2018	0.813163569	0.427366916	18.80260293	69.71429133	0.72		25.3197222	24.0375694	7.0446528
06/10/2018	0.87120626	0.479776634	21.11507087	68.91898953	0.796		25.1560417	24.1119444	7.0958333
07/10/2018	0.893994229	0.507450643	22.33493182	69.82490524	0.832		25.3180556	24.0406944	6.963125
08/10/2018	0.967567599	0.527120391	23.16523728	66.26693833	0.851	0.2	25.1156944	23.6729861	6.7302778
09/10/2018	0.959297715	0.544411721	23.92660807	67.28445912	0.876		25.1601389	23.5284028	7.031875
10/10/2018	0.999650721	0.561216307	24.73293332	66.33271989	0.898		24.8902778	23.5566667	7.3291667
11/10/2018	1.039388771	0.568876305	25.10062419	65.65418936	0.908		24.8665972	23.6529167	7.6786111
12/10/2018	0.842359558	0.512187404	22.53915666	69.29704522	0.82	0.2	24.6672917	23.7231944	7.9308333
13/10/2018	0.502512952	0.385916334	16.95741605	75.14875811	0.632		24.9860417	23.7852778	8.0996528
14/10/2018	0.300458115	0.312083991	13.66349237	78.98344102	0.523		24.7734722	23.848125	8.1315972
15/10/2018	0.171795208	0.276918707	12.10901627	81.56585139	0.473		24.6304167	23.9388889	8.1000694
16/10/2018	0.11704524	0.239204819	10.43959013	81.91299847	0.422	0.3	24.8119777	23.9247042	7.9785665
17/10/2018	0.062740095	0.213655776	9.313501421	84.11186008	0.394		25.0611111	23.9926389	7.9049306
18/10/2018	0.137404743	0.261582332	11.48248269	81.40658954	0.468		24.818125	24.0002778	7.8316667
19/10/2018	0.21223707	0.295362423	12.984759	76.25724504	0.526		24.5726389	23.9609722	7.6582639
20/10/2018	0.250918951	0.383628057	16.89916371	72.0530614	0.66	0.3	24.8388194	23.9509028	7.6197917
21/10/2018	0.297423513	0.419432786	18.34546178	68.87618623	0.706		24.9247917	23.8470139	7.4527778
22/10/2018	0.402162723	0.512288233	22.41393704	63.94045018	0.85		24.6507639	23.7128472	7.2770139
23/10/2018	0.514930544	0.580003446	25.40959543	60.71455165	0.948		24.8786111	23.3925	6.8883333
24/10/2018	0.532463262	0.648050204	28.44743264	58.21372137	1.049	0.3	24.8366667	23.1000694	6.6525
25/10/2018	0.571937625	0.670999229	29.46060964	56.18212783	1.079		24.9036111	22.83375	6.7672917
26/10/2018	0.56222992	0.683077394	29.99725513	57.64851137	1.093		24.7361111	22.8327083	6.9135417
27/10/2018	0.599779124	0.691793362	30.38128907	55.04292058	1.102		24.5723611	22.8213194	6.9674306
28/10/2018	0.564682679	0.744810634	32.70255672	57.79844216	1.19	0.4	24.4652083	22.8804861	7.1741667
29/10/2018	0.56597296	0.76519789	33.59254484	62.92553701	1.214		24.1535417	22.9373611	7.349375
30/10/2018	0.533403394	0.721740791	31.65616023	66.13917468	1.153		24.5025694	23.0679861	7.585625
31/10/2018	0.433657737	0.725441036	31.92163022	70.79639493	1.165		24.3406944	23.2229861	7.8225694
01/11/2018	0.300378179	0.645285546	28.4641838	75.08588523	1.049	0.3	24.1870474	23.2805014	7.8545265
02/11/2018	0.187670014	0.591504641	25.96005649	78.22881362	0.967		24.1675	23.2265278	7.7484722
03/11/2018	0.16499862	0.536016565	23.50462769	79.68768464	0.886		24.2968056	23.0944444	7.7238194
04/11/2018	0.186002962	0.503595427	22.07315944	77.17680588	0.848		24.4453472	23.0965972	7.8748611
05/11/2018	0.18596623	0.485622328	21.28083582	75.7156573	0.82	0.4	24.1172222	23.1822222	8.0845833
06/11/2018	0.093456279	0.487288635	21.36996052	78.37842278	0.825		24.2627083	23.3284028	8.238125
07/11/2018	-0.05287191	0.386446112	17.02517387	82.28107391	0.668		24.2634722	23.4277083	8.3500694
08/11/2018	-0.16179042	0.319787876	14.08289585	82.97560718	0.566		24.3159722	23.5014583	8.3192361
09/11/2018	-0.219632283	0.268239695	11.80822414	85.43988849	0.488	0.2	24.4621528	23.4539583	8.0159028
10/11/2018	-0.224220766	0.228018962	9.985237142	85.65661462	0.428		24.4572917	23.3733333	7.9365278
11/11/2018	-0.229141585	0.216044021	9.457355999	86.20223802	0.406		24.1375087	23.4163535	7.870842
12/11/2018	-0.225027239	0.197232024	8.728943547	82.98608079	0.39		24.1229167	23.4383333	7.7499306
13/11/2018	-0.211502364	0.1881886	8.336077099	84.64683659	0.38	0.2	24.4422222	23.535	7.6579167
14/11/2018	-0.236592483	0.183890672	8.014264551	89.21670231	0.373		24.6324306	23.4465278	7.5907639
15/11/2018	0.169192189	0.385602779	16.93133681	85.32518206	0.654		24.6940278	23.3309722	7.5717361
16/11/2018	0.583703896	0.535244433	23.53648763	77.89382256	0.876		24.8561111	23.2752083	7.4820833
17/11/2018	0.920002928	0.662309814	29.04260809	71.73853701	1.07	0.3	24.5911111	23.1574306	7.31375
18/11/2018	1.140079882	0.831342936	36.49783132	68.28544129	1.328		24.4020833	23.008125	7.2681944
19/11/2018	1.271433921	0.948878663	41.68491694	64.36907155	1.505		24.510625	23.0084028	7.2215278
20/11/2018	1.313913246	1.121171903	49.34404601	59.92262206	1.762		24.1640972	22.6239583	20.388125
21/11/2018	1.33717756	1.314364688	57.89199224	53.9886903	2.026	0.3	24.1458333	22.2394444	24.5436806
22/11/2018	1.382521805	1.504493328	66.307454	51.97657017	2.298		23.9159722	22.2333333	21.6902083
23/11/2018	1.345923949	1.6711079	73.65859781	45.75353305	2.549		23.725625	22.4751389	20.0852778
24/11/2018	1.202612089	1.843851739	81.42709381	39.62658943	2.801		23.6629167	22.9517361	19.0909028
25/11/2018	0.714759328	1.862309043	82.23734172	38.9528713	2.858	0.4	23.5645833	23.1011806	18.6377083
26/11/2018	0.249462879	1.873116566	82.71745132	39.31297991	2.876		23.6272222	23.1035417	27.0709028
27/11/2018	-0.141371986	1.882009892	83.11337039	38.12276498	2.892		23.5790972	23.7054861	24.4663194
28/11/2018	-0.635863898	1.915481193	84.5919447	37.99713317	2.948		23.52375	24.4526389	22.8279861
29/11/2018	-1.049563321	1.966793652	86.85830085	35.39370162	3.032	0.3	23.4641667	24.9826389	24.5934028
30/11/2018	-1.430562678	1.96942052	86.97613522	33.81823478	3.041		23.5190972	25.4165278	25.1472222
01/12/2018	-1.688252233	2.02500212	89.39628503	33.97949515	3.155		23.4424306	26.0967361	24.3734028
02/12/2018	-1.987423856	2.071464411	91.434489	34.35652461	3.231		23.1580556	26.8524306	23.6768056
03/12/2018	-2.308752419	2.071350801	91.44208554	32.58252598	3.232	0.4	23.2084028	27.8479167	23.0345833
04/12/2018	-2.521580939	2.120819697	93.60732912	32.70198791	3.313		22.9527083	28.6759722	26.3653472
05/12/2018	-2.425242856	2.022730669	89.27783614	30.80041281	3.161		23.0202778	35.7855556	29.8789583
06/12/2018	-2.42056177	1.990083704	87.83505261	29.9628132	3.105		23.1209028	37.1809028	27.7319444
07/12/2018	-2.613292172	2.049729262	90.4516784	29.59457236	3.195	0.4	22.9739583	36.8258333	26.0738889
08/12/2018	-2.592028504	2.053518628	90.62592325	28.37927447	3.199		23.0634028	40.4152083	31.2484028
09/12/2018	-2.455369548	2.077335175	91.68048636	28.36371823	3.218		23.053125	38.8014583	28.6342361
10/12/2018	-2.412858248	2.08982245	92.23699148	27.9463237	3.24		22.8490278	38.2113889	26.94625
11/12/2018	-2.281996916	2.048557132	90.51456228	28.18681679	3.161	0.4	22.900625	43.0002083	34.0122222
12/12/2018	-2.129774434	2.063210827	91.16914342	27.60931778	3.179		23.0833681	40.351357	30.3244259
13/12/2018	-1.982533217	2.120748969	93.68576928	29.5068373	3.269		27.1961646	39.488424	28.6089958
14/12/2018	-1.658446036	2.040367418	90.14818035	28.15553318	3.143		29.3931612	41.3941382	33.1267969
15/12/2018	-1.700648677	2.104975299	92.99139317	29.19359829	3.223	0.5	31.5838328	42.6537282	35.8982578
16/12/2018	-1.776711997	2.136341896	94.35806391	29.75066567	3.277		31.5552301	40.7414923	32.755788
17/12/2018	-1.68297176	2.095568562	92.56160766	30.34045534	3.217		31.3349791	40.0785814	30.2511127
18/12/2018	-1.685133822	2.07702814	91.73148735	30.42317471	3.182		31.2211806	39.6704861	28.358125
19/12/2018	-1.811540347	2.060707299	91.00863592	31.70736647	3.172	0.6	30.7390972	39.2847917	26.3893056
20/12/2018	-1.727168343	2.036357135	89.91948527	32.08864356	3.134		30.5870049	39.2296039	25.1410702
21/12/2018	-1.914112618	1.978378779	87.27869684	32.602374	3.058		30.4619777	39.0404596	23.8732591
22/12/2018	-2.128087735	1.893485777	83.53613422	33.07877826	2.929		30.1560585	38.8567549	22.7616992
23/12/2018	-2.141750227	1.836347279	81.01515748	33.56569981	2.836	0.7	29.9339596	38.949826	21.4029923
24/12/2018	-2.427463924	1.879461872	82.90053343	35.75472369	2.908		29.9471816	38.9588727	19.6793319
25/12/2018	-2.747825724	1.859095488	81.99440269	38.06946711	2.89		29.8944444	38.6539583	18.13875
26/12/2018	-2.927539877	1.838422165	81.08264558	41.3539228	2.853		29.6649306	38.4224306	16.8300694
27/12/2018	-3.094448455	1.81419091	80.13536219	42.94356813	2.814	1.3	29.37375	38.2259028	15.948125
28/12/2018	-3.190910055	1.787666312	78.96415138	44.01803688	2.779		29.5173974	38.2783577	15.3533055
29/12/2018	-3.272805203	1.762372631	77.83629178	45.28518118	2.739		29.2315972	38.2453472	14.8818056
30/12/2018	-2.940217991	1.737012645	76.7330307	44.47621879	2.701		29.4184722	37.9327778	14.3866667
31/12/2018	-2.698577488	1.736403754	76.71602557	43.96216994	2.699	1.3	29.4786806	37.6872222	14.0615972
01/01/2019	-2.677330356	1.781441273	78.69996706	44.74654609	2.775		29.4609028	37.2558333	13.5581944
02/01/2019	-2.700684304	1.787983129	78.98513506	44.75213796	2.788		29.4152778	36.5171528	13.3313194
03/01/2019	-2.659080072	1.766022841	78.04109712	44.9939405	2.478		29.4267223	36.2271399	12.9810717
04/01/2019	-2.531792379	1.755216949	77.5859051	44.25981669	2.44	1.4	29.3120833	35.9315972	12.2640278
05/01/2019	-2.3492455	1.780345793	78.71321554	42.51219841	2.428		29.1113889	35.4299306	11.9739583
06/01/2019	-2.105183956	1.75163832	77.28016218	41.92994157	2.39		28.971786	35.1276581	12.0859625
07/01/2019	-1.917798009	1.719121271	75.84869766	42.31429818	2.354		28.946875	34.8847917	12.1923611
08/01/2019	-1.611802792	1.72326158	76.04451416	40.79093339	2.06	1.4	28.9279167	34.2588194	12.0338194
09/01/2019	-2.131619575	1.749797808	77.18959451	43.82773335	2.003		28.9194444	33.7061806	12.2161806
10/01/2019	-2.462836641	1.768799253	77.99100929	45.89492023	1.917		28.8481944	33.419375	12.2798611
11/01/2019	-2.308651063	1.622296212	71.5131365	45.15665403	1.661		28.7975	32.9040972	12.0506944
12/01/2019	-2.25459099	1.462657841	64.49643899	46.08238125	1.389	1.3	28.6480556	32.2764583	11.8484028
13/01/2019	-2.25459099	1.462657841	64.49643899	46.08238125	1.728		28.5724306	31.6460417	11.6633333
14/01/2019	-2.25459099	1.462657841	64.49643899	46.08238125	1.728		28.4111343	31.1368824	11.5265832
15/01/2019	-2.25459099	1.462657841	64.49643899	46.08238125	1.536		28.4083333	30.5191667	11.2438889
16/01/2019	-2.517470729	1.517588315	66.90224963	51.40645792	1.209	1.5	28.325625	30.0672917	11.0532639
17/01/2019	-99.99	-99.99	-99.99	-99.99			28.1345833	29.6018056	10.965625
18/01/2019	-99.99	-99.99	-99.99	-99.99			28.0640278	29.151875	10.7849306
19/01/2019	-99.99	-99.99	-99.99	-99.99			27.9533333	28.7051389	10.5760417
20/01/2019	-99.99	-99.99	-99.99	-99.99		1.5	27.7427778	28.1856944	10.3702778
21/01/2019	-99.99	-99.99	-99.99	-99.99			27.5217361	27.6117361	10.1178472
22/01/2019	-99.99	-99.99	-99.99	-99.99			27.496875	27.029375	9.8953472
23/01/2019	-99.99	-99.99	-99.99	-99.99			27.3504167	26.5408333	9.5689583
24/01/2019	-99.99	-99.99	-99.99	-99.99		1.4	27.2410417	26.0386111	9.4494444
25/01/2019	-99.99	-99.99	-99.99	-99.99			27.0650694	25.7283333	9.2786806
26/01/2019	-99.99	-99.99	-99.99	-99.99			26.8766017	25.3810585	9.1027159
27/01/2019	-99.99	-99.99	-99.99	-99.99			26.7128472	25.1015278	8.9514583
28/01/2019	-0.227792138	0.781348974	33.05441804	81.80978468	0.836	1.4	26.5135417	24.8301389	8.710625
29/01/2019	-0.227792138	0.781348974	33.05441804	81.80978468	0.586		26.5236111	24.4739583	8.6878472
30/01/2019	-0.227792138	0.781348974	33.05441804	81.80978468	0.586		26.2447222	24.2629861	8.491875
31/01/2019	-0.227792138	0.781348974	33.05441804	81.80978468	0.586		26.0059028	24.0979861	8.4365278
01/02/2019	-0.227792138	0.781348974	33.05441804	81.80978468	0.586	1.3	25.7647228	23.7745324	8.2627338
02/02/2019	-0.227792138	0.781348974	33.05441804	81.80978468	0.586		25.6257302	23.5849791	8.1891516
03/02/2019	-0.227792138	0.781348974	33.05441804	81.80978468	0.586		25.5454167	23.3026389	8.1089583
04/02/2019	-0.227792138	0.781348974	33.05441804	81.80978468	0.586		25.3895139	23.2111111	7.9870833
05/02/2019	-0.227792138	0.781348974	33.05441804	81.80978468	0.551	1	25.4943056	22.9213889	7.8225694
06/02/2019	-0.094617179	0.598929148	25.69346304	91.30513804	0.598		25.4721528	22.69875	7.7472222
07/02/2019	-0.107659964	0.350158494	15.41187194	97.2848608	0.412		25.3345139	22.5092361	7.7347917
08/02/2019	-0.17637648	0.30165087	13.27707827	95.1739604	0.486		25.2059028	22.3578472	7.6645833
09/02/2019	-0.156490527	0.278658295	12.26418869	93.38418645	0.468	1.6	24.9063158	22.1851228	7.5556491
10/02/2019	-0.172616499	0.278794266	12.26728768	93.83116422	0.468		24.6571528	22.02375	7.4661806
11/02/2019	-0.116630365	0.270183989	11.88868481	91.25021553	0.459		24.7124036	21.9081289	7.4199019
12/02/2019	-0.112147952	0.263263482	11.53528289	91.4865571	0.449		24.6287204	21.7944367	7.3428373
13/02/2019	-0.090514325	0.26184207	11.47483281	90.99748646	0.448	1.1	24.654375	21.6274306	7.2
14/02/2019	-0.079137802	0.27004532	11.83576226	91.30682059	0.461		24.4014593	21.4734538	7.1111188
15/02/2019	-0.085776999	0.268579749	11.77393834	92.35637755	0.465		24.3003484	21.416446	7.1662718
16/02/2019	0.049698827	0.330908069	14.41278821	89.99803608	0.558		24.2944444	21.3565278	7.1608333
17/02/2019	0.077296511	0.359403022	15.66972759	89.81016986	0.6	1	24.3580959	21.1820709	7.1460042
18/02/2019	0.110190782	0.389693397	17.00478005	89.46120854	0.646		24.1445758	21.1605007	7.1319889
19/02/2019	0.158805568	0.403292323	17.60559529	87.44096129	0.666		24.2427778	21.1302083	7.1338194
20/02/2019	0.26531319	0.460922058	20.11726087	85.63979736	0.751		24.1899861	21.0229485	6.9794159
21/02/2019	0.261175943	0.47201445	20.6026992	86.43975588	0.77	0.7	24.1822222	20.7715972	6.7534028
22/02/2019	0.275591451	0.478875296	20.93813326	86.50702111	0.779		24.2501389	20.4871528	6.8190278
23/02/2019	0.278418939	0.486208918	21.07166688	86.80835596	0.781		24.178125	20.4970833	7.081875
24/02/2019	0.273840768	0.479047544	20.73322682	86.96109412	0.764		24.0810848	20.333936	7.1070236
25/02/2019	0.310682401	0.472462746	20.37065825	80.95079604	0.745	0.6	23.9410453	20.2809756	7.0606272
26/02/2019	0.203656486	0.386536523	16.53042765	81.10836181	0.625		24.05762	20.2076548	7.1344468
27/02/2019	0.472458434	0.469749427	20.19354598	77.95679677	0.753		23.8413074	20.2222531	7.0876912
28/02/2019	0.891242913	0.632049864	27.33782242	75.34225092	1		23.75	20.2049306	6.9970139
01/03/2019	1.140885177	0.777774063	33.73789087	74.99333104	1.217	0.6	23.6002778	20.2307639	6.9754167
02/03/2019	1.215737187	0.855261074	37.15914844	73.68768034	1.327		23.6170833	20.2242361	6.7498611
03/03/2019	1.213658309	0.957342291	41.64368493	72.20382155	1.48		23.7318056	20.1475	6.7697917
04/03/2019	1.183592693	1.025149868	44.62645586	70.46952554	1.584		23.7317361	20.1140972	6.6765972
05/03/2019	1.13195115	1.091475445	47.73578239	68.76227481	1.695	0.5	23.7682841	19.8080169	14.4552039
06/03/2019	1.101050269	1.141120878	49.94771574	66.9892779	1.776		23.7779861	19.7449306	16.3958333
07/03/2019	1.135382212	1.189956084	52.16774984	71.07037535	1.853		23.8859722	19.8222222	15.9155556
08/03/2019	1.065861684	1.227177449	53.96650806	72.15656248	1.906		23.8952083	19.8674306	15.0071528
09/03/2019	0.775847225	1.121479456	49.31320507	74.70909399	1.743	0.5	23.9387769	19.9299514	13.7667825
10/03/2019	0.325704588	0.944595602	41.52496635	78.36106914	1.471		23.8938022	19.9366992	12.5688719
11/03/2019	0.049508962	0.79651894	35.01792587	79.61123111	1.252		23.8892361	20.0461806	11.6003472
12/03/2019	-0.12062936	0.667394065	29.34652072	82.33644619	1.066		23.835	20.1877778	11.0134722
13/03/2019	-0.102914667	0.566297754	24.87825759	84.35471802	0.913	0.3	23.7029861	20.2493056	10.5861806
14/03/2019	-0.042021596	0.502364997	22.06396188	85.79749549	0.819		23.7031944	20.2140278	10.1935417
15/03/2019	-0.008240812	0.431820274	18.95840378	87.87451569	0.712		23.7371091	20.1768589	9.8936067
16/03/2019	0.051174682	0.383928877	16.777209	89.14751336	0.637		23.7786806	20.1959722	9.5668056
17/03/2019	0.029100184	0.338505937	14.77949957	89.27014696	0.577	0.5	23.6843056	20.2699306	9.2821528
18/03/2019	0.044340373	0.30085845	13.12396169	89.85257112	0.519		23.5973611	20.2704861	8.9552083
19/03/2019	0.069824827	0.287185791	12.37615762	90.01691804	0.499		23.5855641	20.2741416	8.6730203
20/03/2019	0.108020166	0.277133825	11.93030384	88.10558743	0.487		23.5194019	20.2148122	8.361822
21/03/2019	0.123399596	0.275738775	11.86468936	89.44863093	0.485	0.4	23.5764296	20.2190377	8.1672943
22/03/2019	0.133686399	0.260384871	11.19017474	89.10837932	0.464		23.5694986	20.243663	8.0128134
23/03/2019	0.09511681	0.243432296	10.47293671	89.86824445	0.444		23.6437413	20.1642559	7.8073018
24/03/2019	0.055316085	0.225949928	9.704998382	89.88525018	0.42		23.7840972	20.1704861	7.7694444
25/03/2019	0.080541881	0.221839549	9.524821976	88.4992912	0.416	0.4	23.7244243	20.1087927	7.6495464
26/03/2019	0.326019729	0.330068028	14.36319079	85.98395218	0.583		23.5272601	20.114395	7.5853268
27/03/2019	0.330972975	0.362038392	15.77254681	85.85786008	0.622		23.5788889	20.0772917	7.3865278
28/03/2019	0.362880907	0.374125457	16.3039834	84.32103642	0.641		23.6022917	19.9278472	7.2422917
29/03/2019	0.351150656	0.378445166	16.62468966	84.63410853	0.652	0.3	23.6163649	19.9382312	7.1735376
30/03/2019	0.341510955	0.367050531	16.12576552	85.60783084	0.635		23.6205575	19.8289199	6.9649477
31/03/2019	0.310789726	0.349562736	15.36121707	84.48136635	0.609		23.4032639	19.6288889	6.8279167
01/04/2019	0.335533254	0.351402572	15.44360249	84.39348879	0.612		23.5259722	19.54	7.1092361
02/04/2019	0.347835729	0.347187822	15.24884715	83.32875462	0.605	0.4	23.5742361	19.5665278	7.240625
03/04/2019	0.333269733	0.34612328	15.20148311	82.27867949	0.601		23.5025	19.5889583	7.3776389
04/04/2019	0.352205667	0.357699959	15.71021026	82.4845944	0.616		23.5127437	19.5475627	7.2288301
05/04/2019	-99.99	-99.99	-99.99	-99.99	0.428		23.5269499	19.4119081	7.014415
06/04/2019	-99.99	-99.99	-99.99	-99.99	0.366	0.5	23.42125	19.2061111	6.9058333
07/04/2019	-99.99	-99.99	-99.99	-99.99	0.345		23.2284028	19.16125	6.87
08/04/2019	-99.99	-99.99	-99.99	-99.99	0.319		23.3035417	19.2169444	6.8534028
09/04/2019	-99.99	-99.99	-99.99	-99.99	0.322		23.4088889	19.2089583	6.8195139
10/04/2019	-99.99	-99.99	-99.99	-99.99	0.334	0.4	23.4355556	19.2100694	6.7298611
11/04/2019	-99.99	-99.99	-99.99	-99.99	0.305		23.4393056	19.1875694	6.6345139
12/04/2019	-99.99	-99.99	-99.99	-99.99	0.184		23.4535417	19.1261806	6.5502778
13/04/2019	-99.99	-99.99	-99.99	-99.99	0.166		23.5169916	19.1385097	6.4641365
14/04/2019	-99.99	-99.99	-99.99	-99.99	0.225	0.7	23.5383333	19.0656944	6.39625
15/04/2019	-99.99	-99.99	-99.99	-99.99	0.235	0.3	23.4438194	18.8995833	6.2919444
16/04/2019	-99.99	-99.99	-99.99	-99.99	0.286		23.2640278	18.9002778	6.3325694
17/04/2019	-99.99	-99.99	-99.99	-99.99	0.496		23.2613398	18.8954672	6.2990934
18/04/2019	-99.99	-99.99	-99.99	-99.99	0.676		23.2741643	18.8584262	6.1488858
19/04/2019	-99.99	-99.99	-99.99	-99.99	0.982	0.4	23.2377871	18.7761308	6.0622825
20/04/2019	-99.99	-99.99	-99.99	-99.99	1.097		23.0226323	18.7820334	6.0966574
21/04/2019	1.729695999	0.90083633	41.60314266	43.64039961	1.292		22.94242	18.7059805	6.0089708
22/04/2019	1.928680717	1.014513032	48.12574345	41.46545259	1.569		22.9491301	18.4888657	5.8345164
23/04/2019	2.188706043	1.220098246	57.20631971	38.36928057	1.879	0.3	23.1698955	18.1580488	5.7310801
24/04/2019	2.399636709	1.423156587	66.16214692	35.8337117	2.18		22.7380056	18.0029289	17.388145
25/04/2019	2.556032837	1.602907074	74.09209149	33.57988983	2.448		22.6108787	17.8970014	21.9444212
26/04/2019	2.472518109	1.76932142	81.44258602	31.50926952	2.687		22.4894774	17.841115	22.7078049
27/04/2019	2.18796913	1.855419725	85.22565287	31.00024194	2.822	0.4	22.3933844	17.8263744	25.3398747
28/04/2019	1.86287482	1.863183827	85.77334576	31.72087264	2.845		22.3256089	17.7969381	23.4687543
29/04/2019	1.234761224	1.766616511	80.46590944	31.92623377	2.699		22.2653472	17.9339583	21.3049306
30/04/2019	0.618379545	1.755226328	79.95875462	34.10273656	2.681		22.276875	17.9249306	19.9177778
01/05/2019	0.116501084	1.734178993	78.14622675	33.86407547	2.653	0.3	22.3488194	17.9495139	19.0185417
02/05/2019	-0.388744359	1.639013695	72.24911638	36.15797353	2.541		22.3899306	18.0794444	17.9555556
03/05/2019	-0.755868463	1.529857079	67.44824397	37.5324737	2.371		22.1938846	18.1017373	16.7559416
04/05/2019	-1.105808753	1.404168284	61.90713082	37.51514586	2.177		22.1693436	18.0463687	15.527514
05/05/2019	-1.436110984	1.297013787	57.17990776	37.44629294	2.01	0.7	22.1331633	17.9986395	14.6161565
06/05/2019	-1.480723479	1.192711416	52.57214647	38.1795837	1.866		-99.99	-99.99	-99.99
07/05/2019	-1.431693356	1.108838772	48.89437896	38.62397734	1.734		-99.99	-99.99	-99.99
08/05/2019	-1.457994595	1.046926951	46.16748984	40.19732778	1.641		-99.99	-99.99	-99.99
09/05/2019	-1.402216756	1.012799833	44.65992681	41.37137857	1.589	0.3	-99.99	-99.99	-99.99
10/05/2019	-1.423530183	0.975007346	42.99043521	43.12220739	1.535		-99.99	-99.99	-99.99
11/05/2019	-1.334566499	0.85412374	37.65871262	44.02613776	1.351		-99.99	-99.99	-99.99
12/05/2019	-1.267742192	0.79662829	35.12543487	43.78593468	1.265		-99.99	-99.99	-99.99
13/05/2019	-1.124827218	0.856367053	37.91407217	41.86070521	1.356	0.3	-99.99	-99.99	-99.99
14/05/2019	-0.916112709	0.885441006	39.21476357	40.145746	1.4		-99.99	-99.99	-99.99
15/05/2019	-0.787118197	0.893910181	39.59681852	40.08313768	1.414		-99.99	-99.99	-99.99
16/05/2019	-0.717526624	0.891596919	39.49507773	38.9961852	1.41		-99.99	-99.99	-99.99
17/05/2019	-0.683027052	0.845498783	37.45859458	38.1090533	1.341	0.2	-99.99	-99.99	-99.99
18/05/2019	-0.556290951	0.906912366	40.09899499	36.4126506	1.426		-99.99	-99.99	-99.99
19/05/2019	-0.486931264	0.988721094	43.71936653	36.28082534	1.546		-99.99	-99.99	-99.99
20/05/2019	-0.382898984	1.00703726	44.54458363	33.58304918	1.57		-99.99	-99.99	-99.99
21/05/2019	-0.309151595	1.06313029	47.03692112	32.23214244	1.653	0.7	-99.99	-99.99	-99.99
22/05/2019	-0.375482727	1.105429458	48.91356975	31.35217036	1.713		-99.99	-99.99	-99.99
23/05/2019	-0.453341887	0.992315635	43.78002437	30.69271314	1.539		-99.99	-99.99	-99.99
24/05/2019	-0.597106452	0.936420893	41.30247197	32.32102058	1.452		-99.99	-99.99	-99.99
25/05/2019	-0.651187391	0.909532994	40.11016933	34.69761907	1.41	0.5	-99.99	-99.99	-99.99
26/05/2019	-0.696629437	0.861322293	37.9841172	34.15866783	1.336		-99.99	-99.99	-99.99
27/05/2019	-0.66216767	0.873738933	38.53083109	36.70770896	1.353		-99.99	-99.99	-99.99
28/05/2019	-0.474435572	0.882977429	39.11293612	37.89114254	1.35		-99.99	-99.99	-99.99
29/05/2019	-0.320158099	0.89688354	39.51268318	36.50298981	1.364	0.9	-99.99	-99.99	-99.99
30/05/2019	-0.208825258	0.940200648	41.42756079	36.05576589	1.432		-99.99	-99.99	-99.99
31/05/2019	-0.060405489	0.903094684	39.78931479	34.67929234	1.374		-99.99	-99.99	-99.99
01/06/2019	0.096043283	0.956081424	42.51786501	33.07140239	1.456		21.9475472	18.7187421	10.0796226
02/06/2019	0.091619174	1.053844478	46.84078317	32.87369103	1.607	0.8	21.8409312	18.7035441	17.4790827
03/06/2019	0.043207237	1.148290914	51.01109335	31.71680877	1.754		21.961324	18.5177003	25.7577003
04/06/2019	0.249347624	1.156625964	51.39404546	26.65264749	1.766		21.9525	18.4841667	22.9747222
05/06/2019	0.38485954	1.189468412	52.85869184	24.37435622	1.815		21.7494093	18.4251564	21.2640723
06/06/2019	0.265353218	1.223311993	54.3666464	20.56722786	1.867	0.2	21.6711605	18.3864489	23.60959
07/06/2019	0.040676836	1.164750252	51.68908317	17.99199735	1.799		21.5597222	18.3936806	23.3730556
08/06/2019	-0.314360733	1.110357056	49.50117912	17.53238476	1.727		21.4184722	18.5009028	21.7967361
09/06/2019	-0.555359785	1.0539728	47.00754641	17.35036159	1.639		21.5068198	18.5346555	20.4189283
10/06/2019	-0.87476287	1.060222905	47.28051609	18.72912407	1.649	0.2	21.4285017	18.3015331	19.5087108
11/06/2019	-1.19720599	1.02841618	45.48402796	19.68221122	1.6		21.4784819	18.3385097	19.0442897
12/06/2019	-1.389921813	1.009173481	44.62737675	21.54036352	1.57		21.3052192	18.4851079	18.3890049
13/06/2019	-1.408020154	0.921312249	40.75143075	20.47230658	1.434		21.2481944	18.6048611	17.5109028
14/06/2019	-1.774856375	0.942297688	41.46702978	22.22516583	1.46	0.3	21.33	18.7332639	16.4952778
15/06/2019	-1.994169254	0.9534098	41.94318976	24.66398482	1.479		21.4216667	18.7234722	15.4617361
16/06/2019	-1.864722547	0.88808194	39.05346831	24.63641883	1.378		21.3950694	18.8210417	14.7448611
17/06/2019	-1.956635358	0.893305824	39.27763729	27.91342769	1.386		21.3340972	18.8915278	14.0050694
18/06/2019	-1.87301886	0.874509777	38.44295886	29.41861366	1.359	0.2	21.4957521	18.9685237	13.0827298
19/06/2019	-1.773895947	0.854422967	37.54991251	30.29814774	1.327		21.4675	18.940625	12.5195139
20/06/2019	-1.611742536	0.807673711	35.48009145	29.85913123	1.256		21.5	19.0438889	11.84375
21/06/2019	-1.380836528	0.733191177	32.19115521	29.92520217	1.142		21.5	18.9940972	11.3102778
22/06/2019	-1.180596751	0.635877481	27.86926015	28.5881332	0.991	0.2	21.5	18.9866388	11.1595685
23/06/2019	-1.170876234	0.61165592	26.7983971	30.64808065	0.954		21.4457143	19.1709408	10.8779094
24/06/2019	-1.036246195	0.588099633	25.95477915	33.90668273	0.925		21.4126389	19.3402778	10.5113889
25/06/2019	-0.934578257	0.563302187	24.8581089	35.11512015	0.887		21.5965278	19.375	9.9795139
26/06/2019	-0.968219385	0.58000532	25.58627046	39.00379939	0.919	0.3	21.6193056	19.2015972	9.7539583
27/06/2019	-0.850575582	0.542276261	23.91598205	39.16178853	0.87		21.6457639	19.2079167	9.521875
28/06/2019	-0.732797375	0.471625406	20.79904765	38.19214612	0.761		21.6097222	19.1852778	9.3445139
29/06/2019	-0.684180444	0.458255379	20.20864523	40.5181204	0.742		21.4525694	19.1990972	9.3184028
30/06/2019	-0.667202171	0.461129387	20.33150977	43.68167309	0.749	0.3	21.4001389	19.289375	9.1648611
01/07/2019	-0.58604739	0.443973833	19.49809311	44.76786219	0.72		21.5377778	19.3139583	9.0263194
02/07/2019	-0.529408065	0.432398352	19.00933571	45.96611636	0.708		21.6422917	19.3983333	8.8684722
03/07/2019	-0.439973611	0.419756483	18.32534493	47.80881951	0.688		21.6919444	19.31375	8.5619444
04/07/2019	-0.332586883	0.380309479	16.58256098	48.02030685	0.633	1.2	21.6990278	19.2611111	8.3645139
05/07/2019	-0.268144287	0.346046087	15.07091627	48.309182	0.582		21.6021528	19.3086111	8.3301389
06/07/2019	-0.212461551	0.32058039	13.94911462	48.67196914	0.541		21.5774306	19.3874306	8.1924306
07/07/2019	-0.197127894	0.300144689	12.97834564	50.13628912	0.5		21.5509028	19.3065278	7.8888194
08/07/2019	-0.174878736	0.287599661	12.42342678	50.24449656	0.482	1.1	21.6979833	19.2376217	7.9205146
09/07/2019	-0.09062917	0.253415675	10.91484931	49.91303815	0.433		21.7613194	19.3988889	7.8997222
10/07/2019	-0.05278286	0.233130244	10.02097623	48.43914832	0.403		21.7991661	19.3835997	7.6958999
11/07/2019	-0.056883491	0.22105365	9.563032555	48.58932796	0.389		21.7240278	19.3215972	7.5717361
12/07/2019	-0.029523461	0.210984165	9.120276252	48.56346911	0.376	1.1	21.7579861	19.4035417	7.5821528
13/07/2019	0.013689478	0.223733984	9.571942702	47.7127414	0.376		21.8159028	19.3059028	7.4211111
14/07/2019	0.030012715	0.210930691	9.010861135	46.96866613	0.354		21.8870833	19.1813889	7.3151389
15/07/2019	0.053099516	0.202167119	8.625989153	46.09698915	0.336		21.6112735	19.195755	7.2195546
16/07/2019	0.044412745	0.201992692	8.616301339	46.35104731	0.337	1.2	21.5007655	19.1082116	7.0888657
17/07/2019	0.055731071	0.193666965	8.319985388	44.15592029	0.33		21.557312	19.0410864	6.9681058
18/07/2019	0.018717615	0.207990672	8.950997068	47.43700994	0.349		21.5829861	18.9602778	7.0545833
19/07/2019	0.002106135	0.211257811	9.094142605	47.27569831	0.351		21.5938194	19.0146528	7.0866667
20/07/2019	-0.013318465	0.218013438	9.388228227	50.51107538	0.363	0.9	21.555	18.9305556	7.0182639
21/07/2019	-0.042123739	0.230061559	9.918182372	53.49089099	0.381		21.2329167	18.9852778	7.0866667
22/07/2019	-0.068150103	0.232406605	10.01973042	55.41609989	0.385		21.1756606	19.0600139	6.9381085
23/07/2019	-0.077357523	0.196511408	8.667813906	55.04590929	0.358		21.2215031	19.0005567	6.9894224
24/07/2019	-0.091381679	0.187629693	8.232573101	55.01068565	0.342	0.5	21.3586111	19.125625	6.924375
25/07/2019	-0.059247205	0.180597537	7.922379812	54.15656329	0.331		21.3193593	19.0705637	6.9069589
26/07/2019	0.075921835	0.202759112	8.869018657	49.96240836	0.359		21.363125	19.1346528	6.9184028
27/07/2019	0.249223593	0.294919373	12.93576883	49.86294073	0.497		21.5706944	19.0581944	6.7420139
28/07/2019	0.361561162	0.30496804	13.37982899	47.5420304	0.52	0.7	21.5618056	18.9599306	6.6022917
29/07/2019	0.435349958	0.403418676	17.82288508	49.12733538	0.661		21.4102778	18.9046528	6.5560417
30/07/2019	0.462727954	0.444641472	19.64686225	48.76639805	0.721		21.4018056	18.9275694	6.4713194
31/07/2019	0.478420839	0.465704784	20.44996382	48.72576086	0.746		21.4581476	18.8625348	6.3951253
01/08/2019	0.466593807	0.487556348	21.41135066	49.77008271	0.775	0.5	21.564375	18.7345139	6.4288889
02/08/2019	0.492758145	0.489707799	21.50596521	51.08818805	0.778		21.5050694	18.72125	6.5568056
03/08/2019	0.513775874	0.501192391	22.05529888	52.67601087	0.797		21.2936806	18.6904167	6.7289583
04/08/2019	0.456849602	0.499985802	22.01401271	57.52451447	0.803		21.2915972	18.6954167	6.9528472
05/08/2019	0.353343813	0.462466891	20.39271199	60.53951722	0.75	0.6	21.5847917	18.8859722	7.2334028
06/08/2019	0.22237189	0.362268134	15.97271556	60.44011728	0.597		21.623697	19.0216122	7.3567755
07/08/2019	0.144388602	0.335483103	14.74778032	62.8437448	0.549		21.6025766	19.0889276	7.3517409
08/08/2019	0.073375516	0.228324286	9.92089964	63.20829674	0.4		21.6625694	19.0584722	7.1724306
09/08/2019	0.086103173	0.169003693	7.30180288	59.91573181	0.311	0.2	21.665	19.0175	7.0556944
10/08/2019	0.105156505	0.135997412	5.973531434	57.13916272	0.266		21.66375	18.9553472	6.863125
11/08/2019	0.148779193	0.108393112	4.75924793	54.50631802	0.224		21.6380654	18.9270007	6.706263
12/08/2019	0.143421639	0.098477944	4.321516993	53.06440546	0.207		21.327627	18.7751566	6.6500348
13/08/2019	0.148372896	0.082418838	3.612126957	51.42663332	0.185	0.5	21.4322222	18.8229167	6.6871528
14/08/2019	0.213351951	0.079377286	3.448704962	46.18225171	0.174		21.5075694	18.8565278	6.5171528
15/08/2019	0.224906464	0.077592652	3.370665867	45.63054172	0.171		21.532707	18.5940153	6.2738344
16/08/2019	0.175468608	0.076961518	3.341472123	48.10673914	0.175		21.5188587	18.5000696	6.3394572
17/08/2019	0.182999977	0.074080012	3.256466087	46.81603807	0.176	0.4	21.3349306	18.4855556	6.2720139
18/08/2019	0.149322795	0.074625438	3.248232922	47.78921544	0.176		21.4676389	18.485	6.1389583
19/08/2019	0.131661751	0.07288224	3.169973849	50.16138736	0.178		21.4665972	18.4545139	6.0518056
20/08/2019	0.16097634	0.129488724	5.675988587	54.07635103	0.269		21.493737	18.3546973	6.1562283
21/08/2019	0.127237713	0.134016104	5.873386323	58.07107776	0.282	0.2	21.2382046	18.4727905	6.2562978
22/08/2019	0.130089169	0.135558952	5.94063102	58.29282384	0.285		21.1987456	18.5535889	6.2159582
23/08/2019	0.107672164	0.147131954	6.451563902	60.35337594	0.301		21.2749826	18.6192495	6.3695622
24/08/2019	0.064893469	0.146769007	6.450275548	62.24157975	0.304		21.4788889	18.6654167	6.2195139
25/08/2019	0.054958255	0.140613076	6.177596132	62.41680156	0.3	0.5	21.4120474	18.6456825	6.1692201
26/08/2019	0.132263918	0.171710948	7.521071797	60.45670562	0.344		21.3686806	18.6646528	6.1547222
27/08/2019	0.407651114	0.311865514	13.71151421	59.82691644	0.555		21.3176389	18.6834722	6.1250694
28/08/2019	0.787856171	0.503506628	22.21747295	55.69125028	0.847		21.329375	18.675	6.12125
29/08/2019	1.016106403	0.627593968	27.70794729	51.61246017	1.027	0.4	21.4603472	18.7569444	6.0254167
30/08/2019	1.163113193	0.671249905	29.6350536	46.05700992	1.09		21.6757639	18.6811111	5.9802083
31/08/2019	1.311244414	0.736061616	32.50551132	40.1639594	1.181		21.6363194	18.6065278	5.8793056
01/09/2019	1.347766467	0.837313925	36.97509121	40.34051607	1.332		21.2107939	18.4405989	10.5382312
02/09/2019	1.440708859	0.88027519	38.87767236	35.93720668	1.393	0.5	21.3169916	18.1905292	22.6585655
03/09/2019	1.495756384	0.925701972	40.89088416	33.55727064	1.454		21.2295549	18.0833797	20.2481224
04/09/2019	1.443719374	1.001033424	44.21734071	32.02098118	1.562		21.0794444	18.0329167	19.1817361
05/09/2019	1.323200177	1.033089733	45.66521704	30.82357801	1.609		21.153125	18.0501389	18.3031944
06/09/2019	0.912517834	0.995376773	44.00197419	30.30898906	1.548	0.2	20.9748086	18.1412665	17.5997216
07/09/2019	0.450150346	0.901918504	39.94681994	32.47415267	1.406		21.015299	18.2454103	16.500904
08/09/2019	0.08817413	0.858607533	38.1071945	36.4938984	1.346		21.1612701	18.0485694	15.4352408
09/09/2019	-0.202093386	0.839924376	37.26504924	40.48081244	1.32		20.9052778	18.1400694	14.8529861
10/09/2019	-0.401707943	0.843489071	37.40728636	44.62589805	1.328	0.2	20.9195833	18.1298611	14.20375
11/09/2019	-0.491428895	0.805658475	35.73425425	47.14292256	1.273		21.0982639	18.1910417	13.71625
12/09/2019	-0.623805786	0.798010989	35.38838306	52.22884513	1.265		21.0997917	18.4519444	13.2556944
13/09/2019	-0.676470219	0.792938623	35.15331536	55.15184457	1.261		21.0876389	18.6938194	12.5072917
14/09/2019	-0.690482187	0.761121211	33.7456567	60.49442793	1.212	0.1	20.9489583	18.79375	11.6949306
15/09/2019	-0.674434178	0.725422748	32.16477651	64.96812325	1.162		21.2276389	18.9775694	11.0336111
16/09/2019	-0.590471106	0.649327213	28.79887264	68.18396878	1.049		21.20875	19.0695833	10.3959028
17/09/2019	-0.504789562	0.567885386	25.11708974	69.42560327	0.926		21.1227778	19.0865972	9.8872222
18/09/2019	-0.375052234	0.508547151	22.41175555	70.09265349	0.833	0.3	21.1611266	19.0850487	9.4463143
19/09/2019	-0.285634413	0.424632592	18.71631618	69.55469317	0.706		21.2615331	19.0526132	9.0556794
20/09/2019	-0.256010616	0.380382156	16.76798815	70.26595502	0.587		21.3538248	19.0640473	8.7403338
21/09/2019	-0.249887443	0.343598534	15.1467256	70.06989537	0.529		21.158125	19.0538889	8.4019444
22/09/2019	-0.219063356	0.320192061	14.11403337	68.87039179	0.466	0.4	21.0479861	19.04	8.1714583
23/09/2019	-0.239251462	0.294541069	12.98160759	72.57840614	0.438		21.1997222	19.0611111	7.9739583
24/09/2019	-0.185676674	0.26263479	11.57016544	71.79068519	0.412		21.2002778	18.960625	7.6354167
25/09/2019	-0.134850349	0.246504709	10.85462516	72.26413426	0.4		21.2134685	18.8884226	7.4900868
26/09/2019	-0.015637749	0.2985625	12.8356156	71.74327068	0.447	0.5	21.2596528	18.8461111	7.3459722
27/09/2019	0.156445971	0.352044268	15.2049559	69.09333101	0.503		21.3938151	18.7220292	7.0974983
28/09/2019	0.151182893	0.372276467	16.09847697	69.47708921	0.527		21.4032639	18.7843056	7.2179861
29/09/2019	0.12496394	0.392433698	16.98854526	72.34908325	0.55		21.5229167	18.9461806	7.1247917
30/09/2019	0.193067984	0.420781224	18.28795504	67.27563905	0.646	0.2	21.4645139	19.0307639	6.8663194
01/10/2019	0.330133156	0.516195975	22.38531441	63.6659745	0.768		21.4189583	19.0336111	6.7406944
02/10/2019	0.329282521	0.555941736	24.1818697	65.15318529	0.883		21.3011806	18.7366667	6.3281944
03/10/2019	0.34391446	0.577482959	25.13356345	66.31076734	0.916		21.4072222	18.6305556	6.5655556
04/10/2019	0.496338902	0.668244012	29.14360728	64.08271719	1.047	0.5	21.4755556	18.6565278	6.7253472
05/10/2019	0.715149365	0.829473978	36.27587613	59.34538664	1.285		21.4180556	18.6309028	6.5618056
06/10/2019	1.018598119	0.95252365	41.95043576	54.63686996	1.486		21.1170139	18.45375	6.3533333
07/10/2019	1.271965961	1.115049519	49.14606401	52.29386875	1.739		21.160334	18.3052888	6.5574113
08/10/2019	1.474669599	1.283571352	56.60777967	47.88184842	1.996	0.6	21.3277778	18.5730556	6.871875
09/10/2019	1.721873892	1.415688555	62.45436788	41.91657712	2.197		21.2122222	18.643125	6.9909028
10/10/2019	1.75605864	1.569387895	69.23085319	42.17202022	2.436		21.1815972	18.4240278	12.5834028
11/10/2019	1.604553639	1.659167881	73.42666935	42.68057834	2.591		21.2490972	18.0747917	22.6643056
12/10/2019	1.759928799	1.741020116	76.80037647	36.78793326	2.699	1.3	21.1433634	17.9753301	24.7407227
13/10/2019	1.717772176	1.833099826	80.56838485	28.90507556	2.824		21.1073868	17.934007	27.2513589
14/10/2019	1.377167339	1.883587212	82.76674477	24.69227538	2.897		20.9901389	17.990625	25.1069444
15/10/2019	1.149733106	1.981980924	87.09536942	24.75869185	3.041		20.9115278	18.0522222	23.5859028
16/10/2019	0.811600874	1.998714507	87.81064042	24.91884092	3.067	0.7	20.9264767	18.34246	22.2747047
17/10/2019	0.417674465	1.96415405	86.24899763	24.34652543	3.016		20.8759722	18.4156944	24.5724306
18/10/2019	0.057667948	1.970541484	86.50630696	26.04528394	3.026		20.8069444	18.1060417	29.2683333
19/10/2019	-0.344673231	2.046050731	89.84096638	25.9875307	3.143		20.6672006	18.516922	29.9013231
20/10/2019	-0.628049828	2.054945838	90.24693396	25.629968	3.156	1.3	20.6366481	21.7527816	27.3198887
21/10/2019	-0.871394714	2.137997621	94.0336714	25.34986337	3.28		20.8562674	23.5277159	25.6029248
22/10/2019	-1.212477643	2.238460398	98.93002925	26.57222063	3.455		20.9847387	24.1739373	24.0803484
23/10/2019	-1.334517718	2.332369983	103.2447739	29.02772323	3.608		20.9986111	24.4239583	22.9272222
24/10/2019	-1.190716268	2.37281611	105.0529782	30.44732472	3.668	1	20.8037526	24.594788	29.0722724
25/10/2019	-1.328271171	2.284237394	101.1487871	29.35253834	3.533		20.7954007	27.3112892	30.6122648
26/10/2019	-1.366219876	2.280721435	101.0059832	29.16243064	3.52		20.6684722	29.3661111	30.5774306
27/10/2019	-1.499918435	2.310010114	102.3119891	29.85680262	3.563		20.8902778	29.47375	28.4304167
28/10/2019	-1.497193481	2.282512163	101.1045522	28.46097778	3.52	1.7	20.9999306	29.2909028	26.6990278
29/10/2019	-1.44046365	2.266370759	100.3765075	29.33650299	3.495		20.999375	29.0361111	25.2036111
30/10/2019	-1.581890845	2.303209392	101.9878943	29.11401635	3.553		21	28.7934028	23.9604167
31/10/2019	-1.578733228	2.233948565	98.70422523	28.02603073	3.45		20.9998611	28.548125	23.5297917
01/11/2019	-1.691524973	2.183335896	96.23125732	27.4828225	3.373	1.4	21	28.3576389	23.4
02/11/2019	-1.709305522	2.115916349	93.37903675	26.72534835	3.277		21	28.1455687	23.0219819
03/11/2019	-1.96201449	2.109810437	93.11555186	27.11686538	3.274		20.9999304	27.9524704	22.5075852
04/11/2019	-2.136457366	2.101667055	92.74700166	28.26245235	3.271		21	27.7379694	24.5554937
05/11/2019	-2.387850424	2.053277112	90.60159714	29.23566128	3.204	1.6	21.0027778	27.7320833	23.395625
06/11/2019	-2.518621096	2.006330715	88.52621175	30.58300234	3.131		21.0014583	27.7074306	21.9797917
07/11/2019	-2.630842031	2.002785593	88.37227759	31.48635663	3.125		21.0011111	27.6968056	20.6027083
08/11/2019	-2.662969496	1.954368736	86.32297141	31.26285652	3.047		21.0452712	27.4926287	19.7141864
09/11/2019	-2.599255643	1.881126961	83.10083267	31.568122	2.909	1.5	20.9690278	27.2791667	18.60625
10/11/2019	-2.612879078	1.826864905	80.71930739	32.23997015	2.829		21.253125	27.1327778	17.5988194
11/11/2019	-2.840906608	1.834501132	81.06291751	34.83616817	2.789		21.2821528	26.96875	16.4219444
12/11/2019	-3.029308902	1.831197314	80.9164088	36.61534414	2.788		21.1306944	26.749375	15.0872917
13/11/2019	-3.045429053	1.781001032	78.69348206	37.95877675	2.721	1.5	21.123125	26.3218056	14.5545833
14/11/2019	-3.037200205	1.743100731	77.02421166	39.85338097	2.668		21.2180556	26.0830556	14.1726389
15/11/2019	-2.931263721	1.812612203	80.25747523	41.34381736	2.759		21.2020139	25.7911806	14.0014583
16/11/2019	-2.842953464	1.865426922	85.16402493	40.34895096	2.808		20.9332639	25.5911806	13.8264583
17/11/2019	-2.96123337	1.967967823	89.96054105	40.77908273	2.953	1.1	20.9579861	25.3752083	13.5586111
18/11/2019	-2.749331736	1.931377266	87.75370224	40.16603658	2.857		21.0569241	25.0758525	13.2373695
19/11/2019	-2.583542381	1.901841852	86.84876938	37.89020494	2.845		21.2099306	24.7883333	12.9738889
20/11/2019	-2.68559778	1.888017873	88.71628474	36.28792466	2.819		21.2289583	24.2609722	12.6032639
21/11/2019	-2.431597685	1.841345654	89.50564094	33.36110819	2.755	0.4	21.0443056	23.8731944	12.4346528
22/11/2019	-2.371262793	1.935803821	93.67640582	32.93942611	2.898		20.9769444	23.6704861	26.3913194
23/11/2019	-2.225622772	2.009916407	97.87579075	32.27859613	3.014		21.2498611	30.5789583	30.84125
24/11/2019	-1.980567316	2.054568348	100.0234982	29.95576655	3.081		27.2065972	32.4127778	30.1142361
25/11/2019	-2.003196181	2.009139354	97.97652197	27.54301658	3.005	1.4	29.722439	50.2816028	36.3870383
26/11/2019	-1.806509052	2.03449567	98.40298853	27.52426929	2.991		30.6143433	55.5059764	36.1711605
27/11/2019	-1.509735658	1.925064711	93.35532572	25.33144871	2.777		29.1681723	43.6615705	31.8742877
28/11/2019	-1.778868047	1.966646416	95.58318763	25.77920905	2.885		28.4838889	40.9961111	29.3471528
29/11/2019	-1.918018082	2.00523487	96.67041609	26.38029099	2.948	1.4	28.1077083	39.8588194	27.4571528
30/11/2019	-1.839929979	1.967610927	92.84099607	26.48082676	2.89		28.7656944	47.5320139	34.9777778
01/12/2019	-1.933342817	1.983162615	91.93401645	27.85117883	2.944		30.2001837	51.8671994	36.961501
02/12/2019	-1.678333186	1.880000773	88.69741292	25.57708596	2.753		29.3839944	51.5166319	36.6024356
03/12/2019	-1.628390595	1.81097444	84.15269352	23.2646617	2.589	1.5	29.2569241	49.1063326	35.301531
04/12/2019	-1.803284695	1.750497687	81.70205436	22.0672207	2.501		28.7919164	48.1142857	35.0243902
05/12/2019	-1.831836048	1.713407964	79.09758074	21.91048824	2.396		28.7277855	52.6633008	38.5670613
06/12/2019	-2.051846595	1.681401035	76.36089161	21.54797681	2.424		29.3822222	52.9097222	39.4015278
07/12/2019	-2.255290624	1.76573036	80.29350858	23.46594137	2.597	0.5	29.1685417	54.2131944	39.3169444
08/12/2019	-2.237181703	1.838178514	83.47313321	24.77050096	2.712		29.3208333	54.964375	40.0471528
09/12/2019	-1.916479117	1.838044432	83.6686282	25.50189144	2.714		29.2017361	54.5333333	39.7203472
10/12/2019	-1.715742021	1.874798316	84.86913747	25.7392215	2.789		29.1020891	53.606546	39.3860724
11/12/2019	-1.620947853	1.897931057	85.13578175	25.99898886	2.833	2.1	29.0725436	53.4613937	38.955331
12/12/2019	-1.659188847	1.936845536	85.53966662	26.89908671	2.931		28.7479861	47.3547222	36.3311111
13/12/2019	-1.592257313	2.007380042	89.2230463	28.66402037	3.098		28.5946528	45.06125	34.0320139
14/12/2019	-1.460759927	2.105204206	93.14376284	30.48193355	3.247		28.339749	43.6439024	31.413101
15/12/2019	-1.430125115	2.197144045	98.07053904	31.95073642	3.448	1.7	28.2215278	42.9199306	29.4390972
16/12/2019	-1.360140743	2.129705457	95.11773019	30.9664034	3.344		28.1803472	42.4011111	29.5003472
17/12/2019	-1.357015665	2.034991809	90.72506455	30.09717984	3.196		28.0501391	41.6246175	28.1303894
18/12/2019	-1.357263212	1.974577449	88.06489657	29.58796516	3.101		27.8124306	41.0878472	26.2725
19/12/2019	-1.546402655	1.926214958	85.73715373	28.15444942	3.024	1.7	27.7878472	40.6152083	24.3232639
20/12/2019	-1.865053175	1.982927538	88.26913703	29.01688101	3.117		27.6172917	40.0891667	22.5145139
21/12/2019	-1.898925825	1.963658591	86.91989091	28.42723069	3.09		27.8681944	39.6307639	20.8415278
22/12/2019	-2.332790256	1.986839544	87.9315785	29.41892078	3.119		27.5431944	39.0679861	20.0171528
23/12/2019	-2.396674984	1.960933232	86.96733736	28.6666832	3.079	1.5	27.6310417	38.6934028	19.4661806
24/12/2019	-2.743529723	1.929763707	85.58958776	27.85966237	3.03		27.2772222	38.211875	19.8065972
25/12/2019	-2.896298098	1.918906144	85.11800955	27.33982285	3.013		27.3638194	37.8883333	20.8709722
26/12/2019	-3.012071842	1.978308665	87.66970954	28.04741752	3.106		27.380459	37.5380389	24.4513908
27/12/2019	-2.991686315	2.079706707	92.12994429	27.91384816	3.26	0.2	27.1804167	38.5951389	32.763125
28/12/2019	-2.92643122	2.098717619	92.96429466	27.43073811	3.292		27.4341667	51.4334028	37.2613194
29/12/2019	-2.93746951	2.142365993	94.88397272	28.56478818	3.357		27.73875	49.9504167	36.0947917
30/12/2019	-2.847416946	2.130975724	94.17564192	28.88425376	3.317		27.6213194	44.6959028	33.1345139
31/12/2019	-3.035833239	2.163341709	95.59427197	29.4389038	3.361	1.4	27.7122917	43.1380556	31.176875
01/01/2020	-3.070984603	2.19537642	97.47861508	29.79409583	3.396		27.6797222	42.0363194	29.3253472
02/01/2020	-3.194866533	2.181055831	97.01384078	29.87398923	3.359		27.4406944	41.56625	27.1389583
03/01/2020	-2.923043076	2.237133189	100.0997774	29.46717531	3.438		27.4	41.1713889	25.1591667
04/01/2020	-3.113460233	2.175236805	97.36953539	29.02482771	3.343	1.8	27.4126565	40.6602225	23.6134214
05/01/2020	-3.191007943	2.189239859	97.97690162	28.80590197	3.366		27.2226481	40.2395819	22.1908014
06/01/2020	-3.253064671	2.185959976	97.81854983	28.61921569	3.354		27.1543811	39.8985396	21.9575104
07/01/2020	-3.26495351	2.190650597	98.01165798	28.80096095	3.363		27.2350767	39.4808926	31.5421897
08/01/2020	-2.961888403	2.150711775	96.34910337	27.39818844	3.303	0.7	27.3419736	38.7756776	34.7940931
09/01/2020	-3.087620508	2.131478427	95.49575222	26.56754052	3.287		27.2516667	38.7989583	33.6315278
10/01/2020	-3.153241783	2.146291287	96.14819892	26.71235786	3.299		27.1	38.8704861	32.3432639
11/01/2020	-2.89367977	2.082325992	92.86594768	25.46414779	3.216		27.1000694	38.9106944	30.5395139
12/01/2020	-2.912404911	2.050846715	91.13159097	25.00078966	3.178	0.6	27.1013222	38.8349339	28.6504523
13/01/2020	-3.066299138	2.010063246	88.7083723	25.90092693	3.121		27.1993056	44.4634722	35.8602778
14/01/2020	-2.955223471	2.072706573	91.45605122	26.31283764	3.214		27.0905556	43.5965278	33.48875
15/01/2020	-2.950159497	2.091612305	92.28098562	26.95915875	3.231		26.8434028	42.1652778	31.7655556
16/01/2020	-3.068851333	2.059272626	90.85900985	27.02714846	3.193	1.5	26.8043175	41.4181058	30.1412953
17/01/2020	-3.355588596	2.035596473	89.82900122	26.0989846	3.15		26.809388	40.9034771	28.5772601
18/01/2020	-3.751753768	2.042184816	90.20472468	27.047192	3.157		26.8447772	40.5623955	26.7474234
19/01/2020	-3.63765657	1.954456572	86.33770563	26.18899772	3.02		26.923419	40.0457957	24.67123
20/01/2020	-3.41467387	1.842982271	81.31654893	25.35114418	2.852	2.1	27.015625	39.6211111	22.9178472
21/01/2020	-3.173352464	1.800136747	79.42034047	25.97958656	2.751		27.0777083	39.0864583	20.9394444
22/01/2020	-3.357149781	1.792831509	79.22557913	27.33060604	2.736		27.0794444	38.4469444	19.4376389
23/01/2020	-3.540211813	1.702713988	75.93145077	28.11342893	2.596		26.9416667	37.8020833	18.3370139
24/01/2020	-3.621865057	1.711689195	76.3349115	29.56220773	2.61	1.6	26.8109028	37.119375	17.5172222
25/01/2020	-3.663047712	1.705742198	76.0880428	30.60593551	2.61		26.8	36.4799861	16.8222377
26/01/2020	-3.446481066	1.716801546	76.58336843	30.96331832	2.627		26.8200694	35.9743056	25.8611806
27/01/2020	-3.281926607	1.743706242	77.78298719	31.70429806	2.663		26.7825	35.3036806	31.1697222
28/01/2020	-3.55231666	1.764905216	78.72032242	31.0023076	2.69	2.1	26.5333102	40.2015994	34.3667594
29/01/2020	-3.809107547	1.886634008	84.08131034	32.56626178	2.884		26.5872133	39.2923558	31.9735928
30/01/2020	-3.962960103	1.98194467	88.39753785	33.37467829	3.045		26.5999306	38.3117361	30.1934722
31/01/2020	-4.437804613	2.090024972	93.22654125	34.08576429	3.228		26.5986101	37.4846421	28.2717165
01/02/2020	-4.36852157	2.209707127	98.2869121	34.35110729	3.42	1.4	26.5998608	47.7426583	35.8160056
02/02/2020	-4.118686302	2.349110574	104.0175945	33.93030896	3.639		26.8956159	51.6802366	37.0275574
03/02/2020	-3.878138075	2.366959893	104.8024898	32.4813962	3.676		27.4126389	50.5621528	35.8870139
04/02/2020	-3.910195488	2.402654322	106.3770615	31.62556165	3.725		27.3365278	45.3345139	33.3442361
05/02/2020	-4.23136075	2.433820999	107.7373166	31.75884273	3.774	1.7	27.4379861	43.6610417	31.5227778
06/02/2020	-4.278114349	2.475340159	109.5135887	31.10277769	3.849		27.302714	42.8372303	29.5438413
07/02/2020	-4.233631444	2.524491781	111.4690061	32.3155546	3.936		27.235421	41.9857342	27.0903271
08/02/2020	-3.918795132	2.483831634	109.670349	32.56284352	3.874		27.1102154	41.4282835	24.8797081
09/02/2020	-3.846769805	2.438200699	107.6593565	33.20968537	3.798	1.1	26.9789583	40.9801389	23.0645139
10/02/2020	-3.483001205	2.364844752	104.3745561	32.36213993	3.691		27.0227778	40.1946528	21.0225694
11/02/2020	-3.360120374	2.27161712	100.3658287	31.76471529	3.533		26.9533009	39.4959694	19.0696317
12/02/2020	-3.464323129	2.2344602	98.70892564	33.030722	3.467		26.9249479	38.5822794	17.6988186
13/02/2020	-3.509945529	2.209641892	97.61263199	34.80695921	3.419	1.3	26.7472474	37.758676	16.8142857
14/02/2020	-3.288942552	2.148268659	94.89352128	35.72808982	3.325		26.6677801	36.8364649	16.195755
15/02/2020	-3.078568883	2.145673075	95.01221447	37.37169983	3.309		26.4716771	35.9899791	15.7002088
16/02/2020	-3.095027195	2.108578432	93.39544419	40.17502899	3.255		26.4999304	35.0878134	15.4276462
17/02/2020	-2.970474492	2.023921688	89.68117984	41.06295551	3.129	1.2	26.4088194	34.2311111	15.5668056
18/02/2020	-3.010676813	1.987466136	88.07813283	41.91106876	3.065		26.3720139	33.37875	15.5159028
19/02/2020	-2.997344917	1.994230479	88.36334627	43.12791786	3.081		26.3448611	32.5395833	15.5204167
20/02/2020	-3.204080745	2.016800197	89.40117228	45.80794709	3.123		26.1072917	31.695625	15.2907639
21/02/2020	-2.900091109	2.038126864	90.31413405	47.69405357	3.168	1.2	25.962726	30.9849791	15.0723227
22/02/2020	-2.807227568	2.007635521	88.72672328	50.06707018	3.123		25.9134401	30.2699164	14.6933148
23/02/2020	-2.673184628	1.958831715	86.7596611	51.46455593	3.053		25.8031989	29.690612	14.5726704
24/02/2020	-2.645506278	1.888914431	83.67372943	51.83726964	2.947		25.6871528	29.0954167	14.3786111
25/02/2020	-2.233007101	1.744073246	76.9640024	51.36563861	2.727	1	25.4461806	28.4664583	14.045
26/02/2020	-1.926521007	1.691120192	74.64994172	50.01916357	2.64		25.3165972	28.1368056	13.8954167
27/02/2020	-1.75510833	1.729499659	76.33284567	49.98443273	2.683		25.1265972	27.6515972	13.7853472
28/02/2020	-1.50589157	1.797461348	79.31759682	49.66551412	2.783		24.8618056	27.0125694	13.6875694
29/02/2020	-1.380755112	1.871371825	82.56420923	47.97566085	2.894	1.5	24.6577484	26.6385685	13.585754
01/03/2020	-1.341372259	1.899956603	83.74301039	46.74046053	2.941		24.4963889	26.1565972	13.5114583
02/03/2020	-1.613608755	1.935603017	85.3058536	46.48152845	2.988		24.5548611	28.7227778	31.9424306
03/03/2020	-1.520738382	1.940519486	85.52034573	45.97940925	3.005		24.3877778	28.7404167	29.3822917
04/03/2020	-1.392955228	1.913827523	84.15689388	43.81338007	2.959	0.8	24.2945139	28.4081944	26.9990972
05/03/2020	-1.356161021	1.95519293	85.98038466	44.12684864	3.017		24.2432639	28.0511806	28.7293056
06/03/2020	-1.648437788	2.028518448	89.48915289	45.55430186	3.139		24.2161111	27.5620139	26.6349306
07/03/2020	-1.735702821	1.990259462	87.7998726	47.32635141	3.075		24.1397917	27.2779861	23.3495139
08/03/2020	-1.670794273	1.945775788	85.84575328	48.91081141	3.008	1	24.1447793	26.9292221	20.3274702
09/03/2020	-1.764826751	1.84575989	81.43853423	50.1412941	2.854		23.8554861	26.7353472	18.1855556
10/03/2020	-1.626557451	1.726400802	76.3071541	54.16050683	2.67		23.8440278	26.43375	16.8038194
11/03/2020	-1.464876551	1.638734509	72.58292796	57.45408891	2.54		23.6474306	26.2211806	15.631875
12/03/2020	-1.392539411	1.512501918	67.02924404	59.64988226	2.356	0.2	23.4815972	25.8738889	14.8599306
13/03/2020	-1.347464963	1.419001337	62.90868641	61.27671853	2.213		23.4470424	25.4974252	14.502714
14/03/2020	-1.310058492	1.430006485	63.39774357	65.09493988	2.232		23.3465991	25.1866233	14.0817787
15/03/2020	-1.269893876	1.369779169	60.74684756	68.71398022	2.153		23.1138194	24.8084722	13.878125
16/03/2020	-1.157801768	1.342866236	59.3895566	71.840593	2.109	1.3	23.0722222	24.4293056	13.6063194
17/03/2020	-1.118096594	1.330546685	58.84446742	75.53242911	2.096		22.9803472	23.9035417	13.4139583
18/03/2020	-1.129158687	1.2892809	57.01757458	79.71653124	2.048		22.9502778	23.4838194	13.1227083
19/03/2020	-0.959114329	1.243431139	55.00029407	80.98448916	1.987		22.8979847	23.0100069	12.9498263
20/03/2020	-0.829737504	1.147121941	50.64166635	77.8572308	1.839	1.1	22.7720139	22.5233333	12.7377083
21/03/2020	-0.664886816	1.092681954	48.19885088	74.96519377	1.748		22.7069444	22.3165972	12.5928472
22/03/2020	-0.326966186	1.109999826	48.97383651	72.30422854	1.77		22.6763889	21.8339583	12.4649306
23/03/2020	-0.122663034	1.135427387	50.10108383	69.14811511	1.807		22.53875	21.6125	12.3693056
24/03/2020	-0.271747486	1.168044867	51.53995379	65.95797541	1.857	1	22.3574705	21.3261293	12.2442669
25/03/2020	-0.263448791	1.252248305	55.25251224	62.97551443	1.982		22.4587169	20.867364	12.0774059
26/03/2020	-0.253656428	1.294857287	57.12437624	59.67439683	2.05		22.3593598	20.7530271	13.8376479
27/03/2020	-0.250279117	1.406435726	62.24091896	56.54081023	2.225		22.4034075	20.4559805	30.9903338
28/03/2020	-0.326835761	1.489598619	66.0914204	51.83607149	2.35	1	22.3866295	20.3155989	28.244429
29/03/2020	-0.529162955	1.620446553	71.8608128	50.41049941	2.554		22.2245833	19.1203472	33.8228472
30/03/2020	-0.805478123	1.751059368	77.61749183	50.80012607	2.745		22.3416956	18.8134816	32.2148019
31/03/2020	-1.022931186	1.862062389	82.43313681	50.90873174	2.924		22.2875694	19.2007639	29.9965972
01/04/2020	-1.428517183	1.940724442	85.89331567	52.01631889	3.051	0.1	22.1173611	19.6677083	27.6730556
02/04/2020	-1.554754853	1.958184004	86.66838211	50.73009478	3.079		22.2360417	20.180625	25.385625
03/04/2020	-1.585222535	1.969932829	87.36298684	52.8604964	3.105		22.3010417	20.4654861	23.3920139
04/04/2020	-1.675416066	1.936898534	85.91077659	52.30512471	3.059		22.3075747	20.6553162	21.3708826
05/04/2020	-1.797538077	1.888413512	83.77632379	52.61147705	2.987	0.1	22.2633079	20.8026407	19.3316887
06/04/2020	-1.867115855	1.803446952	79.96725456	52.90170045	2.856		22.2261806	21.0129861	17.9686111
07/04/2020	-1.715986697	1.738938243	76.94525441	53.38310498	2.756		22.1649306	21.07875	16.9229167
08/04/2020	-1.537939791	1.598253152	70.74737389	50.937343	2.539		22.1159722	20.98875	16.1539583
09/04/2020	-1.363957875	1.484003015	65.71197207	50.70047358	2.375	0.3	22.0542043	20.9618485	15.3956915
10/04/2020	-1.03943716	1.440127372	63.77955325	50.82772879	2.302		22.0494444	21.0225	14.8640278
11/04/2020	-0.711171438	1.348557161	59.74652024	51.7529294	2.163		22.0686111	21.0208333	14.3741667
12/04/2020	-0.621815207	1.271629197	56.34836511	52.27304838	2.041		22.1202778	21.0321528	14.1220833
13/04/2020	-0.114287927	1.161620251	51.51583315	48.59653856	1.861	0.7	22.169375	21.0685417	13.836875
14/04/2020	0.2597475	1.128063109	50.05336286	47.13508623	1.803	1	22.1897704	21.029158	13.6787056
15/04/2020	0.470576619	1.121663953	49.89414526	46.16291019	1.785		22.1984712	21.0393329	13.5240445
16/04/2020	0.455054682	1.09233029	48.47671623	43.06945364	1.741		22.1861111	20.9079167	13.3044444
17/04/2020	0.432677868	1.084024738	48.26842952	39.76009054	1.73		22.0923291	20.8117852	13.2422594
18/04/2020	0.570308262	1.140228245	50.80241798	37.75013132	1.814	0.8	22.2864111	21.4439721	20.1419512
19/04/2020	0.414337617	1.221252392	54.50598295	36.12216342	1.94		22.2038221	26.1257123	31.6216817
20/04/2020	0.112392402	1.197730181	53.48401871	33.52256454	1.904		22.3782639	25.9746528	29.2727083
21/04/2020	-0.117799171	1.232579809	55.02503943	30.94755595	1.949		22.3079167	45.0147917	34.5496528
22/04/2020	-0.22981019	1.310723169	58.48112115	30.35150633	2.069	0.3	22.3543689	47.0666667	34.7530556
23/04/2020	-0.75309607	1.396371899	62.06402766	32.62170908	2.209		31.903066	56.666875	37.1070833
24/04/2020	-0.841708353	1.417868577	63.00410241	32.28509141	2.244		29.9646298	49.552745	35.3021543
25/04/2020	-0.59614169	1.478304195	65.7642244	31.89711267	2.336		31.2088283	53.6685933	38.0713092
26/04/2020	-0.214136092	1.577867426	70.15760783	33.9693761	2.487	1.4	29.9662718	51.1459233	36.4818118
27/04/2020	-0.219173397	1.614614509	71.63082903	35.52954933	2.535		29.9946304	52.5733612	36.5378661
28/04/2020	-0.485897114	1.650454338	73.15538726	38.81637757	2.589		29.4510446	48.535376	34.8248607
29/04/2020	-0.368549132	1.689284738	74.73586669	40.2384849	2.647		29.1830438	47.1603892	34.5949965
30/04/2020	-0.19434093	1.71352271	75.79301688	41.79633362	2.685	1.7	28.9899306	46.8427778	34.7168056
01/05/2020	0.053393014	1.720044587	76.07955413	41.80422511	2.696		28.8215972	46.0608333	34.1443056
02/05/2020	0.020862233	1.714097694	75.82189829	40.93180944	2.686		28.7220833	45.2177778	32.7673611
03/05/2020	0.202057687	1.677000485	74.19522533	38.59213664	2.621		28.5897917	44.3869444	31.4131944
04/05/2020	0.06153092	1.655059694	73.4898105	38.05255828	2.566	1.7	28.7021528	43.4316667	29.8554167
05/05/2020	-0.34466377	1.564652514	69.30412065	35.20411608	2.435		28.4408333	43.0658333	28.2957639
06/05/2020	-0.739862939	1.47979691	65.56572327	32.55420849	2.304		28.4634722	43.0184722	29.4663889
07/05/2020	-0.805887776	1.466546718	64.98281163	31.28340927	2.284		28.6217512	44.2109104	32.6384295
08/05/2020	-0.860975128	1.469991185	65.29521213	30.2763612	2.295	1.5	28.517364	43.3987448	31.3379358
09/05/2020	-0.934043475	1.476214203	65.55814904	29.63941371	2.311		28.3	43.0898426	30.6098712
10/05/2020	-1.029223284	1.476073252	65.56015999	30.04238581	2.311		-99.99	-99.99	-99.99
11/05/2020	-1.182414249	1.491017598	66.22355653	29.44818354	2.335		-99.99	-99.99	-99.99
12/05/2020	-1.146628087	1.505503142	66.85945794	30.01793554	2.357	1.3	-99.99	-99.99	-99.99
13/05/2020	-1.274339072	1.550870601	68.85978799	32.00837576	2.429		-99.99	-99.99	-99.99
14/05/2020	-1.405457789	1.613374908	71.34459291	34.08385237	2.547		-99.99	-99.99	-99.99
15/05/2020	-1.299485638	1.631462623	72.13458808	36.14581372	2.569		-99.99	-99.99	-99.99
16/05/2020	-1.237459997	1.634694903	72.27604469	37.38634018	2.572	0.8	-99.99	-99.99	-99.99
17/05/2020	-1.346782799	1.646767168	72.8120284	38.77155581	2.589		-99.99	-99.99	-99.99
18/05/2020	-1.263965983	1.590349276	70.17737859	37.62381271	2.496		-99.99	-99.99	-99.99
19/05/2020	-1.234724526	1.509226574	66.62481705	36.65708648	2.367		-99.99	-99.99	-99.99
20/05/2020	-1.323983972	1.520459333	67.11386759	37.60266557	2.388	1.3	-99.99	-99.99	-99.99
21/05/2020	-1.42957075	1.502621657	66.32134663	39.25670607	2.365		-99.99	-99.99	-99.99
22/05/2020	-1.4293989	1.479073452	65.27002182	39.95254252	2.332		-99.99	-99.99	-99.99
23/05/2020	-1.339700802	1.433617321	63.25548483	39.6039838	2.26		-99.99	-99.99	-99.99
24/05/2020	-1.32105542	1.394506019	61.53692012	40.46759113	2.2	0.3	27.8435185	39.2192901	18.912037
25/05/2020	-1.458522194	1.424586766	62.8587877	43.20548756	2.251		27.6654861	39.11125	18.3745139
26/05/2020	-1.495293363	1.444242194	63.71855297	45.86344014	2.285		27.6	38.4855556	17.7264583
27/05/2020	-1.344875734	1.403152092	61.90193958	46.49885779	2.224		27.5905424	38.3425591	17.2025035
28/05/2020	-1.301121042	1.409032332	62.15034803	49.76960625	2.237	0.3	27.5138985	37.8601807	16.766713
29/05/2020	-1.32016049	1.387334621	61.19143662	50.92995375	2.207		27.2409028	37.0603472	16.394375
30/05/2020	-1.339272396	1.342242764	59.20228438	52.00225865	2.132		27.2870833	36.4486111	15.8815972
31/05/2020	-1.353008719	1.293873935	57.0720294	52.28948429	2.051		27.3847222	35.5609722	15.5463889
01/06/2020	-1.504060692	1.264911426	55.79717729	53.78723892	2.008	0.3	27.2224306	34.7360417	15.3969444
02/06/2020	-1.514528863	1.224635633	54.02541575	54.34226678	1.948		27.2555556	34.0326389	15.2295833
03/06/2020	-1.269622936	1.112069057	49.06852956	50.64298229	1.769		27.0257639	33.2446528	15.0192361
04/06/2020	-1.155613447	1.035565874	45.70044088	46.82423382	1.649		26.9490972	32.2617361	14.8689583
05/06/2020	-0.737569294	0.973710399	42.98831368	41.96116086	1.555	0.7	26.9992361	31.3680556	14.6911111
06/06/2020	-0.623568952	0.986047909	43.61488867	42.49996884	1.572		26.7734353	30.6166203	14.5376217
07/06/2020	-0.581643812	0.976729946	43.2083404	41.30679149	1.554		26.7877778	30.0579861	14.4842361
08/06/2020	-0.35319291	0.986301522	43.63722445	40.22921035	1.561		26.823975	29.6643502	14.2982627
09/06/2020	-0.101886333	0.973732301	43.10330015	36.29758421	1.539	0.9	26.6471528	29.2483333	14.0719444
10/06/2020	0.111783521	0.94175375	41.70654901	33.9883742	1.488		26.6567361	29.05125	26.1765278
11/06/2020	0.3510837	0.904598124	40.08678888	31.2352128	1.427		26.5693324	28.7753129	26.3469402
12/06/2020	0.369043648	0.913129242	40.47455573	30.40741859	1.437		26.3762865	28.7300417	23.9246175
13/06/2020	0.26136961	0.952463689	42.21476555	31.49144567	1.498	0.8	26.2960417	28.7253472	24.5576389
14/06/2020	0.191022522	0.952772451	42.31230742	32.48460617	1.501		26.3479749	28.5835311	23.6575017
15/06/2020	-0.128173359	0.963898428	42.83570144	35.19221638	1.513		26.2941667	28.3372222	22.2790278
16/06/2020	-0.266953967	0.970068538	43.15379936	34.69851337	1.525		26.2598332	28.1886032	20.8610146
17/06/2020	-0.332459801	0.958176389	42.62875042	34.66752599	1.508	0.7	26.153819	28.1473561	19.9052879
18/06/2020	-0.44605193	0.938175202	41.73914859	34.5574402	1.479		-99.99	-99.99	-99.99
19/06/2020	-0.603471587	0.915961217	40.74292991	37.27403071	1.445		-99.99	-99.99	-99.99
20/06/2020	-0.737492553	0.917483238	40.80004764	39.01432956	1.452		-99.99	-99.99	-99.99
21/06/2020	-0.827717793	0.914089596	40.63829798	41.9569059	1.449	0.1	-99.99	-99.99	-99.99
22/06/2020	-0.819678287	0.885550849	39.36949952	43.58432092	1.41		-99.99	-99.99	-99.99
23/06/2020	-0.876165781	0.896221364	39.82786056	47.65178818	1.43		-99.99	-99.99	-99.99
24/06/2020	-0.775226779	0.891095051	39.51381381	49.88732557	1.423		-99.99	-99.99	-99.99
25/06/2020	-0.787629333	0.876521584	38.82012009	53.44426729	1.402	0.7	-99.99	-99.99	-99.99
26/06/2020	-0.630960082	0.779394145	34.51226708	51.68618995	1.257		-99.99	-99.99	-99.99
27/06/2020	-0.614007577	0.743108492	32.914478	52.07559773	1.186		-99.99	-99.99	-99.99
28/06/2020	-0.656695993	0.735119472	32.57176724	54.65883175	1.174		-99.99	-99.99	-99.99
29/06/2020	-0.60870949	0.719242831	31.88635683	55.0867053	1.153	0.2	-99.99	-99.99	-99.99
30/06/2020	-0.591152455	0.710778584	31.52924172	56.49773233	1.137		-99.99	-99.99	-99.99
01/07/2020	-0.54037951	0.704379082	31.26895462	56.73323633	1.126		-99.99	-99.99	-99.99
02/07/2020	-0.499252729	0.699964859	31.10894117	56.8907043	1.114	0.2	-99.99	-99.99	-99.99