source	id	datetime	species	area_cover[-]	area_fraction[-]	n_tree[ha-1]	vol_tree[m3ha-1]	h_max[m]	h_min[m]	diam_ground[m]	diam_breast[m]	depth[m]	sla[m2kg-1]	lai[-]	crown_diam_ratio[-]	sap_fol_ratio[-]	branch_fraction[-]	DW_stem_wood[kgm-2]	DW_branch_wood[kgm-2]	DW_root_wood[kgm-2]
setup	0	2006-01-01 23:00:00	ANGA	1	1	0	0	1	0	0	0	1	424	1.06	1	0	0	0	0	0
setup	0	2006-01-02 23:00:00	ANGA	1	1	0	0	1	0	0	0	1	424	1.06	1	0	0	0	0	0
setup	0	2006-01-03 23:00:00	ANGA	1	1	0	0	1	0	0	0	1	424	1.06	1	0	0	0	0	0
setup	0	2006-01-04 23:00:00	ANGA	1	1	0	0	1	0	0	0	1	424	1.06	1	0	0	0	0	0
setup	0	2006-01-05 23:00:00	ANGA	1	1	0	0	1	0	0	0	1	424	1.06	1	0	0	0	0	0
setup	0	2006-01-06 23:00:00	ANGA	1	1	0	0	1	0	0	0	1	424	1.06	1	0	0	0	0	0
setup	0	2006-01-07 23:00:00	ANGA	1	1	0	0	1	0	0	0	1	424	1.06	1	0	0	0	0	0
setup	0	2006-01-08 23:00:00	ANGA	1	1	0	0	1	0	0	0	1	424	1.06	1	0	0	0	0	0
setup	0	2006-01-09 23:00:00	ANGA	1	1	0	0	1	0	0	0	1	424	1.05941	1	0	0	0	0	0
setup	0	2006-01-10 23:00:00	ANGA	1	1	0	0	1	0	0	0	1	424	1.05873	1	0	0	0	0	0
setup	0	2006-01-11 23:00:00	ANGA	1	1	0	0	1	0	0	0	1	424	1.05794	1	0	0	0	0	0
setup	0	2006-01-12 23:00:00	ANGA	1	1	0	0	1	0	0	0	1	424	1.05702	1	0	0	0	0	0
setup	0	2006-01-13 23:00:00	ANGA	1	1	0	0	1	0	0	0	1	424	1.05597	1	0	0	0	0	0
setup	0	2006-01-14 23:00:00	ANGA	1	1	0	0	1	0	0	0	1	424	1.05477	1	0	0	0	0	0
setup	0	2006-01-15 23:00:00	ANGA	1	1	0	0	1	0	0	0	1	424	1.05339	1	0	0	0	0	0
setup	0	2006-01-16 23:00:00	ANGA	1	1	0	0	1	0	0	0	1	424	1.05182	1	0	0	0	0	0
setup	0	2006-01-17 23:00:00	ANGA	1	1	0	0	1	0	0	0	1	424	1.05003	1	0	0	0	0	0
setup	0	2006-01-18 23:00:00	ANGA	1	1	0	0	1	0	0	0	1	424	1.04799	1	0	0	0	0	0
setup	0	2006-01-19 23:00:00	ANGA	1	1	0	0	1	0	0	0	1	424	1.04569	1	0	0	0	0	0
setup	0	2006-01-20 23:00:00	ANGA	1	1	0	0	1	0	0	0	1	424	1.04308	1	0	0	0	0	0
setup	0	2006-01-21 23:00:00	ANGA	1	1	0	0	1	0	0	0	1	424	1.04015	1	0	0	0	0	0
setup	0	2006-01-22 23:00:00	ANGA	1	1	0	0	1	0	0	0	1	424	1.03685	1	0	0	0	0	0
setup	0	2006-01-23 23:00:00	ANGA	1	1	0	0	1	0	0	0	1	424	1.03315	1	0	0	0	0	0
setup	0	2006-01-24 23:00:00	ANGA	1	1	0	0	1	0	0	0	1	424	1.02902	1	0	0	0	0	0
setup	0	2006-01-25 23:00:00	ANGA	1	1	0	0	1	0	0	0	1	424	1.02442	1	0	0	0	0	0
setup	0	2006-01-26 23:00:00	ANGA	1	1	0	0	1	0	0	0	1	424	1.0193	1	0	0	0	0	0
setup	0	2006-01-27 23:00:00	ANGA	1	1	0	0	1	0	0	0	1	424	1.01362	1	0	0	0	0	0
setup	0	2006-01-28 23:00:00	ANGA	1	1	0	0	1	0	0	0	1	424	1.00734	1	0	0	0	0	0
setup	0	2006-01-29 23:00:00	ANGA	1	1	0	0	1	0	0	0	1	424	1.00042	1	0	0	0	0	0
setup	0	2006-01-30 23:00:00	ANGA	1	1	0	0	1	0	0	0	1	424	0.992808	1	0	0	0	0	0
setup	0	2006-01-31 23:00:00	ANGA	1	1	0	0	1	0	0	0	1	424	0.984462	1	0	0	0	0	0
setup	0	2006-02-01 23:00:00	ANGA	1	1	0	0	1	0	0	0	1	424	0.975335	1	0	0	0	0	0
setup	0	2006-02-02 23:00:00	ANGA	1	1	0	0	1	0	0	0	1	424	0.965382	1	0	0	0	0	0
setup	0	2006-02-03 23:00:00	ANGA	1	1	0	0	1	0	0	0	1	424	0.95456	1	0	0	0	0	0
setup	0	2006-02-04 23:00:00	ANGA	1	1	0	0	1	0	0	0	1	424	0.942825	1	0	0	0	0	0
setup	0	2006-02-05 23:00:00	ANGA	1	1	0	0	1	0	0	0	1	424	0.93014	1	0	0	0	0	0
setup	0	2006-02-06 23:00:00	ANGA	1	1	0	0	1	0	0	0	1	424	0.916464	1	0	0	0	0	0
setup	0	2006-02-07 23:00:00	ANGA	1	1	0	0	1	0	0	0	1	424	0.901765	1	0	0	0	0	0
setup	0	2006-02-08 23:00:00	ANGA	1	1	0	0	1	0	0	0	1	424	0.886014	1	0	0	0	0	0
setup	0	2006-02-09 23:00:00	ANGA	1	1	0	0	1	0	0	0	1	424	0.869184	1	0	0	0	0	0
setup	0	2006-02-10 23:00:00	ANGA	1	1	0	0	1	0	0	0	1	424	0.851256	1	0	0	0	0	0
setup	0	2006-02-11 23:00:00	ANGA	1	1	0	0	1	0	0	0	1	424	0.832219	1	0	0	0	0	0
setup	0	2006-02-12 23:00:00	ANGA	1	1	0	0	1	0	0	0	1	424	0.812064	1	0	0	0	0	0
setup	0	2006-02-13 23:00:00	ANGA	1	1	0	0	1	0	0	0	1	424	0.790794	1	0	0	0	0	0
setup	0	2006-02-14 23:00:00	ANGA	1	1	0	0	1	0	0	0	1	424	0.76842	1	0	0	0	0	0
setup	0	2006-02-15 23:00:00	ANGA	1	1	0	0	1	0	0	0	1	424	0.744958	1	0	0	0	0	0
setup	0	2006-02-16 23:00:00	ANGA	1	1	0	0	1	0	0	0	1	424	0.720439	1	0	0	0	0	0
setup	0	2006-02-17 23:00:00	ANGA	1	1	0	0	1	0	0	0	1	424	0.694901	1	0	0	0	0	0
setup	0	2006-02-18 23:00:00	ANGA	1	1	0	0	1	0	0	0	1	424	0.668391	1	0	0	0	0	0
setup	0	2006-02-19 23:00:00	ANGA	1	1	0	0	1	0	0	0	1	424	0.64097	1	0	0	0	0	0
setup	0	2006-02-20 23:00:00	ANGA	1	1	0	0	1	0	0	0	1	424	0.612708	1	0	0	0	0	0
setup	0	2006-02-21 23:00:00	ANGA	1	1	0	0	1	0	0	0	1	424	0.583685	1	0	0	0	0	0
setup	0	2006-02-22 23:00:00	ANGA	1	1	0	0	1	0	0	0	1	424	0.553994	1	0	0	0	0	0
setup	0	2006-02-23 23:00:00	ANGA	1	1	0	0	1	0	0	0	1	424	0.523738	1	0	0	0	0	0
setup	0	2006-02-24 23:00:00	ANGA	1	1	0	0	1	0	0	0	1	424	0.493029	1	0	0	0	0	0
setup	0	2006-02-25 23:00:00	ANGA	1	1	0	0	1	0	0	0	1	424	0.46199	1	0	0	0	0	0
setup	0	2006-02-26 23:00:00	ANGA	1	1	0	0	1	0	0	0	1	424	0.430754	1	0	0	0	0	0
setup	0	2006-02-27 23:00:00	ANGA	1	1	0	0	1	0	0	0	1	424	0.399461	1	0	0	0	0	0
setup	0	2006-02-28 23:00:00	ANGA	1	1	0	0	1	0	0	0	1	424	0.368258	1	0	0	0	0	0
setup	0	2006-03-01 23:00:00	ANGA	1	1	0	0	1	0	0	0	1	424	0.337301	1	0	0	0	0	0
setup	0	2006-03-02 23:00:00	ANGA	1	1	0	0	1	0	0	0	1	424	0.30675	1	0	0	0	0	0
setup	0	2006-03-03 23:00:00	ANGA	1	1	0	0	1	0	0	0	1	424	0.276768	1	0	0	0	0	0
setup	0	2006-03-04 23:00:00	ANGA	1	1	0	0	1	0	0	0	1	424	0.247521	1	0	0	0	0	0
setup	0	2006-03-05 23:00:00	ANGA	1	1	0	0	1	0	0	0	1	424	0.219177	1	0	0	0	0	0
setup	0	2006-03-06 23:00:00	ANGA	1	1	0	0	1	0	0	0	1	424	0.191904	1	0	0	0	0	0
setup	0	2006-03-07 23:00:00	ANGA	1	1	0	0	1	0	0	0	1	424	0.165866	1	0	0	0	0	0
setup	0	2006-03-08 23:00:00	ANGA	1	1	0	0	1	0	0	0	1	424	0.141224	1	0	0	0	0	0
setup	0	2006-03-09 23:00:00	ANGA	1	1	0	0	1	0	0	0	1	424	0.118135	1	0	0	0	0	0
setup	0	2006-03-10 23:00:00	ANGA	1	1	0	0	1	0	0	0	1	424	0.0967465	1	0	0	0	0	0
setup	0	2006-03-11 23:00:00	ANGA	1	1	0	0	1	0	0	0	1	424	0.0771998	1	0	0	0	0	0
setup	0	2006-03-12 23:00:00	ANGA	1	1	0	0	1	0	0	0	1	424	0.0596246	1	0	0	0	0	0
setup	0	2006-03-13 23:00:00	ANGA	1	1	0	0	1	0	0	0	1	424	0.0441396	1	0	0	0	0	0
setup	0	2006-03-14 23:00:00	ANGA	1	1	0	0	1	0	0	0	1	424	0.0308505	1	0	0	0	0	0
setup	0	2006-03-15 23:00:00	ANGA	1	1	0	0	1	0	0	0	1	424	0.0198488	1	0	0	0	0	0
setup	0	2006-03-16 23:00:00	ANGA	1	1	0	0	1	0	0	0	1	424	0.011211	1	0	0	0	0	0
setup	0	2006-03-17 23:00:00	ANGA	1	1	0	0	1	0	0	0	1	424	0.00499733	1	0	0	0	0	0
setup	0	2006-03-18 23:00:00	ANGA	1	1	0	0	1	0	0	0	1	424	0.00125154	1	0	0	0	0	0
setup	0	2006-03-19 23:00:00	ANGA	1	1	0	0	1	0	0	0	1	424	0	1	0	0	0	0	0
setup	0	2006-03-20 23:00:00	ANGA	1	1	0	0	1	0	0	0	1	424	0	1	0	0	0	0	0
setup	0	2006-03-21 23:00:00	ANGA	1	1	0	0	1	0	0	0	1	424	0	1	0	0	0	0	0
setup	0	2006-03-22 23:00:00	ANGA	1	1	0	0	1	0	0	0	1	424	0	1	0	0	0	0	0
setup	0	2006-03-23 23:00:00	ANGA	1	1	0	0	1	0	0	0	1	424	0	1	0	0	0	0	0
setup	0	2006-03-24 23:00:00	ANGA	1	1	0	0	1	0	0	0	1	424	0	1	0	0	0	0	0
setup	0	2006-03-25 23:00:00	ANGA	1	1	0	0	1	0	0	0	1	424	0	1	0	0	0	0	0
setup	0	2006-03-26 23:00:00	ANGA	1	1	0	0	1	0	0	0	1	424	0	1	0	0	0	0	0
setup	0	2006-03-27 23:00:00	ANGA	1	1	0	0	1	0	0	0	1	424	0	1	0	0	0	0	0
setup	0	2006-03-28 23:00:00	ANGA	1	1	0	0	1	0	0	0	1	424	0	1	0	0	0	0	0
setup	0	2006-03-29 23:00:00	ANGA	1	1	0	0	1	0	0	0	1	424	0	1	0	0	0	0	0
setup	0	2006-03-30 23:00:00	ANGA	1	1	0	0	1	0	0	0	1	424	0	1	0	0	0	0	0
setup	0	2006-03-31 23:00:00	ANGA	1	1	0	0	1	0	0	0	1	424	0	1	0	0	0	0	0
setup	0	2006-04-01 23:00:00	ANGA	1	1	0	0	1	0	0	0	1	424	0	1	0	0	0	0	0
setup	0	2006-04-02 23:00:00	ANGA	1	1	0	0	1	0	0	0	1	424	0	1	0	0	0	0	0
setup	0	2006-04-03 23:00:00	ANGA	1	1	0	0	1	0	0	0	1	424	0	1	0	0	0	0	0
setup	0	2006-04-04 23:00:00	ANGA	1	1	0	0	1	0	0	0	1	424	0	1	0	0	0	0	0
setup	0	2006-04-05 23:00:00	ANGA	1	1	0	0	1	0	0	0	1	424	0	1	0	0	0	0	0
setup	0	2006-04-06 23:00:00	ANGA	1	1	0	0	1	0	0	0	1	424	0	1	0	0	0	0	0
setup	0	2006-04-07 23:00:00	ANGA	1	1	0	0	1	0	0	0	1	424	0.0018233	1	0	0	0	0	0
setup	0	2006-04-08 23:00:00	ANGA	1	1	0	0	1	0	0	0	1	424	0.00230202	1	0	0	0	0	0
setup	0	2006-04-09 23:00:00	ANGA	1	1	0	0	1	0	0	0	1	424	0.00289304	1	0	0	0	0	0
setup	0	2006-04-10 23:00:00	ANGA	1	1	0	0	1	0	0	0	1	424	0.00361906	1	0	0	0	0	0
setup	0	2006-04-11 23:00:00	ANGA	1	1	0	0	1	0	0	0	1	424	0.00450643	1	0	0	0	0	0
setup	0	2006-04-12 23:00:00	ANGA	1	1	0	0	1	0	0	0	1	424	0.00558552	1	0	0	0	0	0
setup	0	2006-04-13 23:00:00	ANGA	1	1	0	0	1	0	0	0	1	424	0.00689113	1	0	0	0	0	0
setup	0	2006-04-14 23:00:00	ANGA	1	1	0	0	1	0	0	0	1	424	0.00846275	1	0	0	0	0	0
setup	0	2006-04-15 23:00:00	ANGA	1	1	0	0	1	0	0	0	1	424	0.0103449	1	0	0	0	0	0
setup	0	2006-04-16 23:00:00	ANGA	1	1	0	0	1	0	0	0	1	424	0.0125875	1	0	0	0	0	0
setup	0	2006-04-17 23:00:00	ANGA	1	1	0	0	1	0	0	0	1	424	0.0152456	1	0	0	0	0	0
setup	0	2006-04-18 23:00:00	ANGA	1	1	0	0	1	0	0	0	1	424	0.0183801	1	0	0	0	0	0
setup	0	2006-04-19 23:00:00	ANGA	1	1	0	0	1	0	0	0	1	424	0.0220569	1	0	0	0	0	0
setup	0	2006-04-20 23:00:00	ANGA	1	1	0	0	1	0	0	0	1	424	0.0263472	1	0	0	0	0	0
setup	0	2006-04-21 23:00:00	ANGA	1	1	0	0	1	0	0	0	1	424	0.0313272	1	0	0	0	0	0
setup	0	2006-04-22 23:00:00	ANGA	1	1	0	0	1	0	0	0	1	424	0.0370769	1	0	0	0	0	0
setup	0	2006-04-23 23:00:00	ANGA	1	1	0	0	1	0	0	0	1	424	0.0436797	1	0	0	0	0	0
setup	0	2006-04-24 23:00:00	ANGA	1	1	0	0	1	0	0	0	1	424	0.0512214	1	0	0	0	0	0
setup	0	2006-04-25 23:00:00	ANGA	1	1	0	0	1	0	0	0	1	424	0.0597886	1	0	0	0	0	0
setup	0	2006-04-26 23:00:00	ANGA	1	1	0	0	1	0	0	0	1	424	0.0694672	1	0	0	0	0	0
setup	0	2006-04-27 23:00:00	ANGA	1	1	0	0	1	0	0	0	1	424	0.0803409	1	0	0	0	0	0
setup	0	2006-04-28 23:00:00	ANGA	1	1	0	0	1	0	0	0	1	424	0.0924886	1	0	0	0	0	0
setup	0	2006-04-29 23:00:00	ANGA	1	1	0	0	1	0	0	0	1	424	0.105983	1	0	0	0	0	0
setup	0	2006-04-30 23:00:00	ANGA	1	1	0	0	1	0	0	0	1	424	0.120886	1	0	0	0	0	0
setup	0	2006-05-01 23:00:00	ANGA	1	1	0	0	1	0	0	0	1	424	0.13725	1	0	0	0	0	0
setup	0	2006-05-02 23:00:00	ANGA	1	1	0	0	1	0	0	0	1	424	0.155112	1	0	0	0	0	0
setup	0	2006-05-03 23:00:00	ANGA	1	1	0	0	1	0	0	0	1	424	0.174491	1	0	0	0	0	0
setup	0	2006-05-04 23:00:00	ANGA	1	1	0	0	1	0	0	0	1	424	0.195386	1	0	0	0	0	0
setup	0	2006-05-05 23:00:00	ANGA	1	1	0	0	1	0	0	0	1	424	0.217776	1	0	0	0	0	0
setup	0	2006-05-06 23:00:00	ANGA	1	1	0	0	1	0	0	0	1	424	0.241614	1	0	0	0	0	0
setup	0	2006-05-07 23:00:00	ANGA	1	1	0	0	1	0	0	0	1	424	0.266827	1	0	0	0	0	0
setup	0	2006-05-08 23:00:00	ANGA	1	1	0	0	1	0	0	0	1	424	0.293313	1	0	0	0	0	0
setup	0	2006-05-09 23:00:00	ANGA	1	1	0	0	1	0	0	0	1	424	0.320944	1	0	0	0	0	0
setup	0	2006-05-10 23:00:00	ANGA	1	1	0	0	1	0	0	0	1	424	0.349559	1	0	0	0	0	0
setup	0	2006-05-11 23:00:00	ANGA	1	1	0	0	1	0	0	0	1	424	0.378973	1	0	0	0	0	0
setup	0	2006-05-12 23:00:00	ANGA	1	1	0	0	1	0	0	0	1	424	0.408969	1	0	0	0	0	0
setup	0	2006-05-13 23:00:00	ANGA	1	1	0	0	1	0	0	0	1	424	0.439306	1	0	0	0	0	0
setup	0	2006-05-14 23:00:00	ANGA	1	1	0	0	1	0	0	0	1	424	0.46972	1	0	0	0	0	0
setup	0	2006-05-15 23:00:00	ANGA	1	1	0	0	1	0	0	0	1	424	0.499927	1	0	0	0	0	0
setup	0	2006-05-16 23:00:00	ANGA	1	1	0	0	1	0	0	0	1	424	0.529625	1	0	0	0	0	0
setup	0	2006-05-17 23:00:00	ANGA	1	1	0	0	1	0	0	0	1	424	0.558503	1	0	0	0	0	0
setup	0	2006-05-18 23:00:00	ANGA	1	1	0	0	1	0	0	0	1	424	0.586243	1	0	0	0	0	0
setup	0	2006-05-19 23:00:00	ANGA	1	1	0	0	1	0	0	0	1	424	0.612527	1	0	0	0	0	0
setup	0	2006-05-20 23:00:00	ANGA	1	1	0	0	1	0	0	0	1	424	0.637041	1	0	0	0	0	0
setup	0	2006-05-21 23:00:00	ANGA	1	1	0	0	1	0	0	0	1	424	0.659485	1	0	0	0	0	0
setup	0	2006-05-22 23:00:00	ANGA	1	1	0	0	1	0	0	0	1	424	0.679575	1	0	0	0	0	0
setup	0	2006-05-23 23:00:00	ANGA	1	1	0	0	1	0	0	0	1	424	0.697051	1	0	0	0	0	0
setup	0	2006-05-24 23:00:00	ANGA	1	1	0	0	1	0	0	0	1	424	0.711684	1	0	0	0	0	0
setup	0	2006-05-25 23:00:00	ANGA	1	1	0	0	1	0	0	0	1	424	0.723276	1	0	0	0	0	0
setup	0	2006-05-26 23:00:00	ANGA	1	1	0	0	1	0	0	0	1	424	0.731673	1	0	0	0	0	0
setup	0	2006-05-27 23:00:00	ANGA	1	1	0	0	1	0	0	0	1	424	0.736757	1	0	0	0	0	0
setup	0	2006-05-28 23:00:00	ANGA	1	1	0	0	1	0	0	0	1	424	0.73846	1	0	0	0	0	0
setup	0	2006-05-29 23:00:00	ANGA	1	1	0	0	1	0	0	0	1	424	0.73846	1	0	0	0	0	0
setup	0	2006-05-30 23:00:00	ANGA	1	1	0	0	1	0	0	0	1	424	0.73846	1	0	0	0	0	0
setup	0	2006-05-31 23:00:00	ANGA	1	1	0	0	1	0	0	0	1	424	0.73846	1	0	0	0	0	0
setup	0	2006-06-01 23:00:00	ANGA	1	1	0	0	1	0	0	0	1	424	0.738049	1	0	0	0	0	0
setup	0	2006-06-02 23:00:00	ANGA	1	1	0	0	1	0	0	0	1	424	0.737573	1	0	0	0	0	0
setup	0	2006-06-03 23:00:00	ANGA	1	1	0	0	1	0	0	0	1	424	0.737022	1	0	0	0	0	0
setup	0	2006-06-04 23:00:00	ANGA	1	1	0	0	1	0	0	0	1	424	0.736386	1	0	0	0	0	0
setup	0	2006-06-05 23:00:00	ANGA	1	1	0	0	1	0	0	0	1	424	0.735655	1	0	0	0	0	0
setup	0	2006-06-06 23:00:00	ANGA	1	1	0	0	1	0	0	0	1	424	0.734816	1	0	0	0	0	0
setup	0	2006-06-07 23:00:00	ANGA	1	1	0	0	1	0	0	0	1	424	0.733856	1	0	0	0	0	0
setup	0	2006-06-08 23:00:00	ANGA	1	1	0	0	1	0	0	0	1	424	0.73276	1	0	0	0	0	0
setup	0	2006-06-09 23:00:00	ANGA	1	1	0	0	1	0	0	0	1	424	0.731511	1	0	0	0	0	0
setup	0	2006-06-10 23:00:00	ANGA	1	1	0	0	1	0	0	0	1	424	0.730093	1	0	0	0	0	0
setup	0	2006-06-11 23:00:00	ANGA	1	1	0	0	1	0	0	0	1	424	0.728487	1	0	0	0	0	0
setup	0	2006-06-12 23:00:00	ANGA	1	1	0	0	1	0	0	0	1	424	0.726673	1	0	0	0	0	0
setup	0	2006-06-13 23:00:00	ANGA	1	1	0	0	1	0	0	0	1	424	0.724629	1	0	0	0	0	0
setup	0	2006-06-14 23:00:00	ANGA	1	1	0	0	1	0	0	0	1	424	0.722331	1	0	0	0	0	0
setup	0	2006-06-15 23:00:00	ANGA	1	1	0	0	1	0	0	0	1	424	0.719756	1	0	0	0	0	0
setup	0	2006-06-16 23:00:00	ANGA	1	1	0	0	1	0	0	0	1	424	0.716878	1	0	0	0	0	0
setup	0	2006-06-17 23:00:00	ANGA	1	1	0	0	1	0	0	0	1	424	0.71367	1	0	0	0	0	0
setup	0	2006-06-18 23:00:00	ANGA	1	1	0	0	1	0	0	0	1	424	0.710103	1	0	0	0	0	0
setup	0	2006-06-19 23:00:00	ANGA	1	1	0	0	1	0	0	0	1	424	0.706148	1	0	0	0	0	0
setup	0	2006-06-20 23:00:00	ANGA	1	1	0	0	1	0	0	0	1	424	0.701775	1	0	0	0	0	0
setup	0	2006-06-21 23:00:00	ANGA	1	1	0	0	1	0	0	0	1	424	0.696952	1	0	0	0	0	0
setup	0	2006-06-22 23:00:00	ANGA	1	1	0	0	1	0	0	0	1	424	0.69165	1	0	0	0	0	0
setup	0	2006-06-23 23:00:00	ANGA	1	1	0	0	1	0	0	0	1	424	0.685835	1	0	0	0	0	0
setup	0	2006-06-24 23:00:00	ANGA	1	1	0	0	1	0	0	0	1	424	0.679476	1	0	0	0	0	0
setup	0	2006-06-25 23:00:00	ANGA	1	1	0	0	1	0	0	0	1	424	0.672543	1	0	0	0	0	0
setup	0	2006-06-26 23:00:00	ANGA	1	1	0	0	1	0	0	0	1	424	0.665003	1	0	0	0	0	0
setup	0	2006-06-27 23:00:00	ANGA	1	1	0	0	1	0	0	0	1	424	0.656829	1	0	0	0	0	0
setup	0	2006-06-28 23:00:00	ANGA	1	1	0	0	1	0	0	0	1	424	0.647991	1	0	0	0	0	0
setup	0	2006-06-29 23:00:00	ANGA	1	1	0	0	1	0	0	0	1	424	0.638464	1	0	0	0	0	0
setup	0	2006-06-30 23:00:00	ANGA	1	1	0	0	1	0	0	0	1	424	0.628224	1	0	0	0	0	0
setup	0	2006-07-01 23:00:00	ANGA	1	1	0	0	1	0	0	0	1	424	0.61725	1	0	0	0	0	0
setup	0	2006-07-02 23:00:00	ANGA	1	1	0	0	1	0	0	0	1	424	0.605526	1	0	0	0	0	0
setup	0	2006-07-03 23:00:00	ANGA	1	1	0	0	1	0	0	0	1	424	0.593036	1	0	0	0	0	0
setup	0	2006-07-04 23:00:00	ANGA	1	1	0	0	1	0	0	0	1	424	0.579773	1	0	0	0	0	0
setup	0	2006-07-05 23:00:00	ANGA	1	1	0	0	1	0	0	0	1	424	0.565732	1	0	0	0	0	0
setup	0	2006-07-06 23:00:00	ANGA	1	1	0	0	1	0	0	0	1	424	0.550915	1	0	0	0	0	0
setup	0	2006-07-07 23:00:00	ANGA	1	1	0	0	1	0	0	0	1	424	0.535327	1	0	0	0	0	0
setup	0	2006-07-08 23:00:00	ANGA	1	1	0	0	1	0	0	0	1	424	0.518983	1	0	0	0	0	0
setup	0	2006-07-09 23:00:00	ANGA	1	1	0	0	1	0	0	0	1	424	0.501901	1	0	0	0	0	0
setup	0	2006-07-10 23:00:00	ANGA	1	1	0	0	1	0	0	0	1	424	0.48411	1	0	0	0	0	0
setup	0	2006-07-11 23:00:00	ANGA	1	1	0	0	1	0	0	0	1	424	0.465641	1	0	0	0	0	0
setup	0	2006-07-12 23:00:00	ANGA	1	1	0	0	1	0	0	0	1	424	0.446538	1	0	0	0	0	0
setup	0	2006-07-13 23:00:00	ANGA	1	1	0	0	1	0	0	0	1	424	0.426849	1	0	0	0	0	0
setup	0	2006-07-14 23:00:00	ANGA	1	1	0	0	1	0	0	0	1	424	0.40663	1	0	0	0	0	0
setup	0	2006-07-15 23:00:00	ANGA	1	1	0	0	1	0	0	0	1	424	0.385946	1	0	0	0	0	0
setup	0	2006-07-16 23:00:00	ANGA	1	1	0	0	1	0	0	0	1	424	0.364867	1	0	0	0	0	0
setup	0	2006-07-17 23:00:00	ANGA	1	1	0	0	1	0	0	0	1	424	0.343473	1	0	0	0	0	0
setup	0	2006-07-18 23:00:00	ANGA	1	1	0	0	1	0	0	0	1	424	0.32185	1	0	0	0	0	0
setup	0	2006-07-19 23:00:00	ANGA	1	1	0	0	1	0	0	0	1	424	0.300089	1	0	0	0	0	0
setup	0	2006-07-20 23:00:00	ANGA	1	1	0	0	1	0	0	0	1	424	0.278288	1	0	0	0	0	0
setup	0	2006-07-21 23:00:00	ANGA	1	1	0	0	1	0	0	0	1	424	0.256551	1	0	0	0	0	0
setup	0	2006-07-22 23:00:00	ANGA	1	1	0	0	1	0	0	0	1	424	0.234984	1	0	0	0	0	0
setup	0	2006-07-23 23:00:00	ANGA	1	1	0	0	1	0	0	0	1	424	0.2137	1	0	0	0	0	0
setup	0	2006-07-24 23:00:00	ANGA	1	1	0	0	1	0	0	0	1	424	0.192813	1	0	0	0	0	0
setup	0	2006-07-25 23:00:00	ANGA	1	1	0	0	1	0	0	0	1	424	0.172438	1	0	0	0	0	0
setup	0	2006-07-26 23:00:00	ANGA	1	1	0	0	1	0	0	0	1	424	0.152692	1	0	0	0	0	0
setup	0	2006-07-27 23:00:00	ANGA	1	1	0	0	1	0	0	0	1	424	0.133692	1	0	0	0	0	0
setup	0	2006-07-28 23:00:00	ANGA	1	1	0	0	1	0	0	0	1	424	0.115552	1	0	0	0	0	0
setup	0	2006-07-29 23:00:00	ANGA	1	1	0	0	1	0	0	0	1	424	0.0983852	1	0	0	0	0	0
setup	0	2006-07-30 23:00:00	ANGA	1	1	0	0	1	0	0	0	1	424	0.0822997	1	0	0	0	0	0
setup	0	2006-07-31 23:00:00	ANGA	1	1	0	0	1	0	0	0	1	424	0.0673994	1	0	0	0	0	0
setup	0	2006-08-01 23:00:00	ANGA	1	1	0	0	1	0	0	0	1	424	0.053782	1	0	0	0	0	0
setup	0	2006-08-02 23:00:00	ANGA	1	1	0	0	1	0	0	0	1	424	0.0415381	1	0	0	0	0	0
setup	0	2006-08-03 23:00:00	ANGA	1	1	0	0	1	0	0	0	1	424	0.0307503	1	0	0	0	0	0
setup	0	2006-08-04 23:00:00	ANGA	1	1	0	0	1	0	0	0	1	424	0.0214923	1	0	0	0	0	0
setup	0	2006-08-05 23:00:00	ANGA	1	1	0	0	1	0	0	0	1	424	0.0138279	1	0	0	0	0	0
setup	0	2006-08-06 23:00:00	ANGA	1	1	0	0	1	0	0	0	1	424	0.00781023	1	0	0	0	0	0
setup	0	2006-08-07 23:00:00	ANGA	1	1	0	0	1	0	0	0	1	424	0.00348144	1	0	0	0	0	0
setup	0	2006-08-08 23:00:00	ANGA	1	1	0	0	1	0	0	0	1	424	0.000871897	1	0	0	0	0	0
setup	0	2006-08-09 23:00:00	ANGA	1	1	0	0	1	0	0	0	1	424	0	1	0	0	0	0	0
setup	0	2006-08-10 23:00:00	ANGA	1	1	0	0	1	0	0	0	1	424	0	1	0	0	0	0	0
setup	0	2006-08-11 23:00:00	ANGA	1	1	0	0	1	0	0	0	1	424	0	1	0	0	0	0	0
setup	0	2006-08-12 23:00:00	ANGA	1	1	0	0	1	0	0	0	1	424	0	1	0	0	0	0	0
setup	0	2006-08-13 23:00:00	ANGA	1	1	0	0	1	0	0	0	1	424	0	1	0	0	0	0	0
setup	0	2006-08-14 23:00:00	ANGA	1	1	0	0	1	0	0	0	1	424	0	1	0	0	0	0	0
setup	0	2006-08-15 23:00:00	ANGA	1	1	0	0	1	0	0	0	1	424	0	1	0	0	0	0	0
setup	0	2006-08-16 23:00:00	ANGA	1	1	0	0	1	0	0	0	1	424	0	1	0	0	0	0	0
setup	0	2006-08-17 23:00:00	ANGA	1	1	0	0	1	0	0	0	1	424	0	1	0	0	0	0	0
setup	0	2006-08-18 23:00:00	ANGA	1	1	0	0	1	0	0	0	1	424	0	1	0	0	0	0	0
setup	0	2006-08-19 23:00:00	ANGA	1	1	0	0	1	0	0	0	1	424	0	1	0	0	0	0	0
setup	0	2006-08-20 23:00:00	ANGA	1	1	0	0	1	0	0	0	1	424	0	1	0	0	0	0	0
setup	0	2006-08-21 23:00:00	ANGA	1	1	0	0	1	0	0	0	1	424	0	1	0	0	0	0	0
setup	0	2006-08-22 23:00:00	ANGA	1	1	0	0	1	0	0	0	1	424	0	1	0	0	0	0	0
setup	0	2006-08-23 23:00:00	ANGA	1	1	0	0	1	0	0	0	1	424	0	1	0	0	0	0	0
setup	0	2006-08-24 23:00:00	ANGA	1	1	0	0	1	0	0	0	1	424	0	1	0	0	0	0	0
setup	0	2006-08-25 23:00:00	ANGA	1	1	0	0	1	0	0	0	1	424	0	1	0	0	0	0	0
setup	0	2006-08-26 23:00:00	ANGA	1	1	0	0	1	0	0	0	1	424	0	1	0	0	0	0	0
setup	0	2006-08-27 23:00:00	ANGA	1	1	0	0	1	0	0	0	1	424	0	1	0	0	0	0	0
setup	0	2006-08-28 23:00:00	ANGA	1	1	0	0	1	0	0	0	1	424	0	1	0	0	0	0	0
setup	0	2006-08-29 23:00:00	ANGA	1	1	0	0	1	0	0	0	1	424	0	1	0	0	0	0	0
setup	0	2006-08-30 23:00:00	ANGA	1	1	0	0	1	0	0	0	1	424	0.00182918	1	0	0	0	0	0
setup	0	2006-08-31 23:00:00	ANGA	1	1	0	0	1	0	0	0	1	424	0.00230944	1	0	0	0	0	0
setup	0	2006-09-01 23:00:00	ANGA	1	1	0	0	1	0	0	0	1	424	0.00290237	1	0	0	0	0	0
setup	0	2006-09-02 23:00:00	ANGA	1	1	0	0	1	0	0	0	1	424	0.00363073	1	0	0	0	0	0
setup	0	2006-09-03 23:00:00	ANGA	1	1	0	0	1	0	0	0	1	424	0.00452096	1	0	0	0	0	0
setup	0	2006-09-04 23:00:00	ANGA	1	1	0	0	1	0	0	0	1	424	0.00560353	1	0	0	0	0	0
setup	0	2006-09-05 23:00:00	ANGA	1	1	0	0	1	0	0	0	1	424	0.00691334	1	0	0	0	0	0
setup	0	2006-09-06 23:00:00	ANGA	1	1	0	0	1	0	0	0	1	424	0.00849003	1	0	0	0	0	0
setup	0	2006-09-07 23:00:00	ANGA	1	1	0	0	1	0	0	0	1	424	0.0103783	1	0	0	0	0	0
setup	0	2006-09-08 23:00:00	ANGA	1	1	0	0	1	0	0	0	1	424	0.0126281	1	0	0	0	0	0
setup	0	2006-09-09 23:00:00	ANGA	1	1	0	0	1	0	0	0	1	424	0.0152948	1	0	0	0	0	0
setup	0	2006-09-10 23:00:00	ANGA	1	1	0	0	1	0	0	0	1	424	0.0184393	1	0	0	0	0	0
setup	0	2006-09-11 23:00:00	ANGA	1	1	0	0	1	0	0	0	1	424	0.022128	1	0	0	0	0	0
setup	0	2006-09-12 23:00:00	ANGA	1	1	0	0	1	0	0	0	1	424	0.0264322	1	0	0	0	0	0
setup	0	2006-09-13 23:00:00	ANGA	1	1	0	0	1	0	0	0	1	424	0.0314282	1	0	0	0	0	0
setup	0	2006-09-14 23:00:00	ANGA	1	1	0	0	1	0	0	0	1	424	0.0371964	1	0	0	0	0	0
setup	0	2006-09-15 23:00:00	ANGA	1	1	0	0	1	0	0	0	1	424	0.0438206	1	0	0	0	0	0
setup	0	2006-09-16 23:00:00	ANGA	1	1	0	0	1	0	0	0	1	424	0.0513866	1	0	0	0	0	0
setup	0	2006-09-17 23:00:00	ANGA	1	1	0	0	1	0	0	0	1	424	0.0599813	1	0	0	0	0	0
setup	0	2006-09-18 23:00:00	ANGA	1	1	0	0	1	0	0	0	1	424	0.0696912	1	0	0	0	0	0
setup	0	2006-09-19 23:00:00	ANGA	1	1	0	0	1	0	0	0	1	424	0.0805999	1	0	0	0	0	0
setup	0	2006-09-20 23:00:00	ANGA	1	1	0	0	1	0	0	0	1	424	0.0927868	1	0	0	0	0	0
setup	0	2006-09-21 23:00:00	ANGA	1	1	0	0	1	0	0	0	1	424	0.106324	1	0	0	0	0	0
setup	0	2006-09-22 23:00:00	ANGA	1	1	0	0	1	0	0	0	1	424	0.121276	1	0	0	0	0	0
setup	0	2006-09-23 23:00:00	ANGA	1	1	0	0	1	0	0	0	1	424	0.137693	1	0	0	0	0	0
setup	0	2006-09-24 23:00:00	ANGA	1	1	0	0	1	0	0	0	1	424	0.155612	1	0	0	0	0	0
setup	0	2006-09-25 23:00:00	ANGA	1	1	0	0	1	0	0	0	1	424	0.175053	1	0	0	0	0	0
setup	0	2006-09-26 23:00:00	ANGA	1	1	0	0	1	0	0	0	1	424	0.196016	1	0	0	0	0	0
setup	0	2006-09-27 23:00:00	ANGA	1	1	0	0	1	0	0	0	1	424	0.218479	1	0	0	0	0	0
setup	0	2006-09-28 23:00:00	ANGA	1	1	0	0	1	0	0	0	1	424	0.242393	1	0	0	0	0	0
setup	0	2006-09-29 23:00:00	ANGA	1	1	0	0	1	0	0	0	1	424	0.267687	1	0	0	0	0	0
setup	0	2006-09-30 23:00:00	ANGA	1	1	0	0	1	0	0	0	1	424	0.294259	1	0	0	0	0	0
setup	0	2006-10-01 23:00:00	ANGA	1	1	0	0	1	0	0	0	1	424	0.321978	1	0	0	0	0	0
setup	0	2006-10-02 23:00:00	ANGA	1	1	0	0	1	0	0	0	1	424	0.350686	1	0	0	0	0	0
setup	0	2006-10-03 23:00:00	ANGA	1	1	0	0	1	0	0	0	1	424	0.380195	1	0	0	0	0	0
setup	0	2006-10-04 23:00:00	ANGA	1	1	0	0	1	0	0	0	1	424	0.410287	1	0	0	0	0	0
setup	0	2006-10-05 23:00:00	ANGA	1	1	0	0	1	0	0	0	1	424	0.440722	1	0	0	0	0	0
setup	0	2006-10-06 23:00:00	ANGA	1	1	0	0	1	0	0	0	1	424	0.471235	1	0	0	0	0	0
setup	0	2006-10-07 23:00:00	ANGA	1	1	0	0	1	0	0	0	1	424	0.501539	1	0	0	0	0	0
setup	0	2006-10-08 23:00:00	ANGA	1	1	0	0	1	0	0	0	1	424	0.531333	1	0	0	0	0	0
setup	0	2006-10-09 23:00:00	ANGA	1	1	0	0	1	0	0	0	1	424	0.560304	1	0	0	0	0	0
setup	0	2006-10-10 23:00:00	ANGA	1	1	0	0	1	0	0	0	1	424	0.588134	1	0	0	0	0	0
setup	0	2006-10-11 23:00:00	ANGA	1	1	0	0	1	0	0	0	1	424	0.614502	1	0	0	0	0	0
setup	0	2006-10-12 23:00:00	ANGA	1	1	0	0	1	0	0	0	1	424	0.639095	1	0	0	0	0	0
setup	0	2006-10-13 23:00:00	ANGA	1	1	0	0	1	0	0	0	1	424	0.661611	1	0	0	0	0	0
setup	0	2006-10-14 23:00:00	ANGA	1	1	0	0	1	0	0	0	1	424	0.681766	1	0	0	0	0	0
setup	0	2006-10-15 23:00:00	ANGA	1	1	0	0	1	0	0	0	1	424	0.698919	1	0	0	0	0	0
setup	0	2006-10-16 23:00:00	ANGA	1	1	0	0	1	0	0	0	1	424	0.713148	1	0	0	0	0	0
setup	0	2006-10-17 23:00:00	ANGA	1	1	0	0	1	0	0	0	1	424	0.724246	1	0	0	0	0	0
setup	0	2006-10-18 23:00:00	ANGA	1	1	0	0	1	0	0	0	1	424	0.732044	1	0	0	0	0	0
setup	0	2006-10-19 23:00:00	ANGA	1	1	0	0	1	0	0	0	1	424	0.736418	1	0	0	0	0	0
setup	0	2006-10-20 23:00:00	ANGA	1	1	0	0	1	0	0	0	1	424	0.737287	1	0	0	0	0	0
setup	0	2006-10-21 23:00:00	ANGA	1	1	0	0	1	0	0	0	1	424	0.736323	1	0	0	0	0	0
setup	0	2006-10-22 23:00:00	ANGA	1	1	0	0	1	0	0	0	1	424	0.735223	1	0	0	0	0	0
setup	0	2006-10-23 23:00:00	ANGA	1	1	0	0	1	0	0	0	1	424	0.733971	1	0	0	0	0	0
setup	0	2006-10-24 23:00:00	ANGA	1	1	0	0	1	0	0	0	1	424	0.732548	1	0	0	0	0	0
setup	0	2006-10-25 23:00:00	ANGA	1	1	0	0	1	0	0	0	1	424	0.730937	1	0	0	0	0	0
setup	0	2006-10-26 23:00:00	ANGA	1	1	0	0	1	0	0	0	1	424	0.729116	1	0	0	0	0	0
setup	0	2006-10-27 23:00:00	ANGA	1	1	0	0	1	0	0	0	1	424	0.727065	1	0	0	0	0	0
setup	0	2006-10-28 23:00:00	ANGA	1	1	0	0	1	0	0	0	1	424	0.72476	1	0	0	0	0	0
setup	0	2006-10-29 23:00:00	ANGA	1	1	0	0	1	0	0	0	1	424	0.722176	1	0	0	0	0	0
setup	0	2006-10-30 23:00:00	ANGA	1	1	0	0	1	0	0	0	1	424	0.719288	1	0	0	0	0	0
setup	0	2006-10-31 23:00:00	ANGA	1	1	0	0	1	0	0	0	1	424	0.716069	1	0	0	0	0	0
setup	0	2006-11-01 23:00:00	ANGA	1	1	0	0	1	0	0	0	1	424	0.71249	1	0	0	0	0	0
setup	0	2006-11-02 23:00:00	ANGA	1	1	0	0	1	0	0	0	1	424	0.708522	1	0	0	0	0	0
setup	0	2006-11-03 23:00:00	ANGA	1	1	0	0	1	0	0	0	1	424	0.704134	1	0	0	0	0	0
setup	0	2006-11-04 23:00:00	ANGA	1	1	0	0	1	0	0	0	1	424	0.699295	1	0	0	0	0	0
setup	0	2006-11-05 23:00:00	ANGA	1	1	0	0	1	0	0	0	1	424	0.693975	1	0	0	0	0	0
setup	0	2006-11-06 23:00:00	ANGA	1	1	0	0	1	0	0	0	1	424	0.688141	1	0	0	0	0	0
setup	0	2006-11-07 23:00:00	ANGA	1	1	0	0	1	0	0	0	1	424	0.681761	1	0	0	0	0	0
setup	0	2006-11-08 23:00:00	ANGA	1	1	0	0	1	0	0	0	1	424	0.674804	1	0	0	0	0	0
setup	0	2006-11-09 23:00:00	ANGA	1	1	0	0	1	0	0	0	1	424	0.667239	1	0	0	0	0	0
setup	0	2006-11-10 23:00:00	ANGA	1	1	0	0	1	0	0	0	1	424	0.659037	1	0	0	0	0	0
setup	0	2006-11-11 23:00:00	ANGA	1	1	0	0	1	0	0	0	1	424	0.650169	1	0	0	0	0	0
setup	0	2006-11-12 23:00:00	ANGA	1	1	0	0	1	0	0	0	1	424	0.64061	1	0	0	0	0	0
setup	0	2006-11-13 23:00:00	ANGA	1	1	0	0	1	0	0	0	1	424	0.630336	1	0	0	0	0	0
setup	0	2006-11-14 23:00:00	ANGA	1	1	0	0	1	0	0	0	1	424	0.619325	1	0	0	0	0	0
setup	0	2006-11-15 23:00:00	ANGA	1	1	0	0	1	0	0	0	1	424	0.607561	1	0	0	0	0	0
setup	0	2006-11-16 23:00:00	ANGA	1	1	0	0	1	0	0	0	1	424	0.59503	1	0	0	0	0	0
setup	0	2006-11-17 23:00:00	ANGA	1	1	0	0	1	0	0	0	1	424	0.581722	1	0	0	0	0	0
setup	0	2006-11-18 23:00:00	ANGA	1	1	0	0	1	0	0	0	1	424	0.567634	1	0	0	0	0	0
setup	0	2006-11-19 23:00:00	ANGA	1	1	0	0	1	0	0	0	1	424	0.552767	1	0	0	0	0	0
setup	0	2006-11-20 23:00:00	ANGA	1	1	0	0	1	0	0	0	1	424	0.537127	1	0	0	0	0	0
setup	0	2006-11-21 23:00:00	ANGA	1	1	0	0	1	0	0	0	1	424	0.520727	1	0	0	0	0	0
setup	0	2006-11-22 23:00:00	ANGA	1	1	0	0	1	0	0	0	1	424	0.503589	1	0	0	0	0	0
setup	0	2006-11-23 23:00:00	ANGA	1	1	0	0	1	0	0	0	1	424	0.485737	1	0	0	0	0	0
setup	0	2006-11-24 23:00:00	ANGA	1	1	0	0	1	0	0	0	1	424	0.467207	1	0	0	0	0	0
setup	0	2006-11-25 23:00:00	ANGA	1	1	0	0	1	0	0	0	1	424	0.448039	1	0	0	0	0	0
setup	0	2006-11-26 23:00:00	ANGA	1	1	0	0	1	0	0	0	1	424	0.428284	1	0	0	0	0	0
setup	0	2006-11-27 23:00:00	ANGA	1	1	0	0	1	0	0	0	1	424	0.407997	1	0	0	0	0	0
setup	0	2006-11-28 23:00:00	ANGA	1	1	0	0	1	0	0	0	1	424	0.387243	1	0	0	0	0	0
setup	0	2006-11-29 23:00:00	ANGA	1	1	0	0	1	0	0	0	1	424	0.366094	1	0	0	0	0	0
setup	0	2006-11-30 23:00:00	ANGA	1	1	0	0	1	0	0	0	1	424	0.344628	1	0	0	0	0	0
setup	0	2006-12-01 23:00:00	ANGA	1	1	0	0	1	0	0	0	1	424	0.322932	1	0	0	0	0	0
setup	0	2006-12-02 23:00:00	ANGA	1	1	0	0	1	0	0	0	1	424	0.301098	1	0	0	0	0	0
setup	0	2006-12-03 23:00:00	ANGA	1	1	0	0	1	0	0	0	1	424	0.279224	1	0	0	0	0	0
setup	0	2006-12-04 23:00:00	ANGA	1	1	0	0	1	0	0	0	1	424	0.257413	1	0	0	0	0	0
setup	0	2006-12-05 23:00:00	ANGA	1	1	0	0	1	0	0	0	1	424	0.235774	1	0	0	0	0	0
setup	0	2006-12-06 23:00:00	ANGA	1	1	0	0	1	0	0	0	1	424	0.214419	1	0	0	0	0	0
setup	0	2006-12-07 23:00:00	ANGA	1	1	0	0	1	0	0	0	1	424	0.193461	1	0	0	0	0	0
setup	0	2006-12-08 23:00:00	ANGA	1	1	0	0	1	0	0	0	1	424	0.173018	1	0	0	0	0	0
setup	0	2006-12-09 23:00:00	ANGA	1	1	0	0	1	0	0	0	1	424	0.153205	1	0	0	0	0	0
setup	0	2006-12-10 23:00:00	ANGA	1	1	0	0	1	0	0	0	1	424	0.134141	1	0	0	0	0	0
setup	0	2006-12-11 23:00:00	ANGA	1	1	0	0	1	0	0	0	1	424	0.115941	1	0	0	0	0	0
setup	0	2006-12-12 23:00:00	ANGA	1	1	0	0	1	0	0	0	1	424	0.098716	1	0	0	0	0	0
setup	0	2006-12-13 23:00:00	ANGA	1	1	0	0	1	0	0	0	1	424	0.0825764	1	0	0	0	0	0
setup	0	2006-12-14 23:00:00	ANGA	1	1	0	0	1	0	0	0	1	424	0.067626	1	0	0	0	0	0
setup	0	2006-12-15 23:00:00	ANGA	1	1	0	0	1	0	0	0	1	424	0.0539628	1	0	0	0	0	0
setup	0	2006-12-16 23:00:00	ANGA	1	1	0	0	1	0	0	0	1	424	0.0416777	1	0	0	0	0	0
setup	0	2006-12-17 23:00:00	ANGA	1	1	0	0	1	0	0	0	1	424	0.0308537	1	0	0	0	0	0
setup	0	2006-12-18 23:00:00	ANGA	1	1	0	0	1	0	0	0	1	424	0.0215646	1	0	0	0	0	0
setup	0	2006-12-19 23:00:00	ANGA	1	1	0	0	1	0	0	0	1	424	0.0138744	1	0	0	0	0	0
setup	0	2006-12-20 23:00:00	ANGA	1	1	0	0	1	0	0	0	1	424	0.00783649	1	0	0	0	0	0
setup	0	2006-12-21 23:00:00	ANGA	1	1	0	0	1	0	0	0	1	424	0.00349314	1	0	0	0	0	0
setup	0	2006-12-22 23:00:00	ANGA	1	1	0	0	1	0	0	0	1	424	0.000874829	1	0	0	0	0	0
setup	0	2006-12-23 23:00:00	ANGA	1	1	0	0	1	0	0	0	1	424	0	1	0	0	0	0	0
setup	0	2006-12-24 23:00:00	ANGA	1	1	0	0	1	0	0	0	1	424	0	1	0	0	0	0	0
setup	0	2006-12-25 23:00:00	ANGA	1	1	0	0	1	0	0	0	1	424	0	1	0	0	0	0	0
setup	0	2006-12-26 23:00:00	ANGA	1	1	0	0	1	0	0	0	1	424	0	1	0	0	0	0	0
setup	0	2006-12-27 23:00:00	ANGA	1	1	0	0	1	0	0	0	1	424	0	1	0	0	0	0	0
setup	0	2006-12-28 23:00:00	ANGA	1	1	0	0	1	0	0	0	1	424	0	1	0	0	0	0	0
setup	0	2006-12-29 23:00:00	ANGA	1	1	0	0	1	0	0	0	1	424	0	1	0	0	0	0	0
setup	0	2006-12-30 23:00:00	ANGA	1	1	0	0	1	0	0	0	1	424	0	1	0	0	0	0	0
setup	0	2006-12-31 23:00:00	ANGA	1	1	0	0	1	0	0	0	1	424	0	1	0	0	0	0	0
setup	0	2007-01-01 23:00:00	ANGA	1	1	0	0	1	0	0	0	1	424	0	1	0	0	0	0	0
setup	0	2007-01-02 23:00:00	ANGA	1	1	0	0	1	0	0	0	1	424	0	1	0	0	0	0	0
setup	0	2007-01-03 23:00:00	ANGA	1	1	0	0	1	0	0	0	1	424	0	1	0	0	0	0	0
setup	0	2007-01-04 23:00:00	ANGA	1	1	0	0	1	0	0	0	1	424	0	1	0	0	0	0	0
setup	0	2007-01-05 23:00:00	ANGA	1	1	0	0	1	0	0	0	1	424	0	1	0	0	0	0	0
setup	0	2007-01-06 23:00:00	ANGA	1	1	0	0	1	0	0	0	1	424	0	1	0	0	0	0	0
setup	0	2007-01-07 23:00:00	ANGA	1	1	0	0	1	0	0	0	1	424	0	1	0	0	0	0	0
setup	0	2007-01-08 23:00:00	ANGA	1	1	0	0	1	0	0	0	1	424	0	1	0	0	0	0	0
setup	0	2007-01-09 23:00:00	ANGA	1	1	0	0	1	0	0	0	1	424	0	1	0	0	0	0	0
setup	0	2007-01-10 23:00:00	ANGA	1	1	0	0	1	0	0	0	1	424	0	1	0	0	0	0	0
setup	0	2007-01-11 23:00:00	ANGA	1	1	0	0	1	0	0	0	1	424	0	1	0	0	0	0	0
setup	0	2007-01-12 23:00:00	ANGA	1	1	0	0	1	0	0	0	1	424	0	1	0	0	0	0	0
setup	0	2007-01-13 23:00:00	ANGA	1	1	0	0	1	0	0	0	1	424	0.0033604	1	0	0	0	0	0
setup	0	2007-01-14 23:00:00	ANGA	1	1	0	0	1	0	0	0	1	424	0.0042427	1	0	0	0	0	0
setup	0	2007-01-15 23:00:00	ANGA	1	1	0	0	1	0	0	0	1	424	0.00533198	1	0	0	0	0	0
setup	0	2007-01-16 23:00:00	ANGA	1	1	0	0	1	0	0	0	1	424	0.00667005	1	0	0	0	0	0
setup	0	2007-01-17 23:00:00	ANGA	1	1	0	0	1	0	0	0	1	424	0.0083055	1	0	0	0	0	0
setup	0	2007-01-18 23:00:00	ANGA	1	1	0	0	1	0	0	0	1	424	0.0102943	1	0	0	0	0	0
setup	0	2007-01-19 23:00:00	ANGA	1	1	0	0	1	0	0	0	1	424	0.0127006	1	0	0	0	0	0
setup	0	2007-01-20 23:00:00	ANGA	1	1	0	0	1	0	0	0	1	424	0.0155971	1	0	0	0	0	0
setup	0	2007-01-21 23:00:00	ANGA	1	1	0	0	1	0	0	0	1	424	0.0190661	1	0	0	0	0	0
setup	0	2007-01-22 23:00:00	ANGA	1	1	0	0	1	0	0	0	1	424	0.0231992	1	0	0	0	0	0
setup	0	2007-01-23 23:00:00	ANGA	1	1	0	0	1	0	0	0	1	424	0.0280982	1	0	0	0	0	0
setup	0	2007-01-24 23:00:00	ANGA	1	1	0	0	1	0	0	0	1	424	0.0338751	1	0	0	0	0	0
setup	0	2007-01-25 23:00:00	ANGA	1	1	0	0	1	0	0	0	1	424	0.0406515	1	0	0	0	0	0
setup	0	2007-01-26 23:00:00	ANGA	1	1	0	0	1	0	0	0	1	424	0.0485589	1	0	0	0	0	0
setup	0	2007-01-27 23:00:00	ANGA	1	1	0	0	1	0	0	0	1	424	0.0577371	1	0	0	0	0	0
setup	0	2007-01-28 23:00:00	ANGA	1	1	0	0	1	0	0	0	1	424	0.0683339	1	0	0	0	0	0
setup	0	2007-01-29 23:00:00	ANGA	1	1	0	0	1	0	0	0	1	424	0.0805032	1	0	0	0	0	0
setup	0	2007-01-30 23:00:00	ANGA	1	1	0	0	1	0	0	0	1	424	0.0944028	1	0	0	0	0	0
setup	0	2007-01-31 23:00:00	ANGA	1	1	0	0	1	0	0	0	1	424	0.110192	1	0	0	0	0	0
setup	0	2007-02-01 23:00:00	ANGA	1	1	0	0	1	0	0	0	1	424	0.12803	1	0	0	0	0	0
setup	0	2007-02-02 23:00:00	ANGA	1	1	0	0	1	0	0	0	1	424	0.148071	1	0	0	0	0	0
setup	0	2007-02-03 23:00:00	ANGA	1	1	0	0	1	0	0	0	1	424	0.17046	1	0	0	0	0	0
setup	0	2007-02-04 23:00:00	ANGA	1	1	0	0	1	0	0	0	1	424	0.19533	1	0	0	0	0	0
setup	0	2007-02-05 23:00:00	ANGA	1	1	0	0	1	0	0	0	1	424	0.222797	1	0	0	0	0	0
setup	0	2007-02-06 23:00:00	ANGA	1	1	0	0	1	0	0	0	1	424	0.252957	1	0	0	0	0	0
setup	0	2007-02-07 23:00:00	ANGA	1	1	0	0	1	0	0	0	1	424	0.285877	1	0	0	0	0	0
setup	0	2007-02-08 23:00:00	ANGA	1	1	0	0	1	0	0	0	1	424	0.321592	1	0	0	0	0	0
setup	0	2007-02-09 23:00:00	ANGA	1	1	0	0	1	0	0	0	1	424	0.360103	1	0	0	0	0	0
setup	0	2007-02-10 23:00:00	ANGA	1	1	0	0	1	0	0	0	1	424	0.401369	1	0	0	0	0	0
setup	0	2007-02-11 23:00:00	ANGA	1	1	0	0	1	0	0	0	1	424	0.445303	1	0	0	0	0	0
setup	0	2007-02-12 23:00:00	ANGA	1	1	0	0	1	0	0	0	1	424	0.491771	1	0	0	0	0	0
setup	0	2007-02-13 23:00:00	ANGA	1	1	0	0	1	0	0	0	1	424	0.540586	1	0	0	0	0	0
setup	0	2007-02-14 23:00:00	ANGA	1	1	0	0	1	0	0	0	1	424	0.59151	1	0	0	0	0	0
setup	0	2007-02-15 23:00:00	ANGA	1	1	0	0	1	0	0	0	1	424	0.644249	1	0	0	0	0	0
setup	0	2007-02-16 23:00:00	ANGA	1	1	0	0	1	0	0	0	1	424	0.698459	1	0	0	0	0	0
setup	0	2007-02-17 23:00:00	ANGA	1	1	0	0	1	0	0	0	1	424	0.753743	1	0	0	0	0	0
setup	0	2007-02-18 23:00:00	ANGA	1	1	0	0	1	0	0	0	1	424	0.809656	1	0	0	0	0	0
setup	0	2007-02-19 23:00:00	ANGA	1	1	0	0	1	0	0	0	1	424	0.86571	1	0	0	0	0	0
setup	0	2007-02-20 23:00:00	ANGA	1	1	0	0	1	0	0	0	1	424	0.921382	1	0	0	0	0	0
setup	0	2007-02-21 23:00:00	ANGA	1	1	0	0	1	0	0	0	1	424	0.976117	1	0	0	0	0	0
setup	0	2007-02-22 23:00:00	ANGA	1	1	0	0	1	0	0	0	1	424	1.02934	1	0	0	0	0	0
setup	0	2007-02-23 23:00:00	ANGA	1	1	0	0	1	0	0	0	1	424	1.08047	1	0	0	0	0	0
setup	0	2007-02-24 23:00:00	ANGA	1	1	0	0	1	0	0	0	1	424	1.12891	1	0	0	0	0	0
setup	0	2007-02-25 23:00:00	ANGA	1	1	0	0	1	0	0	0	1	424	1.17409	1	0	0	0	0	0
setup	0	2007-02-26 23:00:00	ANGA	1	1	0	0	1	0	0	0	1	424	1.21545	1	0	0	0	0	0
setup	0	2007-02-27 23:00:00	ANGA	1	1	0	0	1	0	0	0	1	424	1.25248	1	0	0	0	0	0
setup	0	2007-02-28 23:00:00	ANGA	1	1	0	0	1	0	0	0	1	424	1.28469	1	0	0	0	0	0
setup	0	2007-03-01 23:00:00	ANGA	1	1	0	0	1	0	0	0	1	424	1.31166	1	0	0	0	0	0
setup	0	2007-03-02 23:00:00	ANGA	1	1	0	0	1	0	0	0	1	424	1.33302	1	0	0	0	0	0
setup	0	2007-03-03 23:00:00	ANGA	1	1	0	0	1	0	0	0	1	424	1.3485	1	0	0	0	0	0
setup	0	2007-03-04 23:00:00	ANGA	1	1	0	0	1	0	0	0	1	424	1.35787	1	0	0	0	0	0
setup	0	2007-03-05 23:00:00	ANGA	1	1	0	0	1	0	0	0	1	424	1.36101	1	0	0	0	0	0
setup	0	2007-03-06 23:00:00	ANGA	1	1	0	0	1	0	0	0	1	424	1.36025	1	0	0	0	0	0
setup	0	2007-03-07 23:00:00	ANGA	1	1	0	0	1	0	0	0	1	424	1.35937	1	0	0	0	0	0
setup	0	2007-03-08 23:00:00	ANGA	1	1	0	0	1	0	0	0	1	424	1.35836	1	0	0	0	0	0
setup	0	2007-03-09 23:00:00	ANGA	1	1	0	0	1	0	0	0	1	424	1.35718	1	0	0	0	0	0
setup	0	2007-03-10 23:00:00	ANGA	1	1	0	0	1	0	0	0	1	424	1.35584	1	0	0	0	0	0
setup	0	2007-03-11 23:00:00	ANGA	1	1	0	0	1	0	0	0	1	424	1.35429	1	0	0	0	0	0
setup	0	2007-03-12 23:00:00	ANGA	1	1	0	0	1	0	0	0	1	424	1.35252	1	0	0	0	0	0
setup	0	2007-03-13 23:00:00	ANGA	1	1	0	0	1	0	0	0	1	424	1.3505	1	0	0	0	0	0
setup	0	2007-03-14 23:00:00	ANGA	1	1	0	0	1	0	0	0	1	424	1.3482	1	0	0	0	0	0
setup	0	2007-03-15 23:00:00	ANGA	1	1	0	0	1	0	0	0	1	424	1.34559	1	0	0	0	0	0
setup	0	2007-03-16 23:00:00	ANGA	1	1	0	0	1	0	0	0	1	424	1.34263	1	0	0	0	0	0
setup	0	2007-03-17 23:00:00	ANGA	1	1	0	0	1	0	0	0	1	424	1.33928	1	0	0	0	0	0
setup	0	2007-03-18 23:00:00	ANGA	1	1	0	0	1	0	0	0	1	424	1.33551	1	0	0	0	0	0
setup	0	2007-03-19 23:00:00	ANGA	1	1	0	0	1	0	0	0	1	424	1.33128	1	0	0	0	0	0
setup	0	2007-03-20 23:00:00	ANGA	1	1	0	0	1	0	0	0	1	424	1.32653	1	0	0	0	0	0
setup	0	2007-03-21 23:00:00	ANGA	1	1	0	0	1	0	0	0	1	424	1.32123	1	0	0	0	0	0
setup	0	2007-03-22 23:00:00	ANGA	1	1	0	0	1	0	0	0	1	424	1.31532	1	0	0	0	0	0
setup	0	2007-03-23 23:00:00	ANGA	1	1	0	0	1	0	0	0	1	424	1.30874	1	0	0	0	0	0
setup	0	2007-03-24 23:00:00	ANGA	1	1	0	0	1	0	0	0	1	424	1.30145	1	0	0	0	0	0
setup	0	2007-03-25 23:00:00	ANGA	1	1	0	0	1	0	0	0	1	424	1.29339	1	0	0	0	0	0
setup	0	2007-03-26 23:00:00	ANGA	1	1	0	0	1	0	0	0	1	424	1.28451	1	0	0	0	0	0
setup	0	2007-03-27 23:00:00	ANGA	1	1	0	0	1	0	0	0	1	424	1.27473	1	0	0	0	0	0
setup	0	2007-03-28 23:00:00	ANGA	1	1	0	0	1	0	0	0	1	424	1.26402	1	0	0	0	0	0
setup	0	2007-03-29 23:00:00	ANGA	1	1	0	0	1	0	0	0	1	424	1.2523	1	0	0	0	0	0
setup	0	2007-03-30 23:00:00	ANGA	1	1	0	0	1	0	0	0	1	424	1.23952	1	0	0	0	0	0
setup	0	2007-03-31 23:00:00	ANGA	1	1	0	0	1	0	0	0	1	424	1.22562	1	0	0	0	0	0
setup	0	2007-04-01 23:00:00	ANGA	1	1	0	0	1	0	0	0	1	424	1.21056	1	0	0	0	0	0
setup	0	2007-04-02 23:00:00	ANGA	1	1	0	0	1	0	0	0	1	424	1.19427	1	0	0	0	0	0
setup	0	2007-04-03 23:00:00	ANGA	1	1	0	0	1	0	0	0	1	424	1.17671	1	0	0	0	0	0
setup	0	2007-04-04 23:00:00	ANGA	1	1	0	0	1	0	0	0	1	424	1.15784	1	0	0	0	0	0
setup	0	2007-04-05 23:00:00	ANGA	1	1	0	0	1	0	0	0	1	424	1.13761	1	0	0	0	0	0
setup	0	2007-04-06 23:00:00	ANGA	1	1	0	0	1	0	0	0	1	424	1.116	1	0	0	0	0	0
setup	0	2007-04-07 23:00:00	ANGA	1	1	0	0	1	0	0	0	1	424	1.09299	1	0	0	0	0	0
setup	0	2007-04-08 23:00:00	ANGA	1	1	0	0	1	0	0	0	1	424	1.06854	1	0	0	0	0	0
setup	0	2007-04-09 23:00:00	ANGA	1	1	0	0	1	0	0	0	1	424	1.04266	1	0	0	0	0	0
setup	0	2007-04-10 23:00:00	ANGA	1	1	0	0	1	0	0	0	1	424	1.01535	1	0	0	0	0	0
setup	0	2007-04-11 23:00:00	ANGA	1	1	0	0	1	0	0	0	1	424	0.986626	1	0	0	0	0	0
setup	0	2007-04-12 23:00:00	ANGA	1	1	0	0	1	0	0	0	1	424	0.956502	1	0	0	0	0	0
setup	0	2007-04-13 23:00:00	ANGA	1	1	0	0	1	0	0	0	1	424	0.925021	1	0	0	0	0	0
setup	0	2007-04-14 23:00:00	ANGA	1	1	0	0	1	0	0	0	1	424	0.89223	1	0	0	0	0	0
setup	0	2007-04-15 23:00:00	ANGA	1	1	0	0	1	0	0	0	1	424	0.858193	1	0	0	0	0	0
setup	0	2007-04-16 23:00:00	ANGA	1	1	0	0	1	0	0	0	1	424	0.822985	1	0	0	0	0	0
setup	0	2007-04-17 23:00:00	ANGA	1	1	0	0	1	0	0	0	1	424	0.786697	1	0	0	0	0	0
setup	0	2007-04-18 23:00:00	ANGA	1	1	0	0	1	0	0	0	1	424	0.749433	1	0	0	0	0	0
setup	0	2007-04-19 23:00:00	ANGA	1	1	0	0	1	0	0	0	1	424	0.711311	1	0	0	0	0	0
setup	0	2007-04-20 23:00:00	ANGA	1	1	0	0	1	0	0	0	1	424	0.672462	1	0	0	0	0	0
setup	0	2007-04-21 23:00:00	ANGA	1	1	0	0	1	0	0	0	1	424	0.633033	1	0	0	0	0	0
setup	0	2007-04-22 23:00:00	ANGA	1	1	0	0	1	0	0	0	1	424	0.59318	1	0	0	0	0	0
setup	0	2007-04-23 23:00:00	ANGA	1	1	0	0	1	0	0	0	1	424	0.553074	1	0	0	0	0	0
setup	0	2007-04-24 23:00:00	ANGA	1	1	0	0	1	0	0	0	1	424	0.512895	1	0	0	0	0	0
setup	0	2007-04-25 23:00:00	ANGA	1	1	0	0	1	0	0	0	1	424	0.472832	1	0	0	0	0	0
setup	0	2007-04-26 23:00:00	ANGA	1	1	0	0	1	0	0	0	1	424	0.433084	1	0	0	0	0	0
setup	0	2007-04-27 23:00:00	ANGA	1	1	0	0	1	0	0	0	1	424	0.393857	1	0	0	0	0	0
setup	0	2007-04-28 23:00:00	ANGA	1	1	0	0	1	0	0	0	1	424	0.355361	1	0	0	0	0	0
setup	0	2007-04-29 23:00:00	ANGA	1	1	0	0	1	0	0	0	1	424	0.317809	1	0	0	0	0	0
setup	0	2007-04-30 23:00:00	ANGA	1	1	0	0	1	0	0	0	1	424	0.281417	1	0	0	0	0	0
setup	0	2007-05-01 23:00:00	ANGA	1	1	0	0	1	0	0	0	1	424	0.246399	1	0	0	0	0	0
setup	0	2007-05-02 23:00:00	ANGA	1	1	0	0	1	0	0	0	1	424	0.212966	1	0	0	0	0	0
setup	0	2007-05-03 23:00:00	ANGA	1	1	0	0	1	0	0	0	1	424	0.181327	1	0	0	0	0	0
setup	0	2007-05-04 23:00:00	ANGA	1	1	0	0	1	0	0	0	1	424	0.151681	1	0	0	0	0	0
setup	0	2007-05-05 23:00:00	ANGA	1	1	0	0	1	0	0	0	1	424	0.124219	1	0	0	0	0	0
setup	0	2007-05-06 23:00:00	ANGA	1	1	0	0	1	0	0	0	1	424	0.099122	1	0	0	0	0	0
setup	0	2007-05-07 23:00:00	ANGA	1	1	0	0	1	0	0	0	1	424	0.0765561	1	0	0	0	0	0
setup	0	2007-05-08 23:00:00	ANGA	1	1	0	0	1	0	0	0	1	424	0.0566739	1	0	0	0	0	0
setup	0	2007-05-09 23:00:00	ANGA	1	1	0	0	1	0	0	0	1	424	0.0396111	1	0	0	0	0	0
setup	0	2007-05-10 23:00:00	ANGA	1	1	0	0	1	0	0	0	1	424	0.0254853	1	0	0	0	0	0
setup	0	2007-05-11 23:00:00	ANGA	1	1	0	0	1	0	0	0	1	424	0.0143945	1	0	0	0	0	0
setup	0	2007-05-12 23:00:00	ANGA	1	1	0	0	1	0	0	0	1	424	0.0064164	1	0	0	0	0	0
setup	0	2007-05-13 23:00:00	ANGA	1	1	0	0	1	0	0	0	1	424	0.00160694	1	0	0	0	0	0
setup	0	2007-05-14 23:00:00	ANGA	1	1	0	0	1	0	0	0	1	424	0	1	0	0	0	0	0
setup	0	2007-05-15 23:00:00	ANGA	1	1	0	0	1	0	0	0	1	424	0	1	0	0	0	0	0
setup	0	2007-05-16 23:00:00	ANGA	1	1	0	0	1	0	0	0	1	424	0	1	0	0	0	0	0
setup	0	2007-05-17 23:00:00	ANGA	1	1	0	0	1	0	0	0	1	424	0	1	0	0	0	0	0
setup	0	2007-05-18 23:00:00	ANGA	1	1	0	0	1	0	0	0	1	424	0	1	0	0	0	0	0
setup	0	2007-05-19 23:00:00	ANGA	1	1	0	0	1	0	0	0	1	424	0	1	0	0	0	0	0
setup	0	2007-05-20 23:00:00	ANGA	1	1	0	0	1	0	0	0	1	424	0	1	0	0	0	0	0
setup	0	2007-05-21 23:00:00	ANGA	1	1	0	0	1	0	0	0	1	424	0	1	0	0	0	0	0
setup	0	2007-05-22 23:00:00	ANGA	1	1	0	0	1	0	0	0	1	424	0	1	0	0	0	0	0
setup	0	2007-05-23 23:00:00	ANGA	1	1	0	0	1	0	0	0	1	424	0	1	0	0	0	0	0
setup	0	2007-05-24 23:00:00	ANGA	1	1	0	0	1	0	0	0	1	424	0	1	0	0	0	0	0
setup	0	2007-05-25 23:00:00	ANGA	1	1	0	0	1	0	0	0	1	424	0	1	0	0	0	0	0
setup	0	2007-05-26 23:00:00	ANGA	1	1	0	0	1	0	0	0	1	424	0	1	0	0	0	0	0
setup	0	2007-05-27 23:00:00	ANGA	1	1	0	0	1	0	0	0	1	424	0	1	0	0	0	0	0
setup	0	2007-05-28 23:00:00	ANGA	1	1	0	0	1	0	0	0	1	424	0	1	0	0	0	0	0
setup	0	2007-05-29 23:00:00	ANGA	1	1	0	0	1	0	0	0	1	424	0	1	0	0	0	0	0
setup	0	2007-05-30 23:00:00	ANGA	1	1	0	0	1	0	0	0	1	424	0	1	0	0	0	0	0
setup	0	2007-05-31 23:00:00	ANGA	1	1	0	0	1	0	0	0	1	424	0	1	0	0	0	0	0
setup	0	2007-06-01 23:00:00	ANGA	1	1	0	0	1	0	0	0	1	424	0	1	0	0	0	0	0
setup	0	2007-06-02 23:00:00	ANGA	1	1	0	0	1	0	0	0	1	424	0	1	0	0	0	0	0
setup	0	2007-06-03 23:00:00	ANGA	1	1	0	0	1	0	0	0	1	424	0.00289309	1	0	0	0	0	0
setup	0	2007-06-04 23:00:00	ANGA	1	1	0	0	1	0	0	0	1	424	0.00365269	1	0	0	0	0	0
setup	0	2007-06-05 23:00:00	ANGA	1	1	0	0	1	0	0	0	1	424	0.0045905	1	0	0	0	0	0
setup	0	2007-06-06 23:00:00	ANGA	1	1	0	0	1	0	0	0	1	424	0.0057425	1	0	0	0	0	0
setup	0	2007-06-07 23:00:00	ANGA	1	1	0	0	1	0	0	0	1	424	0.00715051	1	0	0	0	0	0
setup	0	2007-06-08 23:00:00	ANGA	1	1	0	0	1	0	0	0	1	424	0.00886275	1	0	0	0	0	0
setup	0	2007-06-09 23:00:00	ANGA	1	1	0	0	1	0	0	0	1	424	0.0109344	1	0	0	0	0	0
setup	0	2007-06-10 23:00:00	ANGA	1	1	0	0	1	0	0	0	1	424	0.0134281	1	0	0	0	0	0
setup	0	2007-06-11 23:00:00	ANGA	1	1	0	0	1	0	0	0	1	424	0.0164147	1	0	0	0	0	0
setup	0	2007-06-12 23:00:00	ANGA	1	1	0	0	1	0	0	0	1	424	0.019973	1	0	0	0	0	0
setup	0	2007-06-13 23:00:00	ANGA	1	1	0	0	1	0	0	0	1	424	0.0241908	1	0	0	0	0	0
setup	0	2007-06-14 23:00:00	ANGA	1	1	0	0	1	0	0	0	1	424	0.0291643	1	0	0	0	0	0
setup	0	2007-06-15 23:00:00	ANGA	1	1	0	0	1	0	0	0	1	424	0.0349984	1	0	0	0	0	0
setup	0	2007-06-16 23:00:00	ANGA	1	1	0	0	1	0	0	0	1	424	0.0418061	1	0	0	0	0	0
setup	0	2007-06-17 23:00:00	ANGA	1	1	0	0	1	0	0	0	1	424	0.049708	1	0	0	0	0	0
setup	0	2007-06-18 23:00:00	ANGA	1	1	0	0	1	0	0	0	1	424	0.0588312	1	0	0	0	0	0
setup	0	2007-06-19 23:00:00	ANGA	1	1	0	0	1	0	0	0	1	424	0.0693082	1	0	0	0	0	0
setup	0	2007-06-20 23:00:00	ANGA	1	1	0	0	1	0	0	0	1	424	0.0812748	1	0	0	0	0	0
setup	0	2007-06-21 23:00:00	ANGA	1	1	0	0	1	0	0	0	1	424	0.0948687	1	0	0	0	0	0
setup	0	2007-06-22 23:00:00	ANGA	1	1	0	0	1	0	0	0	1	424	0.110226	1	0	0	0	0	0
setup	0	2007-06-23 23:00:00	ANGA	1	1	0	0	1	0	0	0	1	424	0.12748	1	0	0	0	0	0
setup	0	2007-06-24 23:00:00	ANGA	1	1	0	0	1	0	0	0	1	424	0.146755	1	0	0	0	0	0
setup	0	2007-06-25 23:00:00	ANGA	1	1	0	0	1	0	0	0	1	424	0.168167	1	0	0	0	0	0
setup	0	2007-06-26 23:00:00	ANGA	1	1	0	0	1	0	0	0	1	424	0.191814	1	0	0	0	0	0
setup	0	2007-06-27 23:00:00	ANGA	1	1	0	0	1	0	0	0	1	424	0.21778	1	0	0	0	0	0
setup	0	2007-06-28 23:00:00	ANGA	1	1	0	0	1	0	0	0	1	424	0.246122	1	0	0	0	0	0
setup	0	2007-06-29 23:00:00	ANGA	1	1	0	0	1	0	0	0	1	424	0.276871	1	0	0	0	0	0
setup	0	2007-06-30 23:00:00	ANGA	1	1	0	0	1	0	0	0	1	424	0.310026	1	0	0	0	0	0
setup	0	2007-07-01 23:00:00	ANGA	1	1	0	0	1	0	0	0	1	424	0.345554	1	0	0	0	0	0
setup	0	2007-07-02 23:00:00	ANGA	1	1	0	0	1	0	0	0	1	424	0.383378	1	0	0	0	0	0
setup	0	2007-07-03 23:00:00	ANGA	1	1	0	0	1	0	0	0	1	424	0.423384	1	0	0	0	0	0
setup	0	2007-07-04 23:00:00	ANGA	1	1	0	0	1	0	0	0	1	424	0.465411	1	0	0	0	0	0
setup	0	2007-07-05 23:00:00	ANGA	1	1	0	0	1	0	0	0	1	424	0.509253	1	0	0	0	0	0
setup	0	2007-07-06 23:00:00	ANGA	1	1	0	0	1	0	0	0	1	424	0.554658	1	0	0	0	0	0
setup	0	2007-07-07 23:00:00	ANGA	1	1	0	0	1	0	0	0	1	424	0.60133	1	0	0	0	0	0
setup	0	2007-07-08 23:00:00	ANGA	1	1	0	0	1	0	0	0	1	424	0.648925	1	0	0	0	0	0
setup	0	2007-07-09 23:00:00	ANGA	1	1	0	0	1	0	0	0	1	424	0.697062	1	0	0	0	0	0
setup	0	2007-07-10 23:00:00	ANGA	1	1	0	0	1	0	0	0	1	424	0.745322	1	0	0	0	0	0
setup	0	2007-07-11 23:00:00	ANGA	1	1	0	0	1	0	0	0	1	424	0.793252	1	0	0	0	0	0
setup	0	2007-07-12 23:00:00	ANGA	1	1	0	0	1	0	0	0	1	424	0.840375	1	0	0	0	0	0
setup	0	2007-07-13 23:00:00	ANGA	1	1	0	0	1	0	0	0	1	424	0.886197	1	0	0	0	0	0
setup	0	2007-07-14 23:00:00	ANGA	1	1	0	0	1	0	0	0	1	424	0.930213	1	0	0	0	0	0
setup	0	2007-07-15 23:00:00	ANGA	1	1	0	0	1	0	0	0	1	424	0.971919	1	0	0	0	0	0
setup	0	2007-07-16 23:00:00	ANGA	1	1	0	0	1	0	0	0	1	424	1.01082	1	0	0	0	0	0
setup	0	2007-07-17 23:00:00	ANGA	1	1	0	0	1	0	0	0	1	424	1.04643	1	0	0	0	0	0
setup	0	2007-07-18 23:00:00	ANGA	1	1	0	0	1	0	0	0	1	424	1.07831	1	0	0	0	0	0
setup	0	2007-07-19 23:00:00	ANGA	1	1	0	0	1	0	0	0	1	424	1.10604	1	0	0	0	0	0
setup	0	2007-07-20 23:00:00	ANGA	1	1	0	0	1	0	0	0	1	424	1.12925	1	0	0	0	0	0
setup	0	2007-07-21 23:00:00	ANGA	1	1	0	0	1	0	0	0	1	424	1.14765	1	0	0	0	0	0
setup	0	2007-07-22 23:00:00	ANGA	1	1	0	0	1	0	0	0	1	424	1.16097	1	0	0	0	0	0
setup	0	2007-07-23 23:00:00	ANGA	1	1	0	0	1	0	0	0	1	424	1.16904	1	0	0	0	0	0
setup	0	2007-07-24 23:00:00	ANGA	1	1	0	0	1	0	0	0	1	424	1.17109	1	0	0	0	0	0
setup	0	2007-07-25 23:00:00	ANGA	1	1	0	0	1	0	0	0	1	424	1.17033	1	0	0	0	0	0
setup	0	2007-07-26 23:00:00	ANGA	1	1	0	0	1	0	0	0	1	424	1.16946	1	0	0	0	0	0
setup	0	2007-07-27 23:00:00	ANGA	1	1	0	0	1	0	0	0	1	424	1.16845	1	0	0	0	0	0
setup	0	2007-07-28 23:00:00	ANGA	1	1	0	0	1	0	0	0	1	424	1.16729	1	0	0	0	0	0
setup	0	2007-07-29 23:00:00	ANGA	1	1	0	0	1	0	0	0	1	424	1.16596	1	0	0	0	0	0
setup	0	2007-07-30 23:00:00	ANGA	1	1	0	0	1	0	0	0	1	424	1.16444	1	0	0	0	0	0
setup	0	2007-07-31 23:00:00	ANGA	1	1	0	0	1	0	0	0	1	424	1.1627	1	0	0	0	0	0
setup	0	2007-08-01 23:00:00	ANGA	1	1	0	0	1	0	0	0	1	424	1.16072	1	0	0	0	0	0
setup	0	2007-08-02 23:00:00	ANGA	1	1	0	0	1	0	0	0	1	424	1.15847	1	0	0	0	0	0
setup	0	2007-08-03 23:00:00	ANGA	1	1	0	0	1	0	0	0	1	424	1.15592	1	0	0	0	0	0
setup	0	2007-08-04 23:00:00	ANGA	1	1	0	0	1	0	0	0	1	424	1.15304	1	0	0	0	0	0
setup	0	2007-08-05 23:00:00	ANGA	1	1	0	0	1	0	0	0	1	424	1.1498	1	0	0	0	0	0
setup	0	2007-08-06 23:00:00	ANGA	1	1	0	0	1	0	0	0	1	424	1.14615	1	0	0	0	0	0
setup	0	2007-08-07 23:00:00	ANGA	1	1	0	0	1	0	0	0	1	424	1.14206	1	0	0	0	0	0
setup	0	2007-08-08 23:00:00	ANGA	1	1	0	0	1	0	0	0	1	424	1.1375	1	0	0	0	0	0
setup	0	2007-08-09 23:00:00	ANGA	1	1	0	0	1	0	0	0	1	424	1.13241	1	0	0	0	0	0
setup	0	2007-08-10 23:00:00	ANGA	1	1	0	0	1	0	0	0	1	424	1.12675	1	0	0	0	0	0
setup	0	2007-08-11 23:00:00	ANGA	1	1	0	0	1	0	0	0	1	424	1.12047	1	0	0	0	0	0
setup	0	2007-08-12 23:00:00	ANGA	1	1	0	0	1	0	0	0	1	424	1.11353	1	0	0	0	0	0
setup	0	2007-08-13 23:00:00	ANGA	1	1	0	0	1	0	0	0	1	424	1.10588	1	0	0	0	0	0
setup	0	2007-08-14 23:00:00	ANGA	1	1	0	0	1	0	0	0	1	424	1.09747	1	0	0	0	0	0
setup	0	2007-08-15 23:00:00	ANGA	1	1	0	0	1	0	0	0	1	424	1.08824	1	0	0	0	0	0
setup	0	2007-08-16 23:00:00	ANGA	1	1	0	0	1	0	0	0	1	424	1.07815	1	0	0	0	0	0
setup	0	2007-08-17 23:00:00	ANGA	1	1	0	0	1	0	0	0	1	424	1.06715	1	0	0	0	0	0
setup	0	2007-08-18 23:00:00	ANGA	1	1	0	0	1	0	0	0	1	424	1.05519	1	0	0	0	0	0
setup	0	2007-08-19 23:00:00	ANGA	1	1	0	0	1	0	0	0	1	424	1.04222	1	0	0	0	0	0
setup	0	2007-08-20 23:00:00	ANGA	1	1	0	0	1	0	0	0	1	424	1.02819	1	0	0	0	0	0
setup	0	2007-08-21 23:00:00	ANGA	1	1	0	0	1	0	0	0	1	424	1.01307	1	0	0	0	0	0
setup	0	2007-08-22 23:00:00	ANGA	1	1	0	0	1	0	0	0	1	424	0.996827	1	0	0	0	0	0
setup	0	2007-08-23 23:00:00	ANGA	1	1	0	0	1	0	0	0	1	424	0.979414	1	0	0	0	0	0
setup	0	2007-08-24 23:00:00	ANGA	1	1	0	0	1	0	0	0	1	424	0.96081	1	0	0	0	0	0
setup	0	2007-08-25 23:00:00	ANGA	1	1	0	0	1	0	0	0	1	424	0.940993	1	0	0	0	0	0
setup	0	2007-08-26 23:00:00	ANGA	1	1	0	0	1	0	0	0	1	424	0.919948	1	0	0	0	0	0
setup	0	2007-08-27 23:00:00	ANGA	1	1	0	0	1	0	0	0	1	424	0.897669	1	0	0	0	0	0
setup	0	2007-08-28 23:00:00	ANGA	1	1	0	0	1	0	0	0	1	424	0.874157	1	0	0	0	0	0
setup	0	2007-08-29 23:00:00	ANGA	1	1	0	0	1	0	0	0	1	424	0.849424	1	0	0	0	0	0
setup	0	2007-08-30 23:00:00	ANGA	1	1	0	0	1	0	0	0	1	424	0.823489	1	0	0	0	0	0
setup	0	2007-08-31 23:00:00	ANGA	1	1	0	0	1	0	0	0	1	424	0.796386	1	0	0	0	0	0
setup	0	2007-09-01 23:00:00	ANGA	1	1	0	0	1	0	0	0	1	424	0.768155	1	0	0	0	0	0
setup	0	2007-09-02 23:00:00	ANGA	1	1	0	0	1	0	0	0	1	424	0.738851	1	0	0	0	0	0
setup	0	2007-09-03 23:00:00	ANGA	1	1	0	0	1	0	0	0	1	424	0.708539	1	0	0	0	0	0
setup	0	2007-09-04 23:00:00	ANGA	1	1	0	0	1	0	0	0	1	424	0.677297	1	0	0	0	0	0
setup	0	2007-09-05 23:00:00	ANGA	1	1	0	0	1	0	0	0	1	424	0.645215	1	0	0	0	0	0
setup	0	2007-09-06 23:00:00	ANGA	1	1	0	0	1	0	0	0	1	424	0.612394	1	0	0	0	0	0
setup	0	2007-09-07 23:00:00	ANGA	1	1	0	0	1	0	0	0	1	424	0.578949	1	0	0	0	0	0
setup	0	2007-09-08 23:00:00	ANGA	1	1	0	0	1	0	0	0	1	424	0.545002	1	0	0	0	0	0
setup	0	2007-09-09 23:00:00	ANGA	1	1	0	0	1	0	0	0	1	424	0.510692	1	0	0	0	0	0
setup	0	2007-09-10 23:00:00	ANGA	1	1	0	0	1	0	0	0	1	424	0.476163	1	0	0	0	0	0
setup	0	2007-09-11 23:00:00	ANGA	1	1	0	0	1	0	0	0	1	424	0.44157	1	0	0	0	0	0
setup	0	2007-09-12 23:00:00	ANGA	1	1	0	0	1	0	0	0	1	424	0.407079	1	0	0	0	0	0
setup	0	2007-09-13 23:00:00	ANGA	1	1	0	0	1	0	0	0	1	424	0.372859	1	0	0	0	0	0
setup	0	2007-09-14 23:00:00	ANGA	1	1	0	0	1	0	0	0	1	424	0.339087	1	0	0	0	0	0
setup	0	2007-09-15 23:00:00	ANGA	1	1	0	0	1	0	0	0	1	424	0.305944	1	0	0	0	0	0
setup	0	2007-09-16 23:00:00	ANGA	1	1	0	0	1	0	0	0	1	424	0.273614	1	0	0	0	0	0
setup	0	2007-09-17 23:00:00	ANGA	1	1	0	0	1	0	0	0	1	424	0.242282	1	0	0	0	0	0
setup	0	2007-09-18 23:00:00	ANGA	1	1	0	0	1	0	0	0	1	424	0.212134	1	0	0	0	0	0
setup	0	2007-09-19 23:00:00	ANGA	1	1	0	0	1	0	0	0	1	424	0.183351	1	0	0	0	0	0
setup	0	2007-09-20 23:00:00	ANGA	1	1	0	0	1	0	0	0	1	424	0.156112	1	0	0	0	0	0
setup	0	2007-09-21 23:00:00	ANGA	1	1	0	0	1	0	0	0	1	424	0.130588	1	0	0	0	0	0
setup	0	2007-09-22 23:00:00	ANGA	1	1	0	0	1	0	0	0	1	424	0.106945	1	0	0	0	0	0
setup	0	2007-09-23 23:00:00	ANGA	1	1	0	0	1	0	0	0	1	424	0.0853379	1	0	0	0	0	0
setup	0	2007-09-24 23:00:00	ANGA	1	1	0	0	1	0	0	0	1	424	0.06591	1	0	0	0	0	0
setup	0	2007-09-25 23:00:00	ANGA	1	1	0	0	1	0	0	0	1	424	0.0487927	1	0	0	0	0	0
setup	0	2007-09-26 23:00:00	ANGA	1	1	0	0	1	0	0	0	1	424	0.0341027	1	0	0	0	0	0
setup	0	2007-09-27 23:00:00	ANGA	1	1	0	0	1	0	0	0	1	424	0.0219412	1	0	0	0	0	0
setup	0	2007-09-28 23:00:00	ANGA	1	1	0	0	1	0	0	0	1	424	0.0123928	1	0	0	0	0	0
setup	0	2007-09-29 23:00:00	ANGA	1	1	0	0	1	0	0	0	1	424	0.00552413	1	0	0	0	0	0
setup	0	2007-09-30 23:00:00	ANGA	1	1	0	0	1	0	0	0	1	424	0.00138347	1	0	0	0	0	0
setup	0	2007-10-01 23:00:00	ANGA	1	1	0	0	1	0	0	0	1	424	0	1	0	0	0	0	0
setup	0	2007-10-02 23:00:00	ANGA	1	1	0	0	1	0	0	0	1	424	0	1	0	0	0	0	0
setup	0	2007-10-03 23:00:00	ANGA	1	1	0	0	1	0	0	0	1	424	0	1	0	0	0	0	0
setup	0	2007-10-04 23:00:00	ANGA	1	1	0	0	1	0	0	0	1	424	0	1	0	0	0	0	0
setup	0	2007-10-05 23:00:00	ANGA	1	1	0	0	1	0	0	0	1	424	0	1	0	0	0	0	0
setup	0	2007-10-06 23:00:00	ANGA	1	1	0	0	1	0	0	0	1	424	0	1	0	0	0	0	0
setup	0	2007-10-07 23:00:00	ANGA	1	1	0	0	1	0	0	0	1	424	0	1	0	0	0	0	0
setup	0	2007-10-08 23:00:00	ANGA	1	1	0	0	1	0	0	0	1	424	0	1	0	0	0	0	0
setup	0	2007-10-09 23:00:00	ANGA	1	1	0	0	1	0	0	0	1	424	0	1	0	0	0	0	0
setup	0	2007-10-10 23:00:00	ANGA	1	1	0	0	1	0	0	0	1	424	0	1	0	0	0	0	0
setup	0	2007-10-11 23:00:00	ANGA	1	1	0	0	1	0	0	0	1	424	0	1	0	0	0	0	0
setup	0	2007-10-12 23:00:00	ANGA	1	1	0	0	1	0	0	0	1	424	0	1	0	0	0	0	0
setup	0	2007-10-13 23:00:00	ANGA	1	1	0	0	1	0	0	0	1	424	0	1	0	0	0	0	0
setup	0	2007-10-14 23:00:00	ANGA	1	1	0	0	1	0	0	0	1	424	0	1	0	0	0	0	0
setup	0	2007-10-15 23:00:00	ANGA	1	1	0	0	1	0	0	0	1	424	0	1	0	0	0	0	0
setup	0	2007-10-16 23:00:00	ANGA	1	1	0	0	1	0	0	0	1	424	0	1	0	0	0	0	0
setup	0	2007-10-17 23:00:00	ANGA	1	1	0	0	1	0	0	0	1	424	0	1	0	0	0	0	0
setup	0	2007-10-18 23:00:00	ANGA	1	1	0	0	1	0	0	0	1	424	0	1	0	0	0	0	0
setup	0	2007-10-19 23:00:00	ANGA	1	1	0	0	1	0	0	0	1	424	0	1	0	0	0	0	0
setup	0	2007-10-20 23:00:00	ANGA	1	1	0	0	1	0	0	0	1	424	0	1	0	0	0	0	0
setup	0	2007-10-21 23:00:00	ANGA	1	1	0	0	1	0	0	0	1	424	0.00223046	1	0	0	0	0	0
setup	0	2007-10-22 23:00:00	ANGA	1	1	0	0	1	0	0	0	1	424	0.00281608	1	0	0	0	0	0
setup	0	2007-10-23 23:00:00	ANGA	1	1	0	0	1	0	0	0	1	424	0.00353909	1	0	0	0	0	0
setup	0	2007-10-24 23:00:00	ANGA	1	1	0	0	1	0	0	0	1	424	0.00442724	1	0	0	0	0	0
setup	0	2007-10-25 23:00:00	ANGA	1	1	0	0	1	0	0	0	1	424	0.00551276	1	0	0	0	0	0
setup	0	2007-10-26 23:00:00	ANGA	1	1	0	0	1	0	0	0	1	424	0.00683283	1	0	0	0	0	0
setup	0	2007-10-27 23:00:00	ANGA	1	1	0	0	1	0	0	0	1	424	0.00842998	1	0	0	0	0	0
setup	0	2007-10-28 23:00:00	ANGA	1	1	0	0	1	0	0	0	1	424	0.0103526	1	0	0	0	0	0
setup	0	2007-10-29 23:00:00	ANGA	1	1	0	0	1	0	0	0	1	424	0.0126551	1	0	0	0	0	0
setup	0	2007-10-30 23:00:00	ANGA	1	1	0	0	1	0	0	0	1	424	0.0153984	1	0	0	0	0	0
setup	0	2007-10-31 23:00:00	ANGA	1	1	0	0	1	0	0	0	1	424	0.0186501	1	0	0	0	0	0
setup	0	2007-11-01 23:00:00	ANGA	1	1	0	0	1	0	0	0	1	424	0.0224845	1	0	0	0	0	0
setup	0	2007-11-02 23:00:00	ANGA	1	1	0	0	1	0	0	0	1	424	0.0269824	1	0	0	0	0	0
setup	0	2007-11-03 23:00:00	ANGA	1	1	0	0	1	0	0	0	1	424	0.0322308	1	0	0	0	0	0
setup	0	2007-11-04 23:00:00	ANGA	1	1	0	0	1	0	0	0	1	424	0.0383229	1	0	0	0	0	0
setup	0	2007-11-05 23:00:00	ANGA	1	1	0	0	1	0	0	0	1	424	0.0453565	1	0	0	0	0	0
setup	0	2007-11-06 23:00:00	ANGA	1	1	0	0	1	0	0	0	1	424	0.0534338	1	0	0	0	0	0
setup	0	2007-11-07 23:00:00	ANGA	1	1	0	0	1	0	0	0	1	424	0.0626597	1	0	0	0	0	0
setup	0	2007-11-08 23:00:00	ANGA	1	1	0	0	1	0	0	0	1	424	0.0731399	1	0	0	0	0	0
setup	0	2007-11-09 23:00:00	ANGA	1	1	0	0	1	0	0	0	1	424	0.0849799	1	0	0	0	0	0
setup	0	2007-11-10 23:00:00	ANGA	1	1	0	0	1	0	0	0	1	424	0.0982818	1	0	0	0	0	0
setup	0	2007-11-11 23:00:00	ANGA	1	1	0	0	1	0	0	0	1	424	0.113142	1	0	0	0	0	0
setup	0	2007-11-12 23:00:00	ANGA	1	1	0	0	1	0	0	0	1	424	0.12965	1	0	0	0	0	0
setup	0	2007-11-13 23:00:00	ANGA	1	1	0	0	1	0	0	0	1	424	0.147881	1	0	0	0	0	0
setup	0	2007-11-14 23:00:00	ANGA	1	1	0	0	1	0	0	0	1	424	0.1679	1	0	0	0	0	0
setup	0	2007-11-15 23:00:00	ANGA	1	1	0	0	1	0	0	0	1	424	0.18975	1	0	0	0	0	0
setup	0	2007-11-16 23:00:00	ANGA	1	1	0	0	1	0	0	0	1	424	0.213456	1	0	0	0	0	0
setup	0	2007-11-17 23:00:00	ANGA	1	1	0	0	1	0	0	0	1	424	0.239018	1	0	0	0	0	0
setup	0	2007-11-18 23:00:00	ANGA	1	1	0	0	1	0	0	0	1	424	0.266408	1	0	0	0	0	0
setup	0	2007-11-19 23:00:00	ANGA	1	1	0	0	1	0	0	0	1	424	0.295569	1	0	0	0	0	0
setup	0	2007-11-20 23:00:00	ANGA	1	1	0	0	1	0	0	0	1	424	0.326412	1	0	0	0	0	0
setup	0	2007-11-21 23:00:00	ANGA	1	1	0	0	1	0	0	0	1	424	0.358813	1	0	0	0	0	0
setup	0	2007-11-22 23:00:00	ANGA	1	1	0	0	1	0	0	0	1	424	0.392614	1	0	0	0	0	0
setup	0	2007-11-23 23:00:00	ANGA	1	1	0	0	1	0	0	0	1	424	0.427619	1	0	0	0	0	0
setup	0	2007-11-24 23:00:00	ANGA	1	1	0	0	1	0	0	0	1	424	0.463601	1	0	0	0	0	0
setup	0	2007-11-25 23:00:00	ANGA	1	1	0	0	1	0	0	0	1	424	0.500295	1	0	0	0	0	0
setup	0	2007-11-26 23:00:00	ANGA	1	1	0	0	1	0	0	0	1	424	0.537407	1	0	0	0	0	0
setup	0	2007-11-27 23:00:00	ANGA	1	1	0	0	1	0	0	0	1	424	0.574613	1	0	0	0	0	0
setup	0	2007-11-28 23:00:00	ANGA	1	1	0	0	1	0	0	0	1	424	0.611565	1	0	0	0	0	0
setup	0	2007-11-29 23:00:00	ANGA	1	1	0	0	1	0	0	0	1	424	0.647896	1	0	0	0	0	0
setup	0	2007-11-30 23:00:00	ANGA	1	1	0	0	1	0	0	0	1	424	0.683223	1	0	0	0	0	0
setup	0	2007-12-01 23:00:00	ANGA	1	1	0	0	1	0	0	0	1	424	0.717157	1	0	0	0	0	0
setup	0	2007-12-02 23:00:00	ANGA	1	1	0	0	1	0	0	0	1	424	0.74931	1	0	0	0	0	0
setup	0	2007-12-03 23:00:00	ANGA	1	1	0	0	1	0	0	0	1	424	0.779299	1	0	0	0	0	0
setup	0	2007-12-04 23:00:00	ANGA	1	1	0	0	1	0	0	0	1	424	0.806754	1	0	0	0	0	0
setup	0	2007-12-05 23:00:00	ANGA	1	1	0	0	1	0	0	0	1	424	0.83133	1	0	0	0	0	0
setup	0	2007-12-06 23:00:00	ANGA	1	1	0	0	1	0	0	0	1	424	0.852709	1	0	0	0	0	0
setup	0	2007-12-07 23:00:00	ANGA	1	1	0	0	1	0	0	0	1	424	0.87061	1	0	0	0	0	0
setup	0	2007-12-08 23:00:00	ANGA	1	1	0	0	1	0	0	0	1	424	0.884791	1	0	0	0	0	0
setup	0	2007-12-09 23:00:00	ANGA	1	1	0	0	1	0	0	0	1	424	0.895062	1	0	0	0	0	0
setup	0	2007-12-10 23:00:00	ANGA	1	1	0	0	1	0	0	0	1	424	0.901282	1	0	0	0	0	0
setup	0	2007-12-11 23:00:00	ANGA	1	1	0	0	1	0	0	0	1	424	0.903365	1	0	0	0	0	0
setup	0	2007-12-12 23:00:00	ANGA	1	1	0	0	1	0	0	0	1	424	0.903365	1	0	0	0	0	0
setup	0	2007-12-13 23:00:00	ANGA	1	1	0	0	1	0	0	0	1	424	0.903365	1	0	0	0	0	0
setup	0	2007-12-14 23:00:00	ANGA	1	1	0	0	1	0	0	0	1	424	0.903365	1	0	0	0	0	0
setup	0	2007-12-15 23:00:00	ANGA	1	1	0	0	1	0	0	0	1	424	0.903365	1	0	0	0	0	0
setup	0	2007-12-16 23:00:00	ANGA	1	1	0	0	1	0	0	0	1	424	0.903365	1	0	0	0	0	0
setup	0	2007-12-17 23:00:00	ANGA	1	1	0	0	1	0	0	0	1	424	0.903365	1	0	0	0	0	0
setup	0	2007-12-18 23:00:00	ANGA	1	1	0	0	1	0	0	0	1	424	0.903365	1	0	0	0	0	0
setup	0	2007-12-19 23:00:00	ANGA	1	1	0	0	1	0	0	0	1	424	0.903365	1	0	0	0	0	0
setup	0	2007-12-20 23:00:00	ANGA	1	1	0	0	1	0	0	0	1	424	0.903365	1	0	0	0	0	0
setup	0	2007-12-21 23:00:00	ANGA	1	1	0	0	1	0	0	0	1	424	0.903365	1	0	0	0	0	0
setup	0	2007-12-22 23:00:00	ANGA	1	1	0	0	1	0	0	0	1	424	0.903365	1	0	0	0	0	0
setup	0	2007-12-23 23:00:00	ANGA	1	1	0	0	1	0	0	0	1	424	0.903365	1	0	0	0	0	0
setup	0	2007-12-24 23:00:00	ANGA	1	1	0	0	1	0	0	0	1	424	0.903365	1	0	0	0	0	0
setup	0	2007-12-25 23:00:00	ANGA	1	1	0	0	1	0	0	0	1	424	0.903365	1	0	0	0	0	0
setup	0	2007-12-26 23:00:00	ANGA	1	1	0	0	1	0	0	0	1	424	0.903365	1	0	0	0	0	0
setup	0	2007-12-27 23:00:00	ANGA	1	1	0	0	1	0	0	0	1	424	0.903365	1	0	0	0	0	0
setup	0	2007-12-28 23:00:00	ANGA	1	1	0	0	1	0	0	0	1	424	0.903365	1	0	0	0	0	0
setup	0	2007-12-29 23:00:00	ANGA	1	1	0	0	1	0	0	0	1	424	0.903365	1	0	0	0	0	0
setup	0	2007-12-30 23:00:00	ANGA	1	1	0	0	1	0	0	0	1	424	0.903365	1	0	0	0	0	0
setup	0	2007-12-31 23:00:00	ANGA	1	1	0	0	1	0	0	0	1	424	0.903365	1	0	0	0	0	0
setup	0	2008-01-01 23:00:00	ANGA	1	1	0	0	1	0	0	0	1	424	0.903365	1	0	0	0	0	0
setup	0	2008-01-02 23:00:00	ANGA	1	1	0	0	1	0	0	0	1	424	0.903365	1	0	0	0	0	0
setup	0	2008-01-03 23:00:00	ANGA	1	1	0	0	1	0	0	0	1	424	0.903365	1	0	0	0	0	0
setup	0	2008-01-04 23:00:00	ANGA	1	1	0	0	1	0	0	0	1	424	0.902862	1	0	0	0	0	0
setup	0	2008-01-05 23:00:00	ANGA	1	1	0	0	1	0	0	0	1	424	0.90228	1	0	0	0	0	0
setup	0	2008-01-06 23:00:00	ANGA	1	1	0	0	1	0	0	0	1	424	0.901606	1	0	0	0	0	0
setup	0	2008-01-07 23:00:00	ANGA	1	1	0	0	1	0	0	0	1	424	0.900829	1	0	0	0	0	0
setup	0	2008-01-08 23:00:00	ANGA	1	1	0	0	1	0	0	0	1	424	0.899935	1	0	0	0	0	0
setup	0	2008-01-09 23:00:00	ANGA	1	1	0	0	1	0	0	0	1	424	0.898908	1	0	0	0	0	0
setup	0	2008-01-10 23:00:00	ANGA	1	1	0	0	1	0	0	0	1	424	0.897733	1	0	0	0	0	0
setup	0	2008-01-11 23:00:00	ANGA	1	1	0	0	1	0	0	0	1	424	0.896392	1	0	0	0	0	0
setup	0	2008-01-12 23:00:00	ANGA	1	1	0	0	1	0	0	0	1	424	0.894865	1	0	0	0	0	0
setup	0	2008-01-13 23:00:00	ANGA	1	1	0	0	1	0	0	0	1	424	0.893131	1	0	0	0	0	0
setup	0	2008-01-14 23:00:00	ANGA	1	1	0	0	1	0	0	0	1	424	0.891166	1	0	0	0	0	0
setup	0	2008-01-15 23:00:00	ANGA	1	1	0	0	1	0	0	0	1	424	0.888946	1	0	0	0	0	0
setup	0	2008-01-16 23:00:00	ANGA	1	1	0	0	1	0	0	0	1	424	0.886445	1	0	0	0	0	0
setup	0	2008-01-17 23:00:00	ANGA	1	1	0	0	1	0	0	0	1	424	0.883635	1	0	0	0	0	0
setup	0	2008-01-18 23:00:00	ANGA	1	1	0	0	1	0	0	0	1	424	0.880485	1	0	0	0	0	0
setup	0	2008-01-19 23:00:00	ANGA	1	1	0	0	1	0	0	0	1	424	0.876964	1	0	0	0	0	0
setup	0	2008-01-20 23:00:00	ANGA	1	1	0	0	1	0	0	0	1	424	0.873039	1	0	0	0	0	0
setup	0	2008-01-21 23:00:00	ANGA	1	1	0	0	1	0	0	0	1	424	0.868676	1	0	0	0	0	0
setup	0	2008-01-22 23:00:00	ANGA	1	1	0	0	1	0	0	0	1	424	0.863837	1	0	0	0	0	0
setup	0	2008-01-23 23:00:00	ANGA	1	1	0	0	1	0	0	0	1	424	0.858488	1	0	0	0	0	0
setup	0	2008-01-24 23:00:00	ANGA	1	1	0	0	1	0	0	0	1	424	0.852589	1	0	0	0	0	0
setup	0	2008-01-25 23:00:00	ANGA	1	1	0	0	1	0	0	0	1	424	0.846102	1	0	0	0	0	0
setup	0	2008-01-26 23:00:00	ANGA	1	1	0	0	1	0	0	0	1	424	0.838989	1	0	0	0	0	0
setup	0	2008-01-27 23:00:00	ANGA	1	1	0	0	1	0	0	0	1	424	0.83121	1	0	0	0	0	0
setup	0	2008-01-28 23:00:00	ANGA	1	1	0	0	1	0	0	0	1	424	0.822728	1	0	0	0	0	0
setup	0	2008-01-29 23:00:00	ANGA	1	1	0	0	1	0	0	0	1	424	0.813505	1	0	0	0	0	0
setup	0	2008-01-30 23:00:00	ANGA	1	1	0	0	1	0	0	0	1	424	0.803505	1	0	0	0	0	0
setup	0	2008-01-31 23:00:00	ANGA	1	1	0	0	1	0	0	0	1	424	0.792694	1	0	0	0	0	0
setup	0	2008-02-01 23:00:00	ANGA	1	1	0	0	1	0	0	0	1	424	0.781039	1	0	0	0	0	0
setup	0	2008-02-02 23:00:00	ANGA	1	1	0	0	1	0	0	0	1	424	0.768513	1	0	0	0	0	0
setup	0	2008-02-03 23:00:00	ANGA	1	1	0	0	1	0	0	0	1	424	0.755088	1	0	0	0	0	0
setup	0	2008-02-04 23:00:00	ANGA	1	1	0	0	1	0	0	0	1	424	0.740745	1	0	0	0	0	0
setup	0	2008-02-05 23:00:00	ANGA	1	1	0	0	1	0	0	0	1	424	0.725467	1	0	0	0	0	0
setup	0	2008-02-06 23:00:00	ANGA	1	1	0	0	1	0	0	0	1	424	0.709242	1	0	0	0	0	0
setup	0	2008-02-07 23:00:00	ANGA	1	1	0	0	1	0	0	0	1	424	0.692066	1	0	0	0	0	0
setup	0	2008-02-08 23:00:00	ANGA	1	1	0	0	1	0	0	0	1	424	0.673939	1	0	0	0	0	0
setup	0	2008-02-09 23:00:00	ANGA	1	1	0	0	1	0	0	0	1	424	0.654871	1	0	0	0	0	0
setup	0	2008-02-10 23:00:00	ANGA	1	1	0	0	1	0	0	0	1	424	0.634877	1	0	0	0	0	0
setup	0	2008-02-11 23:00:00	ANGA	1	1	0	0	1	0	0	0	1	424	0.613981	1	0	0	0	0	0
setup	0	2008-02-12 23:00:00	ANGA	1	1	0	0	1	0	0	0	1	424	0.592216	1	0	0	0	0	0
setup	0	2008-02-13 23:00:00	ANGA	1	1	0	0	1	0	0	0	1	424	0.569624	1	0	0	0	0	0
setup	0	2008-02-14 23:00:00	ANGA	1	1	0	0	1	0	0	0	1	424	0.546255	1	0	0	0	0	0
setup	0	2008-02-15 23:00:00	ANGA	1	1	0	0	1	0	0	0	1	424	0.522168	1	0	0	0	0	0
setup	0	2008-02-16 23:00:00	ANGA	1	1	0	0	1	0	0	0	1	424	0.497435	1	0	0	0	0	0
setup	0	2008-02-17 23:00:00	ANGA	1	1	0	0	1	0	0	0	1	424	0.472131	1	0	0	0	0	0
setup	0	2008-02-18 23:00:00	ANGA	1	1	0	0	1	0	0	0	1	424	0.446346	1	0	0	0	0	0
setup	0	2008-02-19 23:00:00	ANGA	1	1	0	0	1	0	0	0	1	424	0.420175	1	0	0	0	0	0
setup	0	2008-02-20 23:00:00	ANGA	1	1	0	0	1	0	0	0	1	424	0.393722	1	0	0	0	0	0
setup	0	2008-02-21 23:00:00	ANGA	1	1	0	0	1	0	0	0	1	424	0.367102	1	0	0	0	0	0
setup	0	2008-02-22 23:00:00	ANGA	1	1	0	0	1	0	0	0	1	424	0.340433	1	0	0	0	0	0
setup	0	2008-02-23 23:00:00	ANGA	1	1	0	0	1	0	0	0	1	424	0.313841	1	0	0	0	0	0
setup	0	2008-02-24 23:00:00	ANGA	1	1	0	0	1	0	0	0	1	424	0.287459	1	0	0	0	0	0
setup	0	2008-02-25 23:00:00	ANGA	1	1	0	0	1	0	0	0	1	424	0.261422	1	0	0	0	0	0
setup	0	2008-02-26 23:00:00	ANGA	1	1	0	0	1	0	0	0	1	424	0.23587	1	0	0	0	0	0
setup	0	2008-02-27 23:00:00	ANGA	1	1	0	0	1	0	0	0	1	424	0.210945	1	0	0	0	0	0
setup	0	2008-02-28 23:00:00	ANGA	1	1	0	0	1	0	0	0	1	424	0.18679	1	0	0	0	0	0
setup	0	2008-02-29 23:00:00	ANGA	1	1	0	0	1	0	0	0	1	424	0.163547	1	0	0	0	0	0
setup	0	2008-03-01 23:00:00	ANGA	1	1	0	0	1	0	0	0	1	424	0.141356	1	0	0	0	0	0
setup	0	2008-03-02 23:00:00	ANGA	1	1	0	0	1	0	0	0	1	424	0.120356	1	0	0	0	0	0
setup	0	2008-03-03 23:00:00	ANGA	1	1	0	0	1	0	0	0	1	424	0.100678	1	0	0	0	0	0
setup	0	2008-03-04 23:00:00	ANGA	1	1	0	0	1	0	0	0	1	424	0.0824504	1	0	0	0	0	0
setup	0	2008-03-05 23:00:00	ANGA	1	1	0	0	1	0	0	0	1	424	0.065792	1	0	0	0	0	0
setup	0	2008-03-06 23:00:00	ANGA	1	1	0	0	1	0	0	0	1	424	0.0508139	1	0	0	0	0	0
setup	0	2008-03-07 23:00:00	ANGA	1	1	0	0	1	0	0	0	1	424	0.0376172	1	0	0	0	0	0
setup	0	2008-03-08 23:00:00	ANGA	1	1	0	0	1	0	0	0	1	424	0.0262918	1	0	0	0	0	0
setup	0	2008-03-09 23:00:00	ANGA	1	1	0	0	1	0	0	0	1	424	0.0169158	1	0	0	0	0	0
setup	0	2008-03-10 23:00:00	ANGA	1	1	0	0	1	0	0	0	1	424	0.00955434	1	0	0	0	0	0
setup	0	2008-03-11 23:00:00	ANGA	1	1	0	0	1	0	0	0	1	424	0.00425888	1	0	0	0	0	0
setup	0	2008-03-12 23:00:00	ANGA	1	1	0	0	1	0	0	0	1	424	0.0010666	1	0	0	0	0	0
setup	0	2008-03-13 23:00:00	ANGA	1	1	0	0	1	0	0	0	1	424	0	1	0	0	0	0	0
setup	0	2008-03-14 23:00:00	ANGA	1	1	0	0	1	0	0	0	1	424	0	1	0	0	0	0	0
setup	0	2008-03-15 23:00:00	ANGA	1	1	0	0	1	0	0	0	1	424	0	1	0	0	0	0	0
setup	0	2008-03-16 23:00:00	ANGA	1	1	0	0	1	0	0	0	1	424	0	1	0	0	0	0	0
setup	0	2008-03-17 23:00:00	ANGA	1	1	0	0	1	0	0	0	1	424	0	1	0	0	0	0	0
setup	0	2008-03-18 23:00:00	ANGA	1	1	0	0	1	0	0	0	1	424	0	1	0	0	0	0	0
setup	0	2008-03-19 23:00:00	ANGA	1	1	0	0	1	0	0	0	1	424	0	1	0	0	0	0	0
setup	0	2008-03-20 23:00:00	ANGA	1	1	0	0	1	0	0	0	1	424	0	1	0	0	0	0	0
setup	0	2008-03-21 23:00:00	ANGA	1	1	0	0	1	0	0	0	1	424	0	1	0	0	0	0	0
setup	0	2008-03-22 23:00:00	ANGA	1	1	0	0	1	0	0	0	1	424	0	1	0	0	0	0	0
setup	0	2008-03-23 23:00:00	ANGA	1	1	0	0	1	0	0	0	1	424	0	1	0	0	0	0	0
setup	0	2008-03-24 23:00:00	ANGA	1	1	0	0	1	0	0	0	1	424	0	1	0	0	0	0	0
setup	0	2008-03-25 23:00:00	ANGA	1	1	0	0	1	0	0	0	1	424	0	1	0	0	0	0	0
setup	0	2008-03-26 23:00:00	ANGA	1	1	0	0	1	0	0	0	1	424	0	1	0	0	0	0	0
setup	0	2008-03-27 23:00:00	ANGA	1	1	0	0	1	0	0	0	1	424	0	1	0	0	0	0	0
setup	0	2008-03-28 23:00:00	ANGA	1	1	0	0	1	0	0	0	1	424	0	1	0	0	0	0	0
setup	0	2008-03-29 23:00:00	ANGA	1	1	0	0	1	0	0	0	1	424	0	1	0	0	0	0	0
setup	0	2008-03-30 23:00:00	ANGA	1	1	0	0	1	0	0	0	1	424	0	1	0	0	0	0	0
setup	0	2008-03-31 23:00:00	ANGA	1	1	0	0	1	0	0	0	1	424	0	1	0	0	0	0	0
setup	0	2008-04-01 23:00:00	ANGA	1	1	0	0	1	0	0	0	1	424	0.00342262	1	0	0	0	0	0
setup	0	2008-04-02 23:00:00	ANGA	1	1	0	0	1	0	0	0	1	424	0.00432126	1	0	0	0	0	0
setup	0	2008-04-03 23:00:00	ANGA	1	1	0	0	1	0	0	0	1	424	0.0054307	1	0	0	0	0	0
setup	0	2008-04-04 23:00:00	ANGA	1	1	0	0	1	0	0	0	1	424	0.00679356	1	0	0	0	0	0
setup	0	2008-04-05 23:00:00	ANGA	1	1	0	0	1	0	0	0	1	424	0.00845929	1	0	0	0	0	0
setup	0	2008-04-06 23:00:00	ANGA	1	1	0	0	1	0	0	0	1	424	0.0104849	1	0	0	0	0	0
setup	0	2008-04-07 23:00:00	ANGA	1	1	0	0	1	0	0	0	1	424	0.0129357	1	0	0	0	0	0
setup	0	2008-04-08 23:00:00	ANGA	1	1	0	0	1	0	0	0	1	424	0.0158859	1	0	0	0	0	0
setup	0	2008-04-09 23:00:00	ANGA	1	1	0	0	1	0	0	0	1	424	0.0194191	1	0	0	0	0	0
setup	0	2008-04-10 23:00:00	ANGA	1	1	0	0	1	0	0	0	1	424	0.0236287	1	0	0	0	0	0
setup	0	2008-04-11 23:00:00	ANGA	1	1	0	0	1	0	0	0	1	424	0.0286185	1	0	0	0	0	0
setup	0	2008-04-12 23:00:00	ANGA	1	1	0	0	1	0	0	0	1	424	0.0345023	1	0	0	0	0	0
setup	0	2008-04-13 23:00:00	ANGA	1	1	0	0	1	0	0	0	1	424	0.0414042	1	0	0	0	0	0
setup	0	2008-04-14 23:00:00	ANGA	1	1	0	0	1	0	0	0	1	424	0.049458	1	0	0	0	0	0
setup	0	2008-04-15 23:00:00	ANGA	1	1	0	0	1	0	0	0	1	424	0.0588062	1	0	0	0	0	0
setup	0	2008-04-16 23:00:00	ANGA	1	1	0	0	1	0	0	0	1	424	0.0695992	1	0	0	0	0	0
setup	0	2008-04-17 23:00:00	ANGA	1	1	0	0	1	0	0	0	1	424	0.0819938	1	0	0	0	0	0
setup	0	2008-04-18 23:00:00	ANGA	1	1	0	0	1	0	0	0	1	424	0.0961508	1	0	0	0	0	0
setup	0	2008-04-19 23:00:00	ANGA	1	1	0	0	1	0	0	0	1	424	0.112233	1	0	0	0	0	0
setup	0	2008-04-20 23:00:00	ANGA	1	1	0	0	1	0	0	0	1	424	0.130401	1	0	0	0	0	0
setup	0	2008-04-21 23:00:00	ANGA	1	1	0	0	1	0	0	0	1	424	0.150813	1	0	0	0	0	0
setup	0	2008-04-22 23:00:00	ANGA	1	1	0	0	1	0	0	0	1	424	0.173616	1	0	0	0	0	0
setup	0	2008-04-23 23:00:00	ANGA	1	1	0	0	1	0	0	0	1	424	0.198946	1	0	0	0	0	0
setup	0	2008-04-24 23:00:00	ANGA	1	1	0	0	1	0	0	0	1	424	0.226923	1	0	0	0	0	0
setup	0	2008-04-25 23:00:00	ANGA	1	1	0	0	1	0	0	0	1	424	0.257641	1	0	0	0	0	0
setup	0	2008-04-26 23:00:00	ANGA	1	1	0	0	1	0	0	0	1	424	0.29117	1	0	0	0	0	0
setup	0	2008-04-27 23:00:00	ANGA	1	1	0	0	1	0	0	0	1	424	0.327547	1	0	0	0	0	0
setup	0	2008-04-28 23:00:00	ANGA	1	1	0	0	1	0	0	0	1	424	0.366771	1	0	0	0	0	0
setup	0	2008-04-29 23:00:00	ANGA	1	1	0	0	1	0	0	0	1	424	0.408801	1	0	0	0	0	0
setup	0	2008-04-30 23:00:00	ANGA	1	1	0	0	1	0	0	0	1	424	0.453549	1	0	0	0	0	0
setup	0	2008-05-01 23:00:00	ANGA	1	1	0	0	1	0	0	0	1	424	0.500877	1	0	0	0	0	0
setup	0	2008-05-02 23:00:00	ANGA	1	1	0	0	1	0	0	0	1	424	0.550596	1	0	0	0	0	0
setup	0	2008-05-03 23:00:00	ANGA	1	1	0	0	1	0	0	0	1	424	0.602463	1	0	0	0	0	0
setup	0	2008-05-04 23:00:00	ANGA	1	1	0	0	1	0	0	0	1	424	0.656179	1	0	0	0	0	0
setup	0	2008-05-05 23:00:00	ANGA	1	1	0	0	1	0	0	0	1	424	0.711392	1	0	0	0	0	0
setup	0	2008-05-06 23:00:00	ANGA	1	1	0	0	1	0	0	0	1	424	0.767699	1	0	0	0	0	0
setup	0	2008-05-07 23:00:00	ANGA	1	1	0	0	1	0	0	0	1	424	0.824647	1	0	0	0	0	0
setup	0	2008-05-08 23:00:00	ANGA	1	1	0	0	1	0	0	0	1	424	0.88174	1	0	0	0	0	0
setup	0	2008-05-09 23:00:00	ANGA	1	1	0	0	1	0	0	0	1	424	0.938442	1	0	0	0	0	0
setup	0	2008-05-10 23:00:00	ANGA	1	1	0	0	1	0	0	0	1	424	0.994191	1	0	0	0	0	0
setup	0	2008-05-11 23:00:00	ANGA	1	1	0	0	1	0	0	0	1	424	1.0484	1	0	0	0	0	0
setup	0	2008-05-12 23:00:00	ANGA	1	1	0	0	1	0	0	0	1	424	1.10047	1	0	0	0	0	0
setup	0	2008-05-13 23:00:00	ANGA	1	1	0	0	1	0	0	0	1	424	1.14981	1	0	0	0	0	0
setup	0	2008-05-14 23:00:00	ANGA	1	1	0	0	1	0	0	0	1	424	1.19583	1	0	0	0	0	0
setup	0	2008-05-15 23:00:00	ANGA	1	1	0	0	1	0	0	0	1	424	1.23796	1	0	0	0	0	0
setup	0	2008-05-16 23:00:00	ANGA	1	1	0	0	1	0	0	0	1	424	1.27567	1	0	0	0	0	0
setup	0	2008-05-17 23:00:00	ANGA	1	1	0	0	1	0	0	0	1	424	1.30848	1	0	0	0	0	0
setup	0	2008-05-18 23:00:00	ANGA	1	1	0	0	1	0	0	0	1	424	1.33594	1	0	0	0	0	0
setup	0	2008-05-19 23:00:00	ANGA	1	1	0	0	1	0	0	0	1	424	1.35771	1	0	0	0	0	0
setup	0	2008-05-20 23:00:00	ANGA	1	1	0	0	1	0	0	0	1	424	1.37271	1	0	0	0	0	0
setup	0	2008-05-21 23:00:00	ANGA	1	1	0	0	1	0	0	0	1	424	1.38137	1	0	0	0	0	0
setup	0	2008-05-22 23:00:00	ANGA	1	1	0	0	1	0	0	0	1	424	1.38353	1	0	0	0	0	0
setup	0	2008-05-23 23:00:00	ANGA	1	1	0	0	1	0	0	0	1	424	1.38234	1	0	0	0	0	0
