#%info
#%EC station description
#   Kapiti = "The Savanna site in Kenya"

#   author  = ""
#   contact = ""
#   date    = "2021-05-10"
#   comments = ""
#
#%abbreviations
#   NEE = "Co2 flux"
#   H2O = "H2O flux"
#   LE = "Latent heat flux"
#   H = "sensible heat flux"
#   ET = "Evapotranspiration"
#   LAI = "LAI"
#%units
#   NEE = "micromolm-2s-1"
#   H2O = "mmol+1s-1m-2"
#   LE = "W+1m-2"
#   H = "W+1m-2"
#   ET = "mm+1hour-1"
#   LAI = "m2 m-2"
#

#%data
datetime	nee	h2o	LE	H	ET LAI
2018-08-01	2.044343306	0.744041372	33.57994446	29.56297097	0.049200417	0.3
2018-08-02	1.734306901	0.836755402	37.98465358	36.19551192	0.055965171	-99.99
2018-08-03	1.527134994	0.844099001	38.20442598	38.93546962	0.056266695	-99.99
2018-08-04	1.021779366	0.81921498	37.14165969	43.40815305	0.054722767	-99.99
2018-08-05	0.709803354	0.756192227	34.27667223	45.80647682	0.050529705	0.3
2018-08-06	0.49074765	0.696225693	31.62953385	48.01998047	0.046643871	-99.99
2018-08-07	0.210738178	0.662449785	29.92319118	52.92635638	0.044126087	-99.99
2018-08-08	0.1136291	0.621639348	27.8330137	51.78883459	0.041047852	-99.99
2018-08-09	-0.067487081	0.587911468	26.31437619	55.60689767	0.038827361	0.3
2018-08-10	-0.174084749	0.566205679	25.35134042	58.39127555	0.037420827	-99.99
2018-08-11	-0.138732157	0.51349974	22.88473482	56.61192205	0.033803767	-99.99
2018-08-12	-0.087393968	0.433933141	19.31500987	53.36063479	0.028290178	-99.99
2018-08-13	-0.052400309	0.366963255	16.36281106	51.43188539	0.023950528	0.3
2018-08-14	-0.030633889	0.331941624	14.7710468	50.86071459	0.021612568	-99.99
2018-08-15	-0.022975102	0.318688134	14.18388486	51.21937562	0.020753742	-99.99
2018-08-16	-0.025231509	0.298500117	13.2895725	49.5565972	0.019445558	-99.99
2018-08-17	-0.022854223	0.278357196	12.39449256	48.40182364	0.018140297	0.3
2018-08-18	0.005973212	0.253673553	11.29881196	47.4984325	0.016540797	-99.99
2018-08-19	0.08479453	0.223214993	9.742731457	44.12953408	0.01426262	-99.99
2018-08-20	0.064497405	0.22490448	9.814577037	45.33199607	0.014372099	-99.99
2018-08-21	0.034531927	0.206131451	9.119245928	46.30262262	0.013357318	0.3
2018-08-22	0.018715266	0.20874875	9.22946542	49.07616376	0.013525922	-99.99
2018-08-23	0.174711017	0.242117745	10.70973789	46.12480839	0.015688232	-99.99
2018-08-24	0.233000771	0.256236998	11.33627454	44.60113499	0.016603161	-99.99
2018-08-25	0.269625662	0.260110657	11.50852321	43.37237416	0.016854173	0.4
2018-08-26	0.283368377	0.261115222	11.55374409	44.41220946	0.016919269	-99.99
2018-08-27	0.361025798	0.246494533	10.91079638	41.31271977	0.015971847	-99.99
2018-08-28	0.390500647	0.24515384	10.85106416	40.68586289	0.01588497	-99.99
2018-08-29	0.392308793	0.240974789	10.66759561	40.1273718	0.015614167	0.3
2018-08-30	0.406891421	0.228292034	10.10902534	39.39427107	0.014792325	-99.99
2018-08-31	0.402271732	0.243444716	10.77710892	43.41288754	0.015774218	-99.99
2018-09-01	0.426009945	0.23213715	10.27877549	44.73175649	0.015042484	-99.99
2018-09-02	0.242236638	0.203810509	9.016656151	53.84088785	0.013206919	0.4
2018-09-03	0.202747182	0.193047189	8.535001998	58.67813632	0.012509455	-99.99
2018-09-04	0.191890938	0.1934821	8.344221275	62.88832366	0.01241567	-99.99
2018-09-05	0.214172652	0.197908696	8.534024629	65.55252226	0.012702513	-99.99
2018-09-06	0.161557843	0.204262727	8.810805519	72.46670753	0.013114254	0.2
2018-09-07	0.107950622	0.212161865	9.15635701	79.21890748	0.013626118	-99.99
2018-09-08	0.092596356	0.215841096	9.315215106	84.81692506	0.013864532	-99.99
2018-09-09	0.108376935	0.219393669	9.468477126	87.01561304	0.01409474	-99.99
2018-09-10	0.096093066	0.21884892	9.367979108	88.08726539	0.014116303	0.2
2018-09-11	0.066821863	0.231760268	9.905522531	89.97392971	0.014911466	-99.99
2018-09-12	0.118386669	0.218866963	9.361051835	86.78749899	0.014117549	-99.99
2018-09-13	0.098044208	0.211842454	9.018885703	88.20538267	0.013615634	-99.99
2018-09-14	0.116211578	0.200023781	8.70293827	86.45591044	0.012971753	0.3
2018-09-15	0.083736756	0.202901354	8.821975387	88.58208565	0.013147723	-99.99
2018-09-16	0.114644966	0.200762603	8.726433548	88.14629204	0.013009133	-99.99
2018-09-17	0.141612296	0.18816713	8.171940544	85.879943	0.012192947	-99.99
2018-09-18	0.16418678	0.184799572	8.024634586	84.33186468	0.01197473	0.3
2018-09-19	0.125875137	0.181940697	7.899731223	87.15257704	0.011789474	-99.99
2018-09-20	0.161611011	0.179268662	7.858176224	85.51284756	0.011559463	-99.99
2018-09-21	0.163979896	0.166775699	7.357611043	84.37173852	0.010823147	-99.99
2018-09-22	0.177325544	0.1548612	6.80686246	83.57138644	0.010009518	0.3
2018-09-23	0.190658293	0.144646754	6.387728717	82.68512624	0.009394349	-99.99
2018-09-24	0.173194582	0.146817204	6.483714094	82.8161653	0.009534993	-99.99
2018-09-25	0.146379809	0.139310791	6.100858838	82.7403085	0.008969917	-99.99
2018-09-26	0.102569715	0.132016935	5.780500961	82.1711231	0.008497276	0.4
2018-09-27	0.076584614	0.132441051	5.798586417	81.73268257	0.008524758	-99.99
2018-09-28	0.033581515	0.125222284	5.478514843	83.07882787	0.008056981	-99.99
2018-09-29	0.0501779	0.121741551	5.325217332	80.0927792	0.007831429	-99.99
2018-09-30	0.017187817	0.105680098	4.549187274	80.6232872	0.006694781	0.3
2018-10-01	0.011599971	0.104878432	4.49262223	80.88443391	0.0066111	-99.99
2018-10-02	0.171897562	0.175015897	7.592489496	79.82884302	0.011156004	-99.99
2018-10-03	0.503184007	0.308661662	13.49835586	74.72184439	0.019816248	-99.99
2018-10-04	0.69569553	0.383374921	16.79819861	72.8133562	0.024657666	0.4
2018-10-05	0.813163569	0.427366916	18.80260293	69.71429133	0.027597502	-99.99
2018-10-06	0.87120626	0.479776634	21.11507087	68.91898953	0.030993651	-99.99
2018-10-07	0.893994229	0.507450643	22.33493182	69.82490524	0.032786928	-99.99
2018-10-08	0.967567599	0.527120391	23.16523728	66.26693833	0.034006083	0.2
2018-10-09	0.959297715	0.544411721	23.92660807	67.28445912	0.035126561	-99.99
2018-10-10	0.999650721	0.561216307	24.73293332	66.33271989	0.036311365	-99.99
2018-10-11	1.039388771	0.568876305	25.10062419	65.65418936	0.03685251	-99.99
2018-10-12	0.842359558	0.512187404	22.53915666	69.29704522	0.033100308	0.2
2018-10-13	0.502512952	0.385916334	16.95741605	75.14875811	0.024917942	-99.99
2018-10-14	0.300458115	0.312083991	13.66349237	78.98344102	0.020086447	-99.99
2018-10-15	0.171795208	0.276918707	12.10901627	81.56585139	0.017807739	-99.99
2018-10-16	0.11704524	0.239204819	10.43959013	81.91299847	0.015534343	0.3
2018-10-17	0.062740095	0.213655776	9.313501421	84.11186008	0.013878764	-99.99
2018-10-18	0.137404743	0.261582332	11.48248269	81.40658954	0.01703985	-99.99
2018-10-19	0.21223707	0.295362423	12.984759	76.25724504	0.019649897	-99.99
2018-10-20	0.250918951	0.383628057	16.89916371	72.0530614	0.025672783	0.3
2018-10-21	0.297423513	0.419432786	18.34546178	68.87618623	0.028004622	-99.99
2018-10-22	0.402162723	0.512288233	22.41393704	63.94045018	0.034265806	-99.99
2018-10-23	0.514930544	0.580003446	25.40959543	60.71455165	0.038653757	-99.99
2018-10-24	0.532463262	0.648050204	28.44743264	58.21372137	0.043110346	0.3
2018-10-25	0.571937625	0.670999229	29.46060964	56.18212783	0.044597444	-99.99
2018-10-26	0.56222992	0.683077394	29.99725513	57.64851137	0.045209647	-99.99
2018-10-27	0.599779124	0.691793362	30.38128907	55.04292058	0.045774442	-99.99
2018-10-28	0.564682679	0.744810634	32.70255672	57.79844216	0.049209962	0.4
2018-10-29	0.56597296	0.76519789	33.59254484	62.92553701	0.05010996	-99.99
2018-10-30	0.533403394	0.721740791	31.65616023	66.13917468	0.046990666	-99.99
2018-10-31	0.433657737	0.725441036	31.92163022	70.79639493	0.04717397	-99.99
2018-11-01	0.300378179	0.645285546	28.4641838	75.08588523	0.042320428	0.3
2018-11-02	0.187670014	0.591504641	25.96005649	78.22881362	0.038654337	-99.99
2018-11-03	0.16499862	0.536016565	23.50462769	79.68768464	0.03505871	-99.99
2018-11-04	0.186002962	0.503595427	22.07315944	77.17680588	0.033242415	-99.99
2018-11-05	0.18596623	0.485622328	21.28083582	75.7156573	0.032077758	0.4
2018-11-06	0.093456279	0.487288635	21.36996052	78.37842278	0.032210183	-99.99
2018-11-07	-0.05287191	0.386446112	17.02517387	82.28107391	0.025609802	-99.99
2018-11-08	-0.16179042	0.319787876	14.08289585	82.97560718	0.021290347	-99.99
2018-11-09	-0.219632283	0.268239695	11.80822414	85.43988849	0.017950023	0.2
2018-11-10	-0.224220766	0.228018962	9.985237142	85.65661462	0.015273054	-99.99
2018-11-11	-0.229141585	0.216044021	9.457355999	86.20223802	0.013991157	-99.99
2018-11-12	-0.225027239	0.197232024	8.728943547	82.98608079	0.013070841	-99.99
2018-11-13	-0.211502364	0.1881886	8.336077099	84.64683659	0.012630869	0.2
2018-11-14	-0.236592483	0.183890672	8.014264551	89.21670231	0.012041353	-99.99
2018-11-15	0.169192189	0.385602779	16.93133681	85.32518206	0.025112293	-99.99
2018-11-16	0.583703896	0.535244433	23.53648763	77.89382256	0.034784624	-99.99
2018-11-17	0.920002928	0.662309814	29.04260809	71.73853701	0.043084244	0.3
2018-11-18	1.140079882	0.831342936	36.49783132	68.28544129	0.054037594	-99.99
2018-11-19	1.271433921	0.948878663	41.68491694	64.36907155	0.061653912	-99.99
2018-11-20	1.313913246	1.121171903	49.34404601	59.92262206	0.072889186	-99.99
2018-11-21	1.33717756	1.314364688	57.89199224	53.9886903	0.085408082	0.3
2018-11-22	1.382521805	1.504493328	66.307454	51.97657017	0.097610802	-99.99
2018-11-23	1.345923949	1.6711079	73.65859781	45.75353305	0.108261388	-99.99
2018-11-24	1.202612089	1.843851739	81.42709381	39.62658943	0.119481599	-99.99
2018-11-25	0.714759328	1.862309043	82.23734172	38.9528713	0.120677638	0.4
2018-11-26	0.249462879	1.873116566	82.71745132	39.31297991	0.121377969	-99.99
2018-11-27	-0.141371986	1.882009892	83.11337039	38.12276498	0.121954261	-99.99
2018-11-28	-0.635863898	1.915481193	84.5919447	37.99713317	0.124123199	-99.99
2018-11-29	-1.049563321	1.966793652	86.85830085	35.39370162	0.127448245	0.3
2018-11-30	-1.430562678	1.96942052	86.97613522	33.81823478	0.127618465	-99.99
2018-12-01	-1.688252233	2.02500212	89.39628503	33.97949515	0.131220146	-99.99
2018-12-02	-1.987423856	2.071464411	91.434489	34.35652461	0.134230898	-99.99
2018-12-03	-2.308752419	2.071350801	91.44208554	32.58252598	0.134223534	0.4
2018-12-04	-2.521580939	2.120819697	93.60732912	32.70198791	0.137429122	-99.99
2018-12-05	-2.425242856	2.022730669	89.27783614	30.80041281	0.131072948	-99.99
2018-12-06	-2.42056177	1.990083704	87.83505261	29.9628132	0.128957427	-99.99
2018-12-07	-2.613292172	2.049729262	90.4516784	29.59457236	0.13282246	0.4
2018-12-08	-2.592028504	2.053518628	90.62592325	28.37927447	0.133068013	-99.99
2018-12-09	-2.455369548	2.077335175	91.68048636	28.36371823	0.134611328	-99.99
2018-12-10	-2.412858248	2.08982245	92.23699148	27.9463237	0.135420502	-99.99
2018-12-11	-2.281996916	2.048557132	90.51456228	28.18681679	0.132869363	0.4
2018-12-12	-2.129774434	2.063210827	91.16914342	27.60931778	0.133818926	-99.99
2018-12-13	-1.982533217	2.120748969	93.68576928	29.5068373	0.137547399	-99.99
2018-12-14	-1.658446036	2.040367418	90.14818035	28.15553318	0.132338667	-99.99
2018-12-15	-1.700648677	2.104975299	92.99139317	29.19359829	0.13652526	0.5
2018-12-16	-1.776711997	2.136341896	94.35806391	29.75066567	0.138557805	-99.99
2018-12-17	-1.68297176	2.095568562	92.56160766	30.34045534	0.135915685	-99.99
2018-12-18	-1.685133822	2.07702814	91.73148735	30.42317471	0.134714256	-99.99
2018-12-19	-1.811540347	2.060707299	91.00863592	31.70736647	0.133656665	0.6
2018-12-20	-1.727168343	2.036357135	89.91948527	32.08864356	0.132078775	-99.99
2018-12-21	-1.914112618	1.978378779	87.27869684	32.602374	0.128198925	-99.99
2018-12-22	-2.128087735	1.893485777	83.53613422	33.07877826	0.122697854	-99.99
2018-12-23	-2.141750227	1.836347279	81.01515748	33.56569981	0.118995281	0.7
2018-12-24	-2.427463924	1.879461872	82.90053343	35.75472369	0.121789113	-99.99
2018-12-25	-2.747825724	1.859095488	81.99440269	38.06946711	0.120469376	-99.99
2018-12-26	-2.927539877	1.838422165	81.08264558	41.3539228	0.119129753	-99.99
2018-12-27	-3.094448455	1.81419091	80.13536219	42.94356813	0.117731899	1.3
2018-12-28	-3.190910055	1.787666312	78.96415138	44.01803688	0.116013114	-99.99
2018-12-29	-3.272805203	1.762372631	77.83629178	45.28518118	0.11437408	-99.99
2018-12-30	-2.940217991	1.737012645	76.7330307	44.47621879	0.112730756	-99.99
2018-12-31	-2.698577488	1.736403754	76.71602557	43.96216994	0.112691299	1.3
2019-01-01	-2.677330356	1.781441273	78.69996706	44.74654609	0.115609738	-99.99
2019-01-02	-2.700684304	1.787983129	78.98513506	44.75213796	0.116033648	-99.99
2019-01-03	-2.659080072	1.766022841	78.04109712	44.9939405	0.114629769	-99.99
2019-01-04	-2.531792379	1.755216949	77.5859051	44.25981669	0.11395348	1.4
2019-01-05	-2.3492455	1.780345793	78.71321554	42.51219841	0.1156126	-99.99
2019-01-06	-2.105183956	1.75163832	77.28016218	41.92994157	0.113506175	-99.99
2019-01-07	-1.917798009	1.719121271	75.84869766	42.31429818	0.111399067	-99.99
2019-01-08	-1.611802792	1.72326158	76.04451416	40.79093339	0.111667361	1.4
2019-01-09	-2.131619575	1.749797808	77.18959451	43.82773335	0.113386899	-99.99
2019-01-10	-2.462836641	1.768799253	77.99100929	45.89492023	0.114618201	-99.99
2019-01-11	-2.308651063	1.622296212	71.5131365	45.15665403	0.1051248	-99.99
2019-01-12	-2.25459099	1.462657841	64.49643899	46.08238125	0.094780232	1.3
2019-01-13	-2.25459099	1.462657841	64.49643899	46.08238125	0.094780232	-99.99
2019-01-14	-2.25459099	1.462657841	64.49643899	46.08238125	0.094780232	-99.99
2019-01-15	-2.25459099	1.462657841	64.49643899	46.08238125	0.094780232	-99.99
2019-01-16	-2.517470729	1.517588315	66.90224963	51.40645792	0.098339713	1.5
2019-01-17	-99.99	-99.99	-99.99	-99.99	-99.99	-99.99
2019-01-18	-99.99	-99.99	-99.99	-99.99	-99.99	-99.99
2019-01-19	-99.99	-99.99	-99.99	-99.99	-99.99	-99.99
2019-01-20	-99.99	-99.99	-99.99	-99.99	-99.99	1.5
2019-01-21	-99.99	-99.99	-99.99	-99.99	-99.99	-99.99
2019-01-22	-99.99	-99.99	-99.99	-99.99	-99.99	-99.99
2019-01-23	-99.99	-99.99	-99.99	-99.99	-99.99	-99.99
2019-01-24	-99.99	-99.99	-99.99	-99.99	-99.99	1.4
2019-01-25	-99.99	-99.99	-99.99	-99.99	-99.99	-99.99
2019-01-26	-99.99	-99.99	-99.99	-99.99	-99.99	-99.99
2019-01-27	-99.99	-99.99	-99.99	-99.99	-99.99	-99.99
2019-01-28	-0.227792138	0.781348974	33.05441804	81.80978468	0.05128349	1.4
2019-01-29	-0.227792138	0.781348974	33.05441804	81.80978468	0.05128349	-99.99
2019-01-30	-0.227792138	0.781348974	33.05441804	81.80978468	0.05128349	-99.99
2019-01-31	-0.227792138	0.781348974	33.05441804	81.80978468	0.05128349	-99.99
2019-02-01	-0.227792138	0.781348974	33.05441804	81.80978468	0.05128349	1.3
2019-02-02	-0.227792138	0.781348974	33.05441804	81.80978468	0.05128349	-99.99
2019-02-03	-0.227792138	0.781348974	33.05441804	81.80978468	0.05128349	-99.99
2019-02-04	-0.227792138	0.781348974	33.05441804	81.80978468	0.05128349	-99.99
2019-02-05	-0.227792138	0.781348974	33.05441804	81.80978468	0.05128349	1
2019-02-06	-0.094617179	0.598929148	25.69346304	91.30513804	0.039136622	-99.99
2019-02-07	-0.107659964	0.350158494	15.41187194	97.2848608	0.022690244	-99.99
2019-02-08	-0.17637648	0.30165087	13.27707827	95.1739604	0.019546957	-99.99
2019-02-09	-0.156490527	0.278658295	12.26418869	93.38418645	0.018057044	1.6
2019-02-10	-0.172616499	0.278794266	12.26728768	93.83116422	0.018065857	-99.99
2019-02-11	-0.116630365	0.270183989	11.88868481	91.25021553	0.017507912	-99.99
2019-02-12	-0.112147952	0.263263482	11.53528289	91.4865571	0.016988177	-99.99
2019-02-13	-0.090514325	0.26184207	11.47483281	90.99748646	0.016904981	1.1
2019-02-14	-0.079137802	0.27004532	11.83576226	91.30682059	0.017443484	-99.99
2019-02-15	-0.085776999	0.268579749	11.77393834	92.35637755	0.017354061	-99.99
2019-02-16	0.049698827	0.330908069	14.41278821	89.99803608	0.021226837	-99.99
2019-02-17	0.077296511	0.359403022	15.66972759	89.81016986	0.023073308	1
2019-02-18	0.110190782	0.389693397	17.00478005	89.46120854	0.025036124	-99.99
2019-02-19	0.158805568	0.403292323	17.60559529	87.44096129	0.025917333	-99.99
2019-02-20	0.26531319	0.460922058	20.11726087	85.63979736	0.029614337	-99.99
2019-02-21	0.261175943	0.47201445	20.6026992	86.43975588	0.030333126	0.7
2019-02-22	0.275591451	0.478875296	20.93813326	86.50702111	0.030827611	-99.99
2019-02-23	0.278418939	0.486208918	21.07166688	86.80835596	0.031024559	-99.99
2019-02-24	0.273840768	0.479047544	20.73322682	86.96109412	0.030524548	-99.99
2019-02-25	0.310682401	0.472462746	20.37065825	80.95079604	0.029989237	0.6
2019-02-26	0.203656486	0.386536523	16.53042765	81.10836181	0.024486018	-99.99
2019-02-27	0.472458434	0.469749427	20.19354598	77.95679677	0.029878215	-99.99
2019-02-28	0.891242913	0.632049864	27.33782242	75.34225092	0.04039528	-99.99
2019-03-01	1.140885177	0.777774063	33.73789087	74.99333104	0.049838213	0.6
2019-03-02	1.215737187	0.855261074	37.15914844	73.68768034	0.054896777	-99.99
2019-03-03	1.213658309	0.957342291	41.64368493	72.20382155	0.061511642	-99.99
2019-03-04	1.183592693	1.025149868	44.62645586	70.46952554	0.065905577	-99.99
2019-03-05	1.13195115	1.091475445	47.73578239	68.76227481	0.070481742	0.5
2019-03-06	1.101050269	1.141120878	49.94771574	66.9892779	0.073734721	-99.99
2019-03-07	1.135382212	1.189956084	52.16774984	71.07037535	0.077007862	-99.99
2019-03-08	1.065861684	1.227177449	53.96650806	72.15656248	0.079521111	-99.99
2019-03-09	0.775847225	1.121479456	49.31320507	74.70909399	0.072671883	0.5
2019-03-10	0.325704588	0.944595602	41.52496635	78.36106914	0.061209814	-99.99
2019-03-11	0.049508962	0.79651894	35.01792587	79.61123111	0.051614442	-99.99
2019-03-12	-0.12062936	0.667394065	29.34652072	82.33644619	0.043247148	-99.99
2019-03-13	-0.102914667	0.566297754	24.87825759	84.35471802	0.036655763	0.3
2019-03-14	-0.042021596	0.502364997	22.06396188	85.79749549	0.032512916	-99.99
2019-03-15	-0.008240812	0.431820274	18.95840378	87.87451569	0.027941622	-99.99
2019-03-16	0.051174682	0.383928877	16.777209	89.14751336	0.0247327	-99.99
2019-03-17	0.029100184	0.338505937	14.77949957	89.27014696	0.021789289	0.5
2019-03-18	0.044340373	0.30085845	13.12396169	89.85257112	0.019349732	-99.99
2019-03-19	0.069824827	0.287185791	12.37615762	90.01691804	0.018252454	-99.99
2019-03-20	0.108020166	0.277133825	11.93030384	88.10558743	0.017601084	-99.99
2019-03-21	0.123399596	0.275738775	11.86468936	89.44863093	0.017510688	0.4
2019-03-22	0.133686399	0.260384871	11.19017474	89.10837932	0.016515756	-99.99
2019-03-23	0.09511681	0.243432296	10.47293671	89.86824445	0.01545757	-99.99
2019-03-24	0.055316085	0.225949928	9.704998382	89.88525018	0.014324713	-99.99
2019-03-25	0.080541881	0.221839549	9.524821976	88.4992912	0.01405836	0.4
2019-03-26	0.326019729	0.330068028	14.36319079	85.98395218	0.021177128	-99.99
2019-03-27	0.330972975	0.362038392	15.77254681	85.85786008	0.023248808	-99.99
2019-03-28	0.362880907	0.374125457	16.3039834	84.32103642	0.02403205	-99.99
2019-03-29	0.351150656	0.378445166	16.62468966	84.63410853	0.024507317	0.3
2019-03-30	0.341510955	0.367050531	16.12576552	85.60783084	0.023768946	-99.99
2019-03-31	0.310789726	0.349562736	15.36121707	84.48136635	0.022635734	-99.99
2019-04-01	0.335533254	0.351402572	15.44360249	84.39348879	0.022754956	-99.99
2019-04-02	0.347835729	0.347187822	15.24884715	83.32875462	0.022469385	0.4
2019-04-03	0.333269733	0.34612328	15.20148311	82.27867949	0.022400404	-99.99
2019-04-04	0.352205667	0.357699959	15.71021026	82.4845944	0.023147418	-99.99
2019-04-05	-99.99	-99.99	-99.99	-99.99	-99.99	-99.99
2019-04-06	-99.99	-99.99	-99.99	-99.99	-99.99	0.5
2019-04-07	-99.99	-99.99	-99.99	-99.99	-99.99	-99.99
2019-04-08	-99.99	-99.99	-99.99	-99.99	-99.99	-99.99
2019-04-09	-99.99	-99.99	-99.99	-99.99	-99.99	-99.99
2019-04-10	-99.99	-99.99	-99.99	-99.99	-99.99	0.4
2019-04-11	-99.99	-99.99	-99.99	-99.99	-99.99	-99.99
2019-04-12	-99.99	-99.99	-99.99	-99.99	-99.99	-99.99
2019-04-13	-99.99	-99.99	-99.99	-99.99	-99.99	-99.99
2019-04-14	-99.99	-99.99	-99.99	-99.99	-99.99	0.7
2019-04-15	-99.99	-99.99	-99.99	-99.99	-99.99	0.3
2019-04-16	-99.99	-99.99	-99.99	-99.99	-99.99	-99.99
2019-04-17	-99.99	-99.99	-99.99	-99.99	-99.99	-99.99
2019-04-18	-99.99	-99.99	-99.99	-99.99	-99.99	-99.99
2019-04-19	-99.99	-99.99	-99.99	-99.99	-99.99	0.4
2019-04-20	-99.99	-99.99	-99.99	-99.99	-99.99	-99.99
2019-04-21	1.729695999	0.90083633	41.60314266	43.64039961	0.061735539	-99.99
2019-04-22	1.928680717	1.014513032	48.12574345	41.46545259	0.071262625	-99.99
2019-04-23	2.188706043	1.220098246	57.20631971	38.36928057	0.084623849	0.3
2019-04-24	2.399636709	1.423156587	66.16214692	35.8337117	0.097782024	-99.99
2019-04-25	2.556032837	1.602907074	74.09209149	33.57988983	0.109429863	-99.99
2019-04-26	2.472518109	1.76932142	81.44258602	31.50926952	0.120243091	-99.99
2019-04-27	2.18796913	1.855419725	85.22565287	31.00024194	0.125822259	0.4
2019-04-28	1.86287482	1.863183827	85.77334576	31.72087264	0.126643276	-99.99
2019-04-29	1.234761224	1.766616511	80.46590944	31.92623377	0.118827871	-99.99
2019-04-30	0.618379545	1.755226328	79.95875462	34.10273656	0.118089791	-99.99
2019-05-01	0.116501084	1.734178993	78.14622675	33.86407547	0.114901347	0.3
2019-05-02	-0.388744359	1.639013695	72.24911638	36.15797353	0.106237666	-99.99
2019-05-03	-0.755868463	1.529857079	67.44824397	37.5324737	0.099164323	-99.99
2019-05-04	-1.105808753	1.404168284	61.90713082	37.51514586	0.091019693	-99.99
2019-05-05	-1.436110984	1.297013787	57.17990776	37.44629294	0.08407607	0.7
2019-05-06	-1.480723479	1.192711416	52.57214647	38.1795837	0.077287693	-99.99
2019-05-07	-1.431693356	1.108838772	48.89437896	38.62397734	0.071852749	-99.99
2019-05-08	-1.457994595	1.046926951	46.16748984	40.19732778	0.067840861	-99.99
2019-05-09	-1.402216756	1.012799833	44.65992681	41.37137857	0.065629431	0.3
2019-05-10	-1.423530183	0.975007346	42.99043521	43.12220739	0.063180475	-99.99
2019-05-11	-1.334566499	0.85412374	37.65871262	44.02613776	0.055347205	-99.99
2019-05-12	-1.267742192	0.79662829	35.12543487	43.78593468	0.051621498	-99.99
2019-05-13	-1.124827218	0.856367053	37.91407217	41.86070521	0.055690109	0.3
2019-05-14	-0.916112709	0.885441006	39.21476357	40.145746	0.057574098	-99.99
2019-05-15	-0.787118197	0.893910181	39.59681852	40.08313768	0.058122912	-99.99
2019-05-16	-0.717526624	0.891596919	39.49507773	38.9961852	0.057973018	-99.99
2019-05-17	-0.683027052	0.845498783	37.45859458	38.1090533	0.054985856	0.2
2019-05-18	-0.556290951	0.906912366	40.09899499	36.4126506	0.058851075	-99.99
2019-05-19	-0.486931264	0.988721094	43.71936653	36.28082534	0.06415228	-99.99
2019-05-20	-0.382898984	1.00703726	44.54458363	33.58304918	0.065339173	-99.99
2019-05-21	-0.309151595	1.06313029	47.03692112	32.23214244	0.06897401	0.7
2019-05-22	-0.375482727	1.105429458	48.91356975	31.35217036	0.071714999	-99.99
2019-05-23	-0.453341887	0.992315635	43.78002437	30.69271314	0.064187684	-99.99
2019-05-24	-0.597106452	0.936420893	41.30247197	32.32102058	0.060565711	-99.99
2019-05-25	-0.651187391	0.909532994	40.11016933	34.69761907	0.058823369	0.5
2019-05-26	-0.696629437	0.861322293	37.9841172	34.15866783	0.055699313	-99.99
2019-05-27	-0.66216767	0.873738933	38.53083109	36.70770896	0.05650391	-99.99
2019-05-28	-0.474435572	0.882977429	39.11293612	37.89114254	0.057357263	-99.99
2019-05-29	-0.320158099	0.89688354	39.51268318	36.50298981	0.057948409	0.9
2019-05-30	-0.208825258	0.940200648	41.42756079	36.05576589	0.060755352	-99.99
2019-05-31	-0.060405489	0.903094684	39.78931479	34.67929234	0.058350879	-99.99
2019-06-01	0.096043283	0.956081424	42.51786501	33.07140239	0.062339115	-99.99
2019-06-02	0.091619174	1.053844478	46.84078317	32.87369103	0.06867416	0.8
2019-06-03	0.043207237	1.148290914	51.01109335	31.71680877	0.074794289	-99.99
2019-06-04	0.249347624	1.156625964	51.39404546	26.65264749	0.0753344	-99.99
2019-06-05	0.38485954	1.189468412	52.85869184	24.37435622	0.077462591	-99.99
2019-06-06	0.265353218	1.223311993	54.3666464	20.56722786	0.079655654	0.2
2019-06-07	0.040676836	1.164750252	51.68908317	17.99199735	0.075720538	-99.99
2019-06-08	-0.314360733	1.110357056	49.50117912	17.53238476	0.072505826	-99.99
2019-06-09	-0.555359785	1.0539728	47.00754641	17.35036159	0.06885213	-99.99
2019-06-10	-0.87476287	1.060222905	47.28051609	18.72912407	0.069257137	0.2
2019-06-11	-1.19720599	1.02841618	45.48402796	19.68221122	0.066641363	-99.99
2019-06-12	-1.389921813	1.009173481	44.62737675	21.54036352	0.065394437	-99.99
2019-06-13	-1.408020154	0.921312249	40.75143075	20.47230658	0.059701029	-99.99
2019-06-14	-1.774856375	0.942297688	41.46702978	22.22516583	0.060773453	0.3
2019-06-15	-1.994169254	0.9534098	41.94318976	24.66398482	0.061493515	-99.99
2019-06-16	-1.864722547	0.88808194	39.05346831	24.63641883	0.057260271	-99.99
2019-06-17	-1.956635358	0.893305824	39.27763729	27.91342769	0.057598777	-99.99
2019-06-18	-1.87301886	0.874509777	38.44295886	29.41861366	0.056380795	0.2
2019-06-19	-1.773895947	0.854422967	37.54991251	30.29814774	0.055079169	-99.99
2019-06-20	-1.611742536	0.807673711	35.48009145	29.85913123	0.052049818	-99.99
2019-06-21	-1.380836528	0.733191177	32.19115521	29.92520217	0.047223354	-99.99
2019-06-22	-1.180596751	0.635877481	27.86926015	28.5881332	0.040881549	0.2
2019-06-23	-1.170876234	0.61165592	26.7983971	30.64808065	0.039311991	-99.99
2019-06-24	-1.036246195	0.588099633	25.95477915	33.90668273	0.038072972	-99.99
2019-06-25	-0.934578257	0.563302187	24.8581089	35.11512015	0.036466094	-99.99
2019-06-26	-0.968219385	0.58000532	25.58627046	39.00379939	0.03754846	0.3
2019-06-27	-0.850575582	0.542276261	23.91598205	39.16178853	0.035103617	-99.99
2019-06-28	-0.732797375	0.471625406	20.79904765	38.19214612	0.030525444	-99.99
2019-06-29	-0.684180444	0.458255379	20.20864523	40.5181204	0.029659069	-99.99
2019-06-30	-0.667202171	0.461129387	20.33150977	43.68167309	0.029845308	0.3
2019-07-01	-0.58604739	0.443973833	19.49809311	44.76786219	0.028624362	-99.99
2019-07-02	-0.529408065	0.432398352	19.00933571	45.96611636	0.027910149	-99.99
2019-07-03	-0.439973611	0.419756483	18.32534493	47.80881951	0.026917035	-99.99
2019-07-04	-0.332586883	0.380309479	16.58256098	48.02030685	0.024360872	1.2
2019-07-05	-0.268144287	0.346046087	15.07091627	48.309182	0.022140611	-99.99
2019-07-06	-0.212461551	0.32058039	13.94911462	48.67196914	0.020490432	-99.99
2019-07-07	-0.197127894	0.300144689	12.97834564	50.13628912	0.01906298	-99.99
2019-07-08	-0.174878736	0.287599661	12.42342678	50.24449656	0.018250061	1.1
2019-07-09	-0.09062917	0.253415675	10.91484931	49.91303815	0.016034936	-99.99
2019-07-10	-0.05278286	0.233130244	10.02097623	48.43914832	0.014720438	-99.99
2019-07-11	-0.056883491	0.22105365	9.563032555	48.58932796	0.014047136	-99.99
2019-07-12	-0.029523461	0.210984165	9.120276252	48.56346911	0.013394633	1.1
2019-07-13	0.013689478	0.223733984	9.571942702	47.7127414	0.014052209	-99.99
2019-07-14	0.030012715	0.210930691	9.010861135	46.96866613	0.013222554	-99.99
2019-07-15	0.053099516	0.202167119	8.625989153	46.09698915	0.012654674	-99.99
2019-07-16	0.044412745	0.201992692	8.616301339	46.35104731	0.012643371	1.2
2019-07-17	0.055731071	0.193666965	8.319985388	44.15592029	0.012207086	-99.99
2019-07-18	0.018717615	0.207990672	8.950997068	47.43700994	0.013135263	-99.99
2019-07-19	0.002106135	0.211257811	9.094142605	47.27569831	0.013346973	-99.99
2019-07-20	-0.013318465	0.218013438	9.388228227	50.51107538	0.013950963	0.9
2019-07-21	-0.042123739	0.230061559	9.918182372	53.49089099	0.014731681	-99.99
2019-07-22	-0.068150103	0.232406605	10.01973042	55.41609989	0.01488364	-99.99
2019-07-23	-0.077357523	0.196511408	8.667813906	55.04590929	0.012900164	-99.99
2019-07-24	-0.091381679	0.187629693	8.232573101	55.01068565	0.012263355	0.5
2019-07-25	-0.059247205	0.180597537	7.922379812	54.15656329	0.011807672	-99.99
2019-07-26	0.075921835	0.202759112	8.869018657	49.96240836	0.013184324	-99.99
2019-07-27	0.249223593	0.294919373	12.93576883	49.86294073	0.019156308	-99.99
2019-07-28	0.361561162	0.30496804	13.37982899	47.5420304	0.020181949	0.7
2019-07-29	0.435349958	0.403418676	17.82288508	49.12733538	0.027015967	-99.99
2019-07-30	0.462727954	0.444641472	19.64686225	48.76639805	0.029520977	-99.99
2019-07-31	0.478420839	0.465704784	20.44996382	48.72576086	0.0307015	-99.99
2019-08-01	0.466593807	0.487556348	21.41135066	49.77008271	0.032117481	0.5
2019-08-02	0.492758145	0.489707799	21.50596521	51.08818805	0.032256896	-99.99
2019-08-03	0.513775874	0.501192391	22.05529888	52.67601087	0.033062371	-99.99
2019-08-04	0.456849602	0.499985802	22.01401271	57.52451447	0.033005885	-99.99
2019-08-05	0.353343813	0.462466891	20.39271199	60.53951722	0.030634077	0.6
2019-08-06	0.22237189	0.362268134	15.97271556	60.44011728	0.024141198	-99.99
2019-08-07	0.144388602	0.335483103	14.74778032	62.8437448	0.021966756	-99.99
2019-08-08	0.073375516	0.228324286	9.92089964	63.20829674	0.014568448	-99.99
2019-08-09	0.086103173	0.169003693	7.30180288	59.91573181	0.010724476	0.2
2019-08-10	0.105156505	0.135997412	5.973531434	57.13916272	0.008770048	-99.99
2019-08-11	0.148779193	0.108393112	4.75924793	54.50631802	0.006981289	-99.99
2019-08-12	0.143421639	0.098477944	4.321516993	53.06440546	0.006338787	-99.99
2019-08-13	0.148372896	0.082418838	3.612126957	51.42663332	0.005298158	0.5
2019-08-14	0.213351951	0.079377286	3.448704962	46.18225171	0.005055552	-99.99
2019-08-15	0.224906464	0.077592652	3.370665867	45.63054172	0.004939907	-99.99
2019-08-16	0.175468608	0.076961518	3.341472123	48.10673914	0.00489901	-99.99
2019-08-17	0.182999977	0.074080012	3.256466087	46.81603807	0.004776572	0.4
2019-08-18	0.149322795	0.074625438	3.248232922	47.78921544	0.004766772	-99.99
2019-08-19	0.131661751	0.07288224	3.169973849	50.16138736	0.004653813	-99.99
2019-08-20	0.16097634	0.129488724	5.675988587	54.07635103	0.008321916	-99.99
2019-08-21	0.127237713	0.134016104	5.873386323	58.07107776	0.00861529	0.2
2019-08-22	0.130089169	0.135558952	5.94063102	58.29282384	0.008715266	-99.99
2019-08-23	0.107672164	0.147131954	6.451563902	60.35337594	0.009465197	-99.99
2019-08-24	0.064893469	0.146769007	6.450275548	62.24157975	0.009465489	-99.99
2019-08-25	0.054958255	0.140613076	6.177596132	62.41680156	0.009066585	0.5
2019-08-26	0.132263918	0.171710948	7.521071797	60.45670562	0.011034621	-99.99
2019-08-27	0.407651114	0.311865514	13.71151421	59.82691644	0.020116636	-99.99
2019-08-28	0.787856171	0.503506628	22.21747295	55.69125028	0.032580121	-99.99
2019-08-29	1.016106403	0.627593968	27.70794729	51.61246017	0.040620979	0.4
2019-08-30	1.163113193	0.671249905	29.6350536	46.05700992	0.043449881	-99.99
2019-08-31	1.311244414	0.736061616	32.50551132	40.1639594	0.047649677	-99.99
2019-09-01	1.347766467	0.837313925	36.97509121	40.34051607	0.054210825	-99.99
2019-09-02	1.440708859	0.88027519	38.87767236	35.93720668	0.056994714	0.5
2019-09-03	1.495756384	0.925701972	40.89088416	33.55727064	0.059938369	-99.99
2019-09-04	1.443719374	1.001033424	44.21734071	32.02098118	0.064819849	-99.99
2019-09-05	1.323200177	1.033089733	45.66521704	30.82357801	0.066944201	-99.99
2019-09-06	0.912517834	0.995376773	44.00197419	30.30898906	0.064500405	0.2
2019-09-07	0.450150346	0.901918504	39.94681994	32.47415267	0.058578359	-99.99
2019-09-08	0.08817413	0.858607533	38.1071945	36.4938984	0.05617653	-99.99
2019-09-09	-0.202093386	0.839924376	37.26504924	40.48081244	0.054965864	-99.99
2019-09-10	-0.401707943	0.843489071	37.40728636	44.62589805	0.055196855	0.2
2019-09-11	-0.491428895	0.805658475	35.73425425	47.14292256	0.052745432	-99.99
2019-09-12	-0.623805786	0.798010989	35.38838306	52.22884513	0.052249873	-99.99
2019-09-13	-0.676470219	0.792938623	35.15331536	55.15184457	0.051921186	-99.99
2019-09-14	-0.690482187	0.761121211	33.7456567	60.49442793	0.049859417	0.1
2019-09-15	-0.674434178	0.725422748	32.16477651	64.96812325	0.04754616	-99.99
2019-09-16	-0.590471106	0.649327213	28.79887264	68.18396878	0.042615169	-99.99
2019-09-17	-0.504789562	0.567885386	25.11708974	69.42560327	0.037203691	-99.99
2019-09-18	-0.375052234	0.508547151	22.41175555	70.09265349	0.032953852	0.3
2019-09-19	-0.285634413	0.424632592	18.71631618	69.55469317	0.027516187	-99.99
2019-09-20	-0.256010616	0.380382156	16.76798815	70.26595502	0.024648763	-99.99
2019-09-21	-0.249887443	0.343598534	15.1467256	70.06989537	0.022265187	-99.99
2019-09-22	-0.219063356	0.320192061	14.11403337	68.87039179	0.020748452	0.4
2019-09-23	-0.239251462	0.294541069	12.98160759	72.57840614	0.019086263	-99.99
2019-09-24	-0.185676674	0.26263479	11.57016544	71.79068519	0.017018737	-99.99
2019-09-25	-0.134850349	0.246504709	10.85462516	72.26413426	0.015973505	-99.99
2019-09-26	-0.015637749	0.2985625	12.8356156	71.74327068	0.018868212	0.5
2019-09-27	0.156445971	0.352044268	15.2049559	69.09333101	0.022333828	-99.99
2019-09-28	0.151182893	0.372276467	16.09847697	69.47708921	0.023644876	-99.99
2019-09-29	0.12496394	0.392433698	16.98854526	72.34908325	0.024951065	-99.99
2019-09-30	0.193067984	0.420781224	18.28795504	67.27563905	0.026847817	0.2
2019-10-01	0.330133156	0.516195975	22.38531441	63.6659745	0.032838501	-99.99
2019-10-02	0.329282521	0.555941736	24.1818697	65.15318529	0.035475127	-99.99
2019-10-03	0.34391446	0.577482959	25.13356345	66.31076734	0.036871	-99.99
2019-10-04	0.496338902	0.668244012	29.14360728	64.08271719	0.042752313	0.5
2019-10-05	0.715149365	0.829473978	36.27587613	59.34538664	0.053200016	-99.99
2019-10-06	1.018598119	0.95252365	41.95043576	54.63686996	0.061508687	-99.99
2019-10-07	1.271965961	1.115049519	49.14606401	52.29386875	0.07204036	-99.99
2019-10-08	1.474669599	1.283571352	56.60777967	47.88184842	0.082960575	0.6
2019-10-09	1.721873892	1.415688555	62.45436788	41.91657712	0.091521772	-99.99
2019-10-10	1.75605864	1.569387895	69.23085319	42.17202022	0.101481487	-99.99
2019-10-11	1.604553639	1.659167881	73.42666935	42.68057834	0.108140615	-99.99
2019-10-12	1.759928799	1.741020116	76.80037647	36.78793326	0.113068408	1.3
2019-10-13	1.717772176	1.833099826	80.56838485	28.90507556	0.118567365	-99.99
2019-10-14	1.377167339	1.883587212	82.76674477	24.69227538	0.122149367	-99.99
2019-10-15	1.149733106	1.981980924	87.09536942	24.75869185	0.128525287	-99.99
2019-10-16	0.811600874	1.998714507	87.81064042	24.91884092	0.129609616	0.7
2019-10-17	0.417674465	1.96415405	86.24899763	24.34652543	0.127370107	-99.99
2019-10-18	0.057667948	1.970541484	86.50630696	26.04528394	0.127784017	-99.99
2019-10-19	-0.344673231	2.046050731	89.84096638	25.9875307	0.132677014	-99.99
2019-10-20	-0.628049828	2.054945838	90.24693396	25.629968	0.133253413	1.3
2019-10-21	-0.871394714	2.137997621	94.0336714	25.34986337	0.13832335	-99.99
2019-10-22	-1.212477643	2.238460398	98.93002925	26.57222063	0.145547642	-99.99
2019-10-23	-1.334517718	2.332369983	103.2447739	29.02772323	0.152399625	-99.99
2019-10-24	-1.190716268	2.37281611	105.0529782	30.44732472	0.154710117	1
2019-10-25	-1.328271171	2.284237394	101.1487871	29.35253834	0.148970209	-99.99
2019-10-26	-1.366219876	2.280721435	101.0059832	29.16243064	0.148742379	-99.99
2019-10-27	-1.499918435	2.310010114	102.3119891	29.85680262	0.150640283	-99.99
2019-10-28	-1.497193481	2.282512163	101.1045522	28.46097778	0.148858411	1.7
2019-10-29	-1.44046365	2.266370759	100.3765075	29.33650299	0.147812447	-99.99
2019-10-30	-1.581890845	2.303209392	101.9878943	29.11401635	0.150199586	-99.99
2019-10-31	-1.578733228	2.233948565	98.70422523	28.02603073	0.14539677	-99.99
2019-11-01	-1.691524973	2.183335896	96.23125732	27.4828225	0.141778999	1.4
2019-11-02	-1.709305522	2.115916349	93.37903675	26.72534835	0.137111381	-99.99
2019-11-03	-1.96201449	2.109810437	93.11555186	27.11686538	0.136715718	-99.99
2019-11-04	-2.136457366	2.101667055	92.74700166	28.26245235	0.13618803	-99.99
2019-11-05	-2.387850424	2.053277112	90.60159714	29.23566128	0.133052359	1.6
2019-11-06	-2.518621096	2.006330715	88.52621175	30.58300234	0.130010228	-99.99
2019-11-07	-2.630842031	2.002785593	88.37227759	31.48635663	0.129780506	-99.99
2019-11-08	-2.662969496	1.954368736	86.32297141	31.26285652	0.126752541	-99.99
2019-11-09	-2.599255643	1.881126961	83.10083267	31.568122	0.122018645	1.5
2019-11-10	-2.612879078	1.826864905	80.71930739	32.23997015	0.118517668	-99.99
2019-11-11	-2.840906608	1.834501132	81.06291751	34.83616817	0.119012488	-99.99
2019-11-12	-3.029308902	1.831197314	80.9164088	36.61534414	0.118798402	-99.99
2019-11-13	-3.045429053	1.781001032	78.69348206	37.95877675	0.115545679	1.5
2019-11-14	-3.037200205	1.743100731	77.02421166	39.85338097	0.113089734	-99.99
2019-11-15	-2.931263721	1.812612203	80.25747523	41.34381736	0.117838315	-99.99
2019-11-16	-2.842953464	1.865426922	85.16402493	40.34895096	0.125071752	-99.99
2019-11-17	-2.96123337	1.967967823	89.96054105	40.77908273	0.132780547	1.1
2019-11-18	-2.749331736	1.931377266	87.75370224	40.16603658	0.129548153	-99.99
2019-11-19	-2.583542381	1.901841852	86.84876938	37.89020494	0.12812664	-99.99
2019-11-20	-2.68559778	1.888017873	88.71628474	36.28792466	0.130793388	-99.99
2019-11-21	-2.431597685	1.841345654	89.50564094	33.36110819	0.131920938	0.4
2019-11-22	-2.371262793	1.935803821	93.67640582	32.93942611	0.138041822	-99.99
2019-11-23	-2.225622772	2.009916407	97.87579075	32.27859613	0.144201362	-99.99
2019-11-24	-1.980567316	2.054568348	100.0234982	29.95576655	0.147347886	-99.99
2019-11-25	-2.003196181	2.009139354	97.97652197	27.54301658	0.144325007	1.4
2019-11-26	-1.806509052	2.03449567	98.40298853	27.52426929	0.144912643	-99.99
2019-11-27	-1.509735658	1.925064711	93.35532572	25.33144871	0.136961832	-99.99
2019-11-28	-1.778868047	1.966646416	95.58318763	25.77920905	0.140235939	-99.99
2019-11-29	-1.918018082	2.00523487	96.67041609	26.38029099	0.141853837	1.4
2019-11-30	-1.839929979	1.967610927	92.84099607	26.48082676	0.136232097	-99.99
2019-12-01	-1.933342817	1.983162615	91.93401645	27.85117883	0.134916703	-99.99
2019-12-02	-1.678333186	1.880000773	88.69741292	25.57708596	0.130145607	-99.99
2019-12-03	-1.628390595	1.81097444	84.15269352	23.2646617	0.123462731	1.5
2019-12-04	-1.803284695	1.750497687	81.70205436	22.0672207	0.120193798	-99.99
2019-12-05	-1.831836048	1.713407964	79.09758074	21.91048824	0.116368599	-99.99
2019-12-06	-2.051846595	1.681401035	76.36089161	21.54797681	0.112812041	-99.99
2019-12-07	-2.255290624	1.76573036	80.29350858	23.46594137	0.118603988	0.5
2019-12-08	-2.237181703	1.838178514	83.47313321	24.77050096	0.123298625	-99.99
2019-12-09	-1.916479117	1.838044432	83.6686282	25.50189144	0.123566264	-99.99
2019-12-10	-1.715742021	1.874798316	84.86913747	25.7392215	0.125332775	-99.99
2019-12-11	-1.620947853	1.897931057	85.13578175	25.99898886	0.126240427	2.1
2019-12-12	-1.659188847	1.936845536	85.53966662	26.89908671	0.127231257	-99.99
2019-12-13	-1.592257313	2.007380042	89.2230463	28.66402037	0.132654825	-99.99
2019-12-14	-1.460759927	2.105204206	93.14376284	30.48193355	0.138090794	-99.99
2019-12-15	-1.430125115	2.197144045	98.07053904	31.95073642	0.145353971	1.7
2019-12-16	-1.360140743	2.129705457	95.11773019	30.9664034	0.140919638	-99.99
2019-12-17	-1.357015665	2.034991809	90.72506455	30.09717984	0.134463152	-99.99
2019-12-18	-1.357263212	1.974577449	88.06489657	29.58796516	0.1305483	-99.99
2019-12-19	-1.546402655	1.926214958	85.73715373	28.15444942	0.127138084	1.7
2019-12-20	-1.865053175	1.982927538	88.26913703	29.01688101	0.130875905	-99.99
2019-12-21	-1.898925825	1.963658591	86.91989091	28.42723069	0.128389863	-99.99
2019-12-22	-2.332790256	1.986839544	87.9315785	29.41892078	0.129509026	-99.99
2019-12-23	-2.396674984	1.960933232	86.96733736	28.6666832	0.128499648	1.5
2019-12-24	-2.743529723	1.929763707	85.58958776	27.85966237	0.126479867	-99.99
2019-12-25	-2.896298098	1.918906144	85.11800955	27.33982285	0.125776294	-99.99
2019-12-26	-3.012071842	1.978308665	87.66970954	28.04741752	0.12917902	-99.99
2019-12-27	-2.991686315	2.079706707	92.12994429	27.91384816	0.135749612	0.2
2019-12-28	-2.92643122	2.098717619	92.96429466	27.43073811	0.136981522	-99.99
2019-12-29	-2.93746951	2.142365993	94.88397272	28.56478818	0.139809934	-99.99
2019-12-30	-2.847416946	2.130975724	94.17564192	28.88425376	0.138756575	-99.99
2019-12-31	-3.035833239	2.163341709	95.59427197	29.4389038	0.141319976	1.4
2020-01-01	-3.070984603	2.19537642	97.47861508	29.79409583	0.144086358	-99.99
2020-01-02	-3.194866533	2.181055831	97.01384078	29.87398923	0.142978434	-99.99
2020-01-03	-2.923043076	2.237133189	100.0997774	29.46717531	0.147451837	-99.99
2020-01-04	-3.113460233	2.175236805	97.36953539	29.02482771	0.143440949	1.8
2020-01-05	-3.191007943	2.189239859	97.97690162	28.80590197	0.14434835	-99.99
2020-01-06	-3.253064671	2.185959976	97.81854983	28.61921569	0.144135816	-99.99
2020-01-07	-3.26495351	2.190650597	98.01165798	28.80096095	0.144853555	-99.99
2020-01-08	-2.961888403	2.150711775	96.34910337	27.39818844	0.143170513	0.7
2020-01-09	-3.087620508	2.131478427	95.49575222	26.56754052	0.141924197	-99.99
2020-01-10	-3.153241783	2.146291287	96.14819892	26.71235786	0.142417984	-99.99
2020-01-11	-2.89367977	2.082325992	92.86594768	25.46414779	0.1375825	-99.99
2020-01-12	-2.912404911	2.050846715	91.13159097	25.00078966	0.135053238	0.6
2020-01-13	-3.066299138	2.010063246	88.7083723	25.90092693	0.131570872	-99.99
2020-01-14	-2.955223471	2.072706573	91.45605122	26.31283764	0.135630164	-99.99
2020-01-15	-2.950159497	2.091612305	92.28098562	26.95915875	0.136855253	-99.99
2020-01-16	-3.068851333	2.059272626	90.85900985	27.02714846	0.134759645	1.5
2020-01-17	-3.355588596	2.035596473	89.82900122	26.0989846	0.132811646	-99.99
2020-01-18	-3.751753768	2.042184816	90.20472468	27.047192	0.132596211	-99.99
2020-01-19	-3.63765657	1.954456572	86.33770563	26.18899772	0.126911419	-99.99
2020-01-20	-3.41467387	1.842982271	81.31654893	25.35114418	0.119517718	2.1
2020-01-21	-3.173352464	1.800136747	79.42034047	25.97958656	0.116721898	-99.99
2020-01-22	-3.357149781	1.792831509	79.22557913	27.33060604	0.116761977	-99.99
2020-01-23	-3.540211813	1.702713988	75.93145077	28.11342893	0.112241081	-99.99
2020-01-24	-3.621865057	1.711689195	76.3349115	29.56220773	0.112822667	1.6
2020-01-25	-3.663047712	1.705742198	76.0880428	30.60593551	0.112437306	-99.99
2020-01-26	-3.446481066	1.716801546	76.58336843	30.96331832	0.113153939	-99.99
2020-01-27	-3.281926607	1.743706242	77.78298719	31.70429806	0.115369173	-99.99
2020-01-28	-3.55231666	1.764905216	78.72032242	31.0023076	0.116755307	2.1
2020-01-29	-3.809107547	1.886634008	84.08131034	32.56626178	0.124643338	-99.99
2020-01-30	-3.962960103	1.98194467	88.39753785	33.37467829	0.130989636	-99.99
2020-01-31	-4.437804613	2.090024972	93.22654125	34.08576429	0.138106052	-99.99
2020-02-01	-4.36852157	2.209707127	98.2869121	34.35110729	0.145747401	1.4
2020-02-02	-4.118686302	2.349110574	104.0175945	33.93030896	0.154377069	-99.99
2020-02-03	-3.878138075	2.366959893	104.8024898	32.4813962	0.155533706	-99.99
2020-02-04	-3.910195488	2.402654322	106.3770615	31.62556165	0.1578467	-99.99
2020-02-05	-4.23136075	2.433820999	107.7373166	31.75884273	0.159866312	1.7
2020-02-06	-4.278114349	2.475340159	109.5135887	31.10277769	0.162084948	-99.99
2020-02-07	-4.233631444	2.524491781	111.4690061	32.3155546	0.164994898	-99.99
2020-02-08	-3.918795132	2.483831634	109.670349	32.56284352	0.162360117	-99.99
2020-02-09	-3.846769805	2.438200699	107.6593565	33.20968537	0.159403231	1.1
2020-02-10	-3.483001205	2.364844752	104.3745561	32.36213993	0.154556394	-99.99
2020-02-11	-3.360120374	2.27161712	100.3658287	31.76471529	0.148115841	-99.99
2020-02-12	-3.464323129	2.2344602	98.70892564	33.030722	0.145151107	-99.99
2020-02-13	-3.509945529	2.209641892	97.61263199	34.80695921	0.143542887	1.3
2020-02-14	-3.288942552	2.148268659	94.89352128	35.72808982	0.139565896	-99.99
2020-02-15	-3.078568883	2.145673075	95.01221447	37.37169983	0.139754244	-99.99
2020-02-16	-3.095027195	2.108578432	93.39544419	40.17502899	0.137350511	-99.99
2020-02-17	-2.970474492	2.023921688	89.68117984	41.06295551	0.132194363	1.2
2020-02-18	-3.010676813	1.987466136	88.07813283	41.91106876	0.129832047	-99.99
2020-02-19	-2.997344917	1.994230479	88.36334627	43.12791786	0.130270373	-99.99
2020-02-20	-3.204080745	2.016800197	89.40117228	45.80794709	0.131849471	-99.99
2020-02-21	-2.900091109	2.038126864	90.31413405	47.69405357	0.133231441	1.2
2020-02-22	-2.807227568	2.007635521	88.72672328	50.06707018	0.13089753	-99.99
2020-02-23	-2.673184628	1.958831715	86.7596611	51.46455593	0.12838527	-99.99
2020-02-24	-2.645506278	1.888914431	83.67372943	51.83726964	0.123854639	-99.99
2020-02-25	-2.233007101	1.744073246	76.9640024	51.36563861	0.113962985	1
2020-02-26	-1.926521007	1.691120192	74.64994172	50.01916357	0.110889204	-99.99
2020-02-27	-1.75510833	1.729499659	76.33284567	49.98443273	0.113046587	-99.99
2020-02-28	-1.50589157	1.797461348	79.31759682	49.66551412	0.117450498	-99.99
2020-02-29	-1.380755112	1.871371825	82.56420923	47.97566085	0.122239896	1.5
2020-03-01	-1.341372259	1.899956603	83.74301039	46.74046053	0.123975603	-99.99
2020-03-02	-1.613608755	1.935603017	85.3058536	46.48152845	0.126285484	-99.99
2020-03-03	-1.520738382	1.940519486	85.52034573	45.97940925	0.126604063	-99.99
2020-03-04	-1.392955228	1.913827523	84.15689388	43.81338007	0.12422419	0.8
2020-03-05	-1.356161021	1.95519293	85.98038466	44.12684864	0.126904666	-99.99
2020-03-06	-1.648437788	2.028518448	89.48915289	45.55430186	0.132067359	-99.99
2020-03-07	-1.735702821	1.990259462	87.7998726	47.32635141	0.129230589	-99.99
2020-03-08	-1.670794273	1.945775788	85.84575328	48.91081141	0.126348041	1
2020-03-09	-1.764826751	1.84575989	81.43853423	50.1412941	0.120175455	-99.99
2020-03-10	-1.626557451	1.726400802	76.3071541	54.16050683	0.112626455	-99.99
2020-03-11	-1.464876551	1.638734509	72.58292796	57.45408891	0.107147024	-99.99
2020-03-12	-1.392539411	1.512501918	67.02924404	59.64988226	0.098967154	0.2
2020-03-13	-1.347464963	1.419001337	62.90868641	61.27671853	0.092908319	-99.99
2020-03-14	-1.310058492	1.430006485	63.39774357	65.09493988	0.093621456	-99.99
2020-03-15	-1.269893876	1.369779169	60.74684756	68.71398022	0.089718727	-99.99
2020-03-16	-1.157801768	1.342866236	59.3895566	71.840593	0.087712967	1.3
2020-03-17	-1.118096594	1.330546685	58.84446742	75.53242911	0.086914671	-99.99
2020-03-18	-1.129158687	1.2892809	57.01757458	79.71653124	0.084240658	-99.99
2020-03-19	-0.959114329	1.243431139	55.00029407	80.98448916	0.080961157	-99.99
2020-03-20	-0.829737504	1.147121941	50.64166635	77.8572308	0.074534857	1.1
2020-03-21	-0.664886816	1.092681954	48.19885088	74.96519377	0.070911685	-99.99
2020-03-22	-0.326966186	1.109999826	48.97383651	72.30422854	0.072033887	-99.99
2020-03-23	-0.122663034	1.135427387	50.10108383	69.14811511	0.073681596	-99.99
2020-03-24	-0.271747486	1.168044867	51.53995379	65.95797541	0.075795207	1
2020-03-25	-0.263448791	1.252248305	55.25251224	62.97551443	0.081251593	-99.99
2020-03-26	-0.253656428	1.294857287	57.12437624	59.67439683	0.084012653	-99.99
2020-03-27	-0.250279117	1.406435726	62.24091896	56.54081023	0.091545776	-99.99
2020-03-28	-0.326835761	1.489598619	66.0914204	51.83607149	0.097194958	1
2020-03-29	-0.529162955	1.620446553	71.8608128	50.41049941	0.105673902	-99.99
2020-03-30	-0.805478123	1.751059368	77.61749183	50.80012607	0.114137617	-99.99
2020-03-31	-1.022931186	1.862062389	82.43313681	50.90873174	0.121224727	-99.99
2020-04-01	-1.428517183	1.940724442	85.89331567	52.01631889	0.126322025	0.1
2020-04-02	-1.554754853	1.958184004	86.66838211	50.73009478	0.1274534	-99.99
2020-04-03	-1.585222535	1.969932829	87.36298684	52.8604964	0.128486528	-99.99
2020-04-04	-1.675416066	1.936898534	85.91077659	52.30512471	0.126345901	-99.99
2020-04-05	-1.797538077	1.888413512	83.77632379	52.61147705	0.123204075	0.1
2020-04-06	-1.867115855	1.803446952	79.96725456	52.90170045	0.117593881	-99.99
2020-04-07	-1.715986697	1.738938243	76.94525441	53.38310498	0.113153492	-99.99
2020-04-08	-1.537939791	1.598253152	70.74737389	50.937343	0.104037093	-99.99
2020-04-09	-1.363957875	1.484003015	65.71197207	50.70047358	0.09663368	0.3
2020-04-10	-1.03943716	1.440127372	63.77955325	50.82772879	0.093790544	-99.99
2020-04-11	-0.711171438	1.348557161	59.74652024	51.7529294	0.088134144	-99.99
2020-04-12	-0.621815207	1.271629197	56.34836511	52.27304838	0.083149211	-99.99
2020-04-13	-0.114287927	1.161620251	51.51583315	48.59653856	0.076029667	0.7
2020-04-14	0.2597475	1.128063109	50.05336286	47.13508623	0.073855168	1
2020-04-15	0.470576619	1.121663953	49.89414526	46.16291019	0.07360554	-99.99
2020-04-16	0.455054682	1.09233029	48.47671623	43.06945364	0.071506234	-99.99
2020-04-17	0.432677868	1.084024738	48.26842952	39.76009054	0.071170862	-99.99
2020-04-18	0.570308262	1.140228245	50.80241798	37.75013132	0.075526112	0.8
2020-04-19	0.414337617	1.221252392	54.50598295	36.12216342	0.081314059	-99.99
2020-04-20	0.112392402	1.197730181	53.48401871	33.52256454	0.079789819	-99.99
2020-04-21	-0.117799171	1.232579809	55.02503943	30.94755595	0.081770724	-99.99
2020-04-22	-0.22981019	1.310723169	58.48112115	30.35150633	0.08683442	0.3
2020-04-23	-0.75309607	1.396371899	62.06402766	32.62170908	0.092103618	-99.99
2020-04-24	-0.841708353	1.417868577	63.00410241	32.28509141	0.093496611	-99.99
2020-04-25	-0.59614169	1.478304195	65.7642244	31.89711267	0.098000024	-99.99
2020-04-26	-0.214136092	1.577867426	70.15760783	33.9693761	0.104451723	1.4
2020-04-27	-0.219173397	1.614614509	71.63082903	35.52954933	0.106630101	-99.99
2020-04-28	-0.485897114	1.650454338	73.15538726	38.81637757	0.108239261	-99.99
2020-04-29	-0.368549132	1.689284738	74.73586669	40.2384849	0.110217883	-99.99
2020-04-30	-0.19434093	1.71352271	75.79301688	41.79633362	0.111788495	1.7
2020-05-01	0.053393014	1.720044587	76.07955413	41.80422511	0.112211104	-99.99
2020-05-02	0.020862233	1.714097694	75.82189829	40.93180944	0.11182574	-99.99
2020-05-03	0.202057687	1.677000485	74.19522533	38.59213664	0.109421844	-99.99
2020-05-04	0.06153092	1.655059694	73.4898105	38.05255828	0.108382627	1.7
2020-05-05	-0.34466377	1.564652514	69.30412065	35.20411608	0.101772023	-99.99
2020-05-06	-0.739862939	1.47979691	65.56572327	32.55420849	0.096273383	-99.99
2020-05-07	-0.805887776	1.466546718	64.98281163	31.28340927	0.095414772	-99.99
2020-05-08	-0.860975128	1.469991185	65.29521213	30.2763612	0.095888085	1.5
2020-05-09	-0.934043475	1.476214203	65.55814904	29.63941371	0.096291344	-99.99
2020-05-10	-1.029223284	1.476073252	65.56015999	30.04238581	0.096282207	-99.99
2020-05-11	-1.182414249	1.491017598	66.22355653	29.44818354	0.097250615	-99.99
2020-05-12	-1.146628087	1.505503142	66.85945794	30.01793554	0.098189277	1.3
2020-05-13	-1.274339072	1.550870601	68.85978799	32.00837576	0.101129086	-99.99
2020-05-14	-1.405457789	1.613374908	71.34459291	34.08385237	0.104796811	-99.99
2020-05-15	-1.299485638	1.631462623	72.13458808	36.14581372	0.105968889	-99.99
2020-05-16	-1.237459997	1.634694903	72.27604469	37.38634018	0.106178342	0.8
2020-05-17	-1.346782799	1.646767168	72.8120284	38.77155581	0.106960624	-99.99
2020-05-18	-1.263965983	1.590349276	70.17737859	37.62381271	0.103054635	-99.99
2020-05-19	-1.234724526	1.509226574	66.62481705	36.65708648	0.097797881	-99.99
2020-05-20	-1.323983972	1.520459333	67.11386759	37.60266557	0.098525775	1.3
2020-05-21	-1.42957075	1.502621657	66.32134663	39.25670607	0.097369899	-99.99
2020-05-22	-1.4293989	1.479073452	65.27002182	39.95254252	0.095843976	-99.99
2020-05-23	-1.339700802	1.433617321	63.25548483	39.6039838	0.09289842	-99.99
2020-05-24	-1.32105542	1.394506019	61.53692012	40.46759113	0.090364006	0.3
2020-05-25	-1.458522194	1.424586766	62.8587877	43.20548756	0.092313242	-99.99
2020-05-26	-1.495293363	1.444242194	63.71855297	45.86344014	0.093586904	-99.99
2020-05-27	-1.344875734	1.403152092	61.90193958	46.49885779	0.090924266	-99.99
2020-05-28	-1.301121042	1.409032332	62.15034803	49.76960625	0.091305301	0.3
2020-05-29	-1.32016049	1.387334621	61.19143662	50.92995375	0.090149796	-99.99
2020-05-30	-1.339272396	1.342242764	59.20228438	52.00225865	0.08722784	-99.99
2020-05-31	-1.353008719	1.293873935	57.0720294	52.28948429	0.084093532	-99.99
2020-06-01	-1.504060692	1.264911426	55.79717729	53.78723892	0.082216759	0.3
2020-06-02	-1.514528863	1.224635633	54.02541575	54.34226678	0.079606884	-99.99
2020-06-03	-1.269622936	1.112069057	49.06852956	50.64298229	0.072312572	-99.99
2020-06-04	-1.155613447	1.035565874	45.70044088	46.82423382	0.067580878	-99.99
2020-06-05	-0.737569294	0.973710399	42.98831368	41.96116086	0.063817901	0.7
2020-06-06	-0.623568952	0.986047909	43.61488867	42.49996884	0.06473407	-99.99
2020-06-07	-0.581643812	0.976729946	43.2083404	41.30679149	0.064130271	-99.99
2020-06-08	-0.35319291	0.986301522	43.63722445	40.22921035	0.064499998	-99.99
2020-06-09	-0.101886333	0.973732301	43.10330015	36.29758421	0.063685512	0.9
2020-06-10	0.111783521	0.94175375	41.70654901	33.9883742	0.061613302	-99.99
2020-06-11	0.3510837	0.904598124	40.08678888	31.2352128	0.059205623	-99.99
2020-06-12	0.369043648	0.913129242	40.47455573	30.40741859	0.059758439	-99.99
2020-06-13	0.26136961	0.952463689	42.21476555	31.49144567	0.062307312	0.8
2020-06-14	0.191022522	0.952772451	42.31230742	32.48460617	0.062465714	-99.99
2020-06-15	-0.128173359	0.963898428	42.83570144	35.19221638	0.063012297	-99.99
2020-06-16	-0.266953967	0.970068538	43.15379936	34.69851337	0.063478918	-99.99
2020-06-17	-0.332459801	0.958176389	42.62875042	34.66752599	0.0627083	0.7
2020-06-18	-0.44605193	0.938175202	41.73914859	34.5574402	0.06141223	-99.99
2020-06-19	-0.603471587	0.915961217	40.74292991	37.27403071	0.059972761	-99.99
2020-06-20	-0.737492553	0.917483238	40.80004764	39.01432956	0.060071385	-99.99
2020-06-21	-0.827717793	0.914089596	40.63829798	41.9569059	0.059851478	0.1
2020-06-22	-0.819678287	0.885550849	39.36949952	43.58432092	0.058002174	-99.99
2020-06-23	-0.876165781	0.896221364	39.82786056	47.65178818	0.05869362	-99.99
2020-06-24	-0.775226779	0.891095051	39.51381381	49.88732557	0.057997329	-99.99
2020-06-25	-0.787629333	0.876521584	38.82012009	53.44426729	0.056982093	0.7
2020-06-26	-0.630960082	0.779394145	34.51226708	51.68618995	0.050656583	-99.99
2020-06-27	-0.614007577	0.743108492	32.914478	52.07559773	0.048305274	-99.99
2020-06-28	-0.656695993	0.735119472	32.57176724	54.65883175	0.047804455	-99.99
2020-06-29	-0.60870949	0.719242831	31.88635683	55.0867053	0.046796741	0.2
2020-06-30	-0.591152455	0.710778584	31.52924172	56.49773233	0.046275375	-99.99
2020-07-01	-0.54037951	0.704379082	31.26895462	56.73323633	0.045896836	-99.99
2020-07-02	-0.499252729	0.699964859	31.10894117	56.8907043	0.045661404	0.2