source	id	datetime	irri[mm]	prec[mm]	throughfall[mm]	evapot[mm]	potential_transpiration[mm]	transp[mm]	evacep[mm]	evasoil[mm]	evasurfacewater[mm]	runoff[mm]	percol[mm]	infiltration[mm]	groundwateraccess[mm]	groundwaterloss[mm]	capillaryrise[mm]	snow_height[mm]	snow[mmh2oeq]	surfacewater[mm]	soil_water[mm]	root_soil_water[mm]	leafwater[mm]	soilwater_floor[%]	soilwater_5cm[%]	soilwater_10cm[%]	soilwater_15cm[%]	soilwater_20cm[%]	soilwater_30cm[%]	soilwater_40cm[%]	soilwater_50cm[%]	soilwater_60cm[%]	soilwater_80cm[%]	soilwater_100cm[%]	soilwater_120cm[%]	capillary_pressure_5cm[hPa]	capillary_pressure_10cm[hPa]	capillary_pressure_15cm[hPa]	capillary_pressure_20cm[hPa]	capillary_pressure_30cm[hPa]	capillary_pressure_50cm[hPa]	capillary_pressure_100cm[hPa]	groundwaterdepth[m]	irrigationreservoir[m]	plant_waterdeficit[m]
setup	0	2008-01-01 23:00:00	0	0	0	0.282589	0	0	0	0.0336976	0	0	0	0	0	0	0	0	0	0	559.489	243.756	0	-99.99	46.4976	46.3446	46.3449	46.4051	46.2301	48.7783	48.754	44.8001	32.9396	32.9084	42.3	64495.7	2.69525	2.55683	2.15401	1.7567	0.684206	5.40025	99	0	0
setup	0	2008-01-02 23:00:00	0	1.2	1.2	0.263621	0	0	0	0.0127739	0.13	0	0	0	0	0	0	5.35	1.07	0	559.476	340.789	0	-99.99	46.4976	46.3382	46.338	46.3468	46.2374	48.8035	48.7694	44.7851	32.9439	32.9204	42.3	2.50418e+09	7.46934	2.5598	2.17512	1.75454	0.682074	5.38296	99	0	0
setup	0	2008-01-03 23:00:00	0	0.1	0.1	0.237632	0	0	0	0.00697019	0.13	0	0	0	0	0	0	5.2	1.04	0	559.469	438.914	0	-99.99	46.4976	46.3376	46.3352	46.3284	46.2305	48.8207	48.7882	44.7756	32.9463	32.9295	42.3	2.50418e+09	2.50418e+09	196.664	4.0146	1.75657	0.679478	5.3699	99	0	0
setup	0	2008-01-04 23:00:00	0	0	0	0.121282	0	0	0	0	0.121282	0	0	0	0	0	0	4.59359	0.918718	0	559.469	438.914	0	-99.99	46.4976	46.3376	46.3352	46.3284	46.2042	48.8303	48.8052	44.769	32.9479	32.936	42.3	2.50418e+09	2.50418e+09	2.50418e+09	548.295	1.76441	0.677139	5.36059	99	0	0
setup	0	2008-01-05 23:00:00	0	0	0	0.155345	0	0	0	0.000541871	0.13	0	0	0	0	0	0	3.94359	0.788718	0	559.469	438.914	0	-99.99	46.4976	46.3376	46.3352	46.3284	46.2026	48.8303	48.8172	44.7643	32.9491	32.9407	42.3	2.50418e+09	2.50418e+09	2.50418e+09	2.50418e+09	4.27578	0.675482	5.35398	99	0	0
setup	0	2008-01-06 23:00:00	0	0.1	0.1	0.396045	0	0	0	0.0243366	0.12035	0	0	0.768368	0	0	0	0	0	0	560.213	439.658	0	-99.99	46.1734	46.5551	47.685	46.3655	46.5542	48.8361	48.8229	44.761	32.9499	32.9439	42.3	6.22935	2.46825	2.04672	2.16832	1.66315	0.674705	5.34931	99	0	0
setup	0	2008-01-07 23:00:00	0	0	0	0.118341	0.00310893	0	0	0.0171007	0	0	0	0	0	0	0	0	0	0	560.196	439.641	0	-99.99	46.1391	46.5565	47.2439	47.2201	46.7864	48.9701	48.8488	44.7586	32.9505	32.9463	42.3	4.38654	2.46766	2.20107	1.88127	1.59929	0.671149	5.346	99	0	0
setup	0	2008-01-08 23:00:00	0	0	0	0.136061	0.00726278	0.00310893	0	0.0190132	0	0	0	0	0	0	0	0	0	0	560.174	439.619	0	-99.99	46.128	46.5473	47.1814	47.1196	46.7627	49.0717	48.9226	44.7569	32.9509	32.9479	42.3	4.39585	2.47147	2.22394	1.91282	1.60567	0.661101	5.34365	99	0	0
setup	0	2008-01-09 23:00:00	0	0	0	0.088189	0.0126312	0.00726278	0	0.0115203	0	0	0	0	0	0	0	0	0	0	560.155	439.6	0	-99.99	46.1176	46.5393	47.0973	47.0386	46.7484	49.1349	49.0031	44.7557	32.9512	32.9491	42.3	4.40461	2.4748	2.25515	1.93864	1.60956	0.650248	5.34199	99	0	0
setup	0	2008-01-10 23:00:00	0	3.6	3.5445	0.214519	0.0112871	0.00947338	0.0555046	0.0235151	0	0	0	3.5445	0	0	0	0	0	0	563.666	443.111	0	-99.99	48.6	47.8369	47.4063	47.1136	46.7435	49.1822	49.073	44.7549	32.9514	32.9499	42.3	2.79506	1.99633	2.14282	1.9147	1.61088	0.640916	5.34082	99	0	0
setup	0	2008-01-11 23:00:00	0	0.1	0.0443531	0.157048	0.0133024	0.00752472	0.0556469	0.0146835	0	0	5.68286e-10	0.0443531	0	0	0	0	0	0	563.689	443.134	0	-99.99	48.2629	47.8332	47.5278	47.2519	46.7877	49.2262	49.1314	44.7543	32.9515	32.9505	42.3	2.9669	1.99755	2.10035	1.87141	1.59892	0.633185	5.33999	99	0	0
setup	0	2008-01-12 23:00:00	0	5.2	5.13489	0.223182	0.01763	0.00942255	0.0651096	0.0255406	0	0	3.74238e-06	5.13489	0	0	0	0	0	0	568.788	448.233	0	-99.99	50.7379	50.2415	49.6002	48.7615	47.105	49.2929	49.1847	44.7538	32.9516	32.9507	42.3	1.93363	1.34891	1.49755	1.45921	1.51561	0.626175	5.3396	99	0	0
setup	0	2008-01-13 23:00:00	0	39.5	39.3579	0.295426	0.0258862	0.00954956	0.14214	0.0269915	0	0	0.00726989	39.3579	0	0	0	0	0	0	608.103	487.278	0	-99.99	51.7996	51.6387	51.4391	51.8196	51.9306	54.9767	54.6479	48.7222	39.3676	36.1709	42.5416	1.61639	1.07123	1.10749	0.870881	0.642081	0.0562878	2.42204	99	0	0
setup	0	2008-01-14 23:00:00	0	3	2.94362	0.212505	0.0390653	0.0194146	0.0563791	0.0257745	0	0	0.469101	2.94362	0	0	0	0	0	0	610.532	485.862	0	-99.99	51.3394	51.6539	51.6403	51.7086	51.7983	54.8866	54.6509	48.8926	36.1392	36.2306	45.4283	1.74673	1.0685	1.07095	0.888041	0.6591	0.0559651	2.389	99	0	0
setup	0	2008-01-15 23:00:00	0	0.9	0.843121	0.367127	0.047903	0.0341822	0.0568791	0.0517247	0	0	1.55809	0.843121	0	0	0	0	0	0	609.731	484.677	0	-99.99	51.3176	51.6138	51.6196	51.7028	51.7414	54.7646	54.4588	48.9022	36.0501	36.0705	45.1661	1.75316	1.0757	1.07466	0.888951	0.66651	0.0760052	2.47872	99	0	0
setup	0	2008-01-16 23:00:00	0	0	0	0.14938	0.0437529	0.047903	0	0.0187318	0	0	1.32945	0	0	0	0	0	0	0	608.335	483.715	0	-99.99	51.2758	51.5864	51.5999	51.6902	51.7374	54.6766	54.5542	48.9021	36.0467	35.7881	44.7211	1.76558	1.08064	1.0782	0.890916	0.667027	0.0662134	2.64642	99	0	0
setup	0	2008-01-17 23:00:00	0	0	0	0.174114	0.039191	0.0437529	0	0.0238059	0	0	1.03413	0	0	0	0	0	0	0	607.233	482.842	0	-99.99	51.2356	51.5579	51.5791	51.6766	51.7175	54.6529	54.5857	48.9095	35.9615	35.5469	44.4566	1.77759	1.08578	1.08194	0.893031	0.669632	0.0629113	2.79985	99	0	0
setup	0	2008-01-18 23:00:00	0	0	0	0.324902	0.0513502	0.039191	0	0.0528032	0	0	0.837144	0	0	0	0	0	0	0	606.304	482.032	0	-99.99	51.1832	51.5206	51.5504	51.6567	51.6952	54.6434	54.5929	48.8851	35.8524	35.3602	44.2849	1.79337	1.09257	1.08714	0.896152	0.672553	0.0621499	2.92569	99	0	0
setup	0	2008-01-19 23:00:00	0	4.4	4.34071	0.384432	0.0404561	0.0449314	0.059285	0.0526855	0	0	0.845003	4.34071	0	0	0	0	0	0	609.702	484.483	0	-99.99	51.5548	51.6262	51.6149	51.6867	51.5178	54.6294	54.6216	48.9685	36.0838	35.9497	44.8992	1.68443	1.07347	1.0755	0.891451	0.696111	0.0591063	2.54894	99	0	0
setup	0	2008-01-20 23:00:00	0	1.1	1.1	0.347556	0.0202721	0.0404561	0	0.026263	0.13	0	0.93748	0	0	0	0	4.85	0.97	0	608.698	483.556	0	-99.99	51.5395	51.5859	51.5886	51.6137	51.5541	54.6246	54.6241	48.9586	36.0114	35.6859	44.6855	365.441	2.12857	1.09005	0.90292	0.691249	0.0588409	2.71022	99	0	0
setup	0	2008-01-21 23:00:00	0	2.6	2.6	0.398123	0	0.0202721	0	0.0298993	0.13	0	0.798167	0	0	0	0	17.2	3.44	0	607.85	482.813	0	-99.99	51.5391	51.5634	51.5604	51.5719	51.559	54.6227	54.6201	48.9327	35.9189	35.4896	44.5205	42559.4	6.86124	1.87375	0.90952	0.690595	0.0592628	2.83783	99	0	0
setup	0	2008-01-22 23:00:00	0	0	0	0.598717	0	0	0	0.0452007	0.13	0	0.668943	0	0	0	0	16.55	3.31	0	607.135	482.157	0	-99.99	51.5391	51.5524	51.5389	51.5472	51.5478	54.6201	54.6022	48.88	35.8218	35.3431	44.4059	2.50418e+09	60.7047	6.71367	1.37343	0.692094	0.0611697	2.9375	99	0	0
setup	0	2008-01-23 23:00:00	0	0	0	0.304525	0	0	0	0.0114263	0.13	0	0.570869	0	0	0	0	15.9	3.18	0	606.553	481.597	0	-99.99	51.5391	51.5522	51.5368	51.5412	51.5427	54.6109	54.5702	48.8136	35.7297	35.2294	44.3266	2.50418e+09	2.50418e+09	986.693	8.50882	0.692773	0.0645451	3.01768	99	0	0
setup	0	2008-01-24 23:00:00	0	4.3	4.3	0.400355	0.00993178	0	0	0.0122092	0.13	0	0.496528	0	0	0	0	36.75	7.35	0	606.044	481.088	0	-99.99	51.5391	51.5522	51.5368	51.5375	51.5349	54.5928	54.5268	48.7412	35.6455	35.1392	44.2716	2.50418e+09	2.50418e+09	8439.84	23.1846	0.817497	0.0690512	3.08311	99	0	0
setup	0	2008-01-25 23:00:00	0	1.5	1.5	0.336593	0.0194546	0.00993178	0	0.00569302	0.19368	0	0.438938	0.267797	0	0	0	41.9426	8.38852	0	605.858	480.883	0	-99.99	51.8292	51.3998	51.3758	51.3389	51.3589	54.5641	54.5284	48.713	35.8542	35.096	44.234	2.50418e+09	2.50418e+09	11413.9	24.5892	0.71766	0.0688933	3.11504	99	0	0
setup	0	2008-01-26 23:00:00	0	3.6	3.53952	0.268176	0.0330899	0.0154015	0.0604795	0.0023427	0.168328	0.00135178	0.46233	4.67321	0	0	0	35.4258	7.08516	0	610.051	482.978	0	-99.99	50.5796	49.9175	51.7493	51.2242	50.8226	54.4932	54.4426	48.8434	36.6446	36.0695	46.0241	1.98625	1.42213	1.05157	0.966012	0.793717	0.07764	2.47933	99	0	0
setup	0	2008-01-27 23:00:00	0	0	0	0.320847	0.0390838	0.0330899	0	0.0165937	0.195822	0	1.05563	0.533203	0	0	0	31.7807	6.35613	0	609.479	482.565	0	-99.99	50.951	50.5392	51.3489	51.2289	50.9431	54.4887	54.4837	48.8511	36.215	36.0281	45.3861	1.86512	1.28478	1.12422	0.965232	0.776162	0.0734807	2.50315	99	0	0
setup	0	2008-01-28 23:00:00	0	0	0	0.472685	0.0313304	0.0390838	0	0.0400511	0.206	0	0.891758	0.147221	0	0	0	30.0146	6.00291	0	608.655	481.994	0	-99.99	50.8638	50.917	51.2137	51.1638	51.0167	54.4852	54.4851	48.8524	36.1242	35.8497	45.1139	2.34212	1.20747	1.14972	0.976106	0.765574	0.0733306	2.60875	99	0	0
setup	0	2008-01-29 23:00:00	0	0	0	0.370646	0	0.0313304	0	0.0279131	0.13	0	0.704932	0	0	0	0	29.3646	5.87291	0	607.891	481.357	0	-99.99	50.8543	50.888	51.177	51.0877	51.0436	54.4831	54.4845	48.8526	36.0019	35.6867	44.9521	131422	5.53048	2.05368	1.01495	0.761736	0.0733892	2.70971	99	0	0
setup	0	2008-01-30 23:00:00	0	0	0	0.435672	0	0	0	0.0280073	0.13	0	0.578881	0	0	0	0	28.7146	5.74291	0	607.284	480.814	0	-99.99	50.8543	50.8813	51.1639	51.0735	51.0399	54.4823	54.4845	48.8445	35.8932	35.549	44.8444	2.50418e+09	126.024	9.6346	2.02314	0.762261	0.0733892	2.79847	99	0	0
setup	0	2008-01-31 23:00:00	0	0	0	0.415088	0	0	0	0.0184109	0.13	0	0.48834	0	0	0	0	28.0646	5.61291	0	606.777	480.338	0	-99.99	50.8543	50.8811	51.1592	51.0642	51.0318	54.4815	54.4837	48.8043	35.8114	35.441	44.7687	2.50418e+09	68558.5	94.045	6.56345	0.770711	0.073474	2.87045	99	0	0
setup	0	2008-02-01 23:00:00	0	0	0	0.424901	0	0	0	0.013292	0.13	0	0.420076	0	0	0	0	27.4146	5.48291	0	606.344	479.914	0	-99.99	50.8543	50.8811	51.1589	51.0597	51.0237	54.4807	54.4621	48.7507	35.7381	35.3569	44.7151	2.50418e+09	2.50418e+09	3910.54	32.4958	1.19722	0.0756768	2.92798	99	0	0
setup	0	2008-02-02 23:00:00	0	0	0	0.41185	0	0	0	0.00868673	0.13	0	0.367321	0	0	0	0	26.7646	5.35291	0	605.968	479.533	0	-99.99	50.8543	50.8811	51.1589	51.0592	51.0173	54.4696	54.4299	48.6938	35.6726	35.2901	44.6772	2.50418e+09	2.50418e+09	2.50418e+09	229.263	2.44828	0.0789203	2.97462	99	0	0
setup	0	2008-02-03 23:00:00	0	0	0	0.61381	0.0186482	0	0	0.0146851	0.271247	0	0.32579	0.906126	0	0	0	20.8777	4.17554	0	606.534	480.079	0	-99.99	47.4119	63.6968	52.2113	51.4476	50.3705	54.1605	54.4192	48.6915	36.6978	35.9234	44.6546	8.59387	185.966	2.50418e+09	996.286	4.47251	0.0799988	2.56452	99	0	0
setup	0	2008-02-04 23:00:00	0	0	0	0.612596	0.0420184	0.0186482	0	0.0190043	0.327174	0	0.997623	2.36782	0	0	0	7.40271	1.48054	0	607.866	478.017	0	-99.99	46.5443	49.9933	51.5881	51.6729	50.5797	53.822	54.0673	48.7324	36.1098	36.1827	46.2886	5.96625	1.40468	1.08031	0.893618	0.829959	0.114239	2.41549	99	0	0
setup	0	2008-02-05 23:00:00	0	0	0	0.595891	0.060663	0.0420184	0	0.0650452	0.141346	0	1.40355	1.3392	0	0	0	0	0	0	607.695	478.988	0	-99.99	47.9126	49.9448	51.4213	51.3169	50.8009	53.8195	54.114	48.7149	36.1098	36.141	45.8733	3.15858	1.41583	1.11078	0.950678	0.796898	0.109796	2.43879	99	0	0
setup	0	2008-02-06 23:00:00	0	0	0	0.580607	0.0764611	0.060663	0	0.0871343	0	0	0.799239	0	0	0	0	0	0	0	606.748	478.391	0	-99.99	47.8395	49.8804	51.202	51.1471	50.8873	53.8165	54.1182	48.7128	36.1096	36.0061	45.5877	3.20036	1.43077	1.15195	0.978913	0.784255	0.109386	2.51592	99	0	0
setup	0	2008-02-07 23:00:00	0	0	0	0.68434	0.0719341	0.0764611	0	0.100195	0	0	0.588174	0	0	0	0	0	0	0	605.983	477.778	0	-99.99	47.7544	49.8016	51.0693	51.039	50.9078	53.8127	54.1177	48.7123	36.0609	35.8703	45.4257	3.24987	1.44924	1.1775	0.997214	0.781274	0.109443	2.59632	99	0	0
setup	0	2008-02-08 23:00:00	0	0	0	0.747601	0.0738588	0.0719341	0	0.111877	0	0	0.467086	0	0	0	0	0	0	0	605.332	477.203	0	-99.99	47.67	49.7207	50.9748	50.963	50.9049	53.8156	54.1168	48.7122	35.9765	35.7591	45.3234	3.29982	1.46847	1.19601	1.01027	0.7817	0.10952	2.66436	99	0	0
setup	0	2008-02-09 23:00:00	0	0	0	0.720876	0.0613308	0.0738588	0	0.106016	0	0	0.385458	0	0	0	0	0	0	0	604.767	476.677	0	-99.99	48.3477	49.6402	50.9028	50.9029	50.8895	53.8196	54.116	48.712	35.8831	35.6654	45.2541	3.10114	1.48783	1.2103	1.02068	0.783935	0.109603	2.72327	99	0	0
setup	0	2008-02-10 23:00:00	0	0	0	0.770817	0.0793709	0.0613308	0	0.115586	0	0	0.325931	0	0	0	0	0	0	0	604.264	476.193	0	-99.99	48.2448	49.562	50.8373	50.8553	50.8676	53.8161	54.1153	48.7048	35.8114	35.5864	45.2041	2.97646	1.5069	1.22342	1.02899	0.787123	0.109672	2.77405	99	0	0
setup	0	2008-02-11 23:00:00	0	0	0	0.937293	0.118409	0.0793709	0	0.145673	0	0	0.280091	0	0	0	0	0	0	0	603.759	475.695	0	-99.99	48.1248	49.4692	50.7603	50.8013	50.8407	53.8119	54.1144	48.6737	35.7593	35.525	45.167	3.04081	1.52982	1.23901	1.0385	0.791058	0.10975	2.81433	99	0	0
setup	0	2008-02-12 23:00:00	0	0	0	0.982474	0.140264	0.118409	0	0.146438	0	0	0.24386	0	0	0	0	0	0	0	603.25	475.186	0	-99.99	47.9782	49.3598	50.6713	50.7402	50.811	53.8066	54.1132	48.6296	35.7128	35.477	45.1399	3.12159	1.55728	1.25725	1.04933	0.795421	0.109868	2.84623	99	0	0
setup	0	2008-02-13 23:00:00	0	0	0	0.731118	0.124852	0.140264	0	0.0994838	0	0	0.214998	0	0	0	0	0	0	0	602.795	474.724	0	-99.99	47.8382	49.2592	50.592	50.6877	50.7864	53.8012	54.1117	48.5795	35.6701	35.4384	45.1203	3.20114	1.58297	1.27372	1.05872	0.799039	0.110009	2.87224	99	0	0
setup	0	2008-02-14 23:00:00	0	0	0	0.90689	0.137029	0.124852	0	0.130287	0	0	0.191754	0	0	0	0	0	0	0	602.348	474.265	0	-99.99	47.698	49.1512	50.5049	50.6285	50.7579	53.7958	54.1104	48.5272	35.6304	35.4063	45.1061	3.28315	1.61103	1.29204	1.06939	0.803255	0.110139	2.89401	99	0	0
setup	0	2008-02-15 23:00:00	0	0	0	0.782479	0.1015	0.137029	0	0.106726	0	0	0.172713	0	0	0	0	0	0	0	601.932	473.835	0	-99.99	47.5618	49.0463	50.4216	50.573	50.7317	53.7902	54.1088	48.4754	35.5934	35.3791	45.0958	3.36521	1.63874	1.30976	1.07947	0.807137	0.110284	2.91266	99	0	0
setup	0	2008-02-16 23:00:00	0	0	0	0.571297	0.110787	0.1015	0	0.0780432	0	0	0.156803	0	0	0	0	0	0	0	601.595	473.484	0	-99.99	47.4598	48.9704	50.3613	50.5327	50.7127	53.7861	54.0896	48.4352	35.5599	35.3556	45.0882	3.42823	1.65911	1.32276	1.08684	0.809967	0.11212	2.92889	99	0	0
setup	0	2008-02-17 23:00:00	0	0	0	0.548597	0.112853	0.110787	0	0.0727634	0	0	0.14325	0	0	0	0	0	0	0	601.269	473.141	0	-99.99	47.3547	48.8931	50.3003	50.4924	50.6939	53.7819	54.0642	48.4006	35.5308	35.3353	45.0826	3.49469	1.68011	1.33601	1.09426	0.812776	0.114534	2.94295	99	0	0
setup	0	2008-02-18 23:00:00	0	0	0	0.570674	0.120299	0.112853	0	0.0758631	0	0	0.131536	0	0	0	0	0	0	0	600.948	472.805	0	-99.99	47.2473	48.8136	50.2375	50.4507	50.6743	53.7775	54.0357	48.3685	35.5056	35.318	45.0784	3.56408	1.702	1.3498	1.10197	0.815695	0.117243	2.95502	99	0	0
setup	0	2008-02-19 23:00:00	0	0	0	0.675357	0.144437	0.120299	0	0.0916547	0	0	0.12133	0	0	0	0	0	0	0	600.615	472.455	0	-99.99	47.1288	48.7243	50.1664	50.4032	50.6518	53.7727	54.0052	48.338	35.4832	35.3032	45.0755	3.64268	1.72692	1.36557	1.11084	0.819073	0.120126	2.96537	99	0	0
setup	0	2008-02-20 23:00:00	0	3.8	3.8	0.569246	0.1072	0.144437	0	0.0307775	0.235699	0	0.112396	0.201446	0	0	0	16.8143	3.36286	0	600.529	472.353	0	-99.99	47.0233	48.6473	50.1085	50.3673	50.6364	53.7679	53.9737	48.3087	35.463	35.2905	45.0737	3.85372	1.74872	1.37853	1.11757	0.821396	0.123104	2.97431	99	0	0
setup	0	2008-02-21 23:00:00	0	7.7	7.7	0.549475	0.0328684	0.1072	0	0.0489832	0.13	0	0.104536	0	0	0	0	54.6643	10.9329	0	600.268	472.077	0	-99.99	46.9476	48.5727	50.0508	50.3301	50.6195	53.7634	53.9434	48.2807	35.4447	35.2795	45.0726	7.47486	1.77011	1.39157	1.12458	0.823933	0.125956	2.98209	99	0	0
setup	0	2008-02-22 23:00:00	0	2.3	2.3	0.549434	0	0.0328684	0	0.0575595	0.13	0	0.0975769	0	0	0	0	65.5143	13.1029	0	600.08	471.873	0	-99.99	46.9159	48.5283	50.0138	50.3042	50.6066	53.7612	53.9157	48.2548	35.4279	35.2698	45.0722	17.1358	1.87322	1.39999	1.12949	0.825885	0.128555	2.98894	99	0	0
setup	0	2008-02-23 23:00:00	0	0	0	0.67841	0.00168997	0	0	0.0746918	0.13	0	0.0913712	0	0	0	0	64.8643	12.9729	0	599.914	471.691	0	-99.99	46.898	48.4945	49.9801	50.2783	50.5925	53.7599	53.8889	48.2306	35.4126	35.2612	45.0723	47.4267	2.76071	1.4077	1.13441	0.828016	0.131073	2.995	99	0	0
setup	0	2008-02-24 23:00:00	0	0	0	1.08474	0.0956821	0.00168997	0	0.0837368	0.487844	0	0.0857975	1.1135	0	0	0	56.8576	11.3715	0	600.856	472.619	0	-99.99	48.2393	48.4588	49.9433	50.2499	50.5771	53.7584	53.8624	48.2077	35.3985	35.2537	45.0727	3.00247	1.80329	1.41618	1.13982	0.830348	0.133553	3.00038	99	0	0
setup	0	2008-02-25 23:00:00	0	1.3	1.21592	0.586728	0.110193	0.0837218	0.0840818	0.0187805	0.309526	0	0.0807595	1.87378	0	0	0	52.0206	10.4041	0	602.547	474.295	0	-99.99	49.816	49.1106	49.9143	50.2318	50.5692	53.756	53.8358	48.1857	35.3855	35.2469	45.0734	2.26266	1.62169	1.42288	1.1433	0.83155	0.136045	3.0052	99	0	0
setup	0	2008-02-26 23:00:00	0	0.2	0.114681	1.16897	0.14261	0.105601	0.0853195	0.0673679	0.589637	0	0.0762003	2.71372	0	0	0	36.0773	7.21545	0	605.011	476.743	0	-99.99	50.5266	50.4645	50.3364	50.2392	50.4044	53.7325	53.8346	48.261	36.0322	35.3344	45.0762	2.00421	1.30061	1.32816	1.14188	0.856845	0.136151	2.94355	99	0	0
setup	0	2008-02-27 23:00:00	0	9.5	9.38232	0.738817	0.166927	0.124083	0.117679	0.0141691	0.421208	0	1.32144	11.956	0	0	0	21.103	4.2206	0	615.508	484.843	0	-99.99	51.2739	51.3976	51.2723	51.5306	51.7099	54.984	54.7468	48.6651	35.9954	36.0677	46.3161	1.76614	1.11517	1.1386	0.916098	0.670623	0.045349	2.48033	99	0	0
setup	0	2008-02-28 23:00:00	0	1.3	1.21111	0.591198	0.143199	0.146062	0.088889	0.00149506	0.34825	0	2.1365	2.53307	0	0	0	12.752	2.55039	0	615.757	484.977	0	-99.99	51.3939	51.3098	51.314	51.4598	51.6336	54.8633	54.6581	48.7665	36.1315	36.1041	46.3076	1.73073	1.13154	1.13076	0.927448	0.680676	0.0551786	2.45961	99	0	0
setup	0	2008-02-29 23:00:00	0	0	0	0.838908	0.124438	0.143199	0	0.0652784	0.330303	0	0.688556	0.33788	0	0	0	9.41106	1.88221	0	615.198	484.553	0	-99.99	51.2524	51.2484	51.2501	51.4178	51.5988	54.7766	54.6799	48.8528	36.2348	36.0931	46.155	2.22456	1.14312	1.1428	0.934227	0.6853	0.0528066	2.46587	99	0	0
setup	0	2008-03-01 23:00:00	0	0	0	1.08644	0.145141	0.124438	0	0.0776115	0.496971	0	0.601629	1.15196	0	0	0	1.16639	0.233277	0	615.546	484.572	0	-99.99	51.1903	51.1279	51.1573	51.3951	51.5059	54.7368	54.7067	48.9555	36.1816	36.1013	46.308	2.53746	1.16616	1.16051	0.937904	0.697717	0.0498455	2.46121	99	0	0
setup	0	2008-03-02 23:00:00	0	0	0	1.12031	0.121529	0.145141	0	0.136816	0.135582	0	1.31902	0.0976958	0	0	0	0	0	0	614.043	482.952	0	-99.99	49.6304	50.8287	50.9357	51.3161	51.4109	54.704	54.3911	48.9628	35.9941	36.1253	46.2761	3.9681	1.24575	1.20376	0.950818	0.710566	0.0828126	2.4476	99	0	0
setup	0	2008-03-03 23:00:00	0	0	0	0.999455	0.120417	0.121529	0	0.146402	0	0	0.360078	0	0	0	0	0	0	0	613.415	482.518	0	-99.99	50.4068	50.951	50.9261	51.2494	51.3846	54.6012	54.4912	48.9391	36.0161	36.1104	46.1533	3.11283	1.21728	1.20566	0.961822	0.714155	0.0727148	2.45604	99	0	0
setup	0	2008-03-04 23:00:00	0	0	0	1.28623	0.164961	0.120417	0	0.193465	0	0	0.256531	0	0	0	0	0	0	0	612.844	481.922	0	-99.99	50.6794	50.6882	50.7216	51.1661	51.3033	54.5603	54.5371	48.9579	36.1614	36.1136	46.1582	2.37451	1.25377	1.2469	0.975707	0.725304	0.0679843	2.45422	99	0	0
setup	0	2008-03-05 23:00:00	0	0	0	1.21741	0.147906	0.164961	0	0.178116	0	0	0.226518	0	0	0	0	0	0	0	612.275	481.398	0	-99.99	50.4842	50.534	50.6042	51.0849	51.2643	54.5454	54.5442	48.9599	36.1375	36.0791	46.0928	2.34385	1.28588	1.27117	0.989411	0.730703	0.0672527	2.47383	99	0	0
setup	0	2008-03-06 23:00:00	0	0	0	1.29858	0.17337	0.147906	0	0.19328	0	0	0.182834	0	0	0	0	0	0	0	611.751	480.909	0	-99.99	49.1753	50.6664	50.63	51.0021	51.2238	54.5381	54.5427	48.9597	36.1105	36.0363	46.0485	2.8212	1.25826	1.26581	1.00354	0.736336	0.067407	2.49842	99	0	0
setup	0	2008-03-07 23:00:00	0	0	0	1.79733	0.252391	0.17337	0	0.272346	0	0	0.14892	0	0	0	0	0	0	0	611.156	480.332	0	-99.99	48.0718	50.6906	50.661	50.8925	51.1693	54.5288	54.5407	48.9592	36.078	36.0002	46.0194	3.06976	1.25328	1.25938	1.0225	0.743948	0.0676117	2.51934	99	0	0
setup	0	2008-03-08 23:00:00	0	0	0	1.7495	0.359302	0.252391	0	0.258316	0	0	0.124512	0	0	0	0	0	0	0	610.521	479.706	0	-99.99	47.7925	50.4721	50.508	50.7784	51.114	54.5181	54.5381	48.9587	36.0449	35.9695	45.9992	3.2276	1.29899	1.29137	1.04254	0.751742	0.0678865	2.53728	99	0	0
setup	0	2008-03-09 23:00:00	0	0	0	1.8319	0.41485	0.359302	0	0.252299	0	0	0.106115	0	0	0	0	0	0	0	609.803	478.993	0	-99.99	47.4495	50.2064	50.3112	50.6469	51.0517	54.5042	54.5343	48.9529	36.0234	35.9442	45.9842	3.43469	1.35668	1.33363	1.06606	0.760577	0.0682811	2.55218	99	0	0
setup	0	2008-03-10 23:00:00	0	0	0	1.72057	0.381246	0.41485	0	0.220914	0	0	0.0916556	0	0	0	0	0	0	0	609.076	478.266	0	-99.99	47.0905	49.9266	50.1064	50.5122	50.9892	54.4888	54.5298	48.941	36.0058	35.9248	45.973	3.66848	1.42004	1.37899	1.09062	0.76953	0.0687477	2.56372	99	0	0
setup	0	2008-03-11 23:00:00	0	0	0	2.38147	0.524728	0.381246	0	0.33467	0	0	0.0801281	0	0	0	0	0	0	0	608.28	477.469	0	-99.99	46.711	49.614	49.8704	50.3511	50.9111	54.4726	54.5255	48.9265	35.9903	35.9095	45.9649	3.93652	1.49419	1.43309	1.12061	0.780804	0.0691843	2.57282	99	0	0
setup	0	2008-03-12 23:00:00	0	0	0	1.93263	0.662455	0.524728	0	0.233154	0	0	0.0708948	0	0	0	0	0	0	0	607.451	476.637	0	-99.99	46.2969	49.279	49.6256	50.1908	50.8371	54.4532	54.5196	48.9104	35.9763	35.8972	45.9591	4.25639	1.57788	1.49138	1.15117	0.791592	0.0697934	2.58019	99	0	0
setup	0	2008-03-13 23:00:00	0	0.2	0.0730544	2.29541	0.719013	0.634853	0.126946	0.250736	0	0	0.0634202	0.0730544	0	0	0	0	0	0	606.575	475.756	0	-99.99	45.824	48.8865	49.3389	50.0038	50.7511	54.4298	54.5123	48.8935	35.9634	35.887	45.9549	4.66111	1.68191	1.56258	1.18776	0.804261	0.0705437	2.5863	99	0	0
setup	0	2008-03-14 23:00:00	0	0	0	2.49696	0.829586	0.719013	0	0.285851	0	0	0.0572713	0	0	0	0	0	0	0	605.513	474.689	0	-99.99	45.303	48.4386	49.0097	49.7879	50.6513	54.4024	54.5038	48.8763	35.9513	35.8783	45.9519	5.16284	1.80924	1.64854	1.23129	0.819151	0.071418	2.59149	99	0	0
setup	0	2008-03-15 23:00:00	0	0	0	1.68413	0.614406	0.829586	0	0.13494	0	0	0.0521173	0	0	0	0	0	0	0	604.496	473.667	0	-99.99	44.7967	47.997	48.6935	49.5887	50.5641	54.3728	54.4936	48.8591	35.9401	35.8708	45.9497	5.71582	1.94463	1.73561	1.27274	0.832327	0.0724617	2.596	99	0	0
setup	0	2008-03-16 23:00:00	0	24.3	23.9753	1.06904	0.497756	0.435204	0.324661	0.0578248	0	0	4.92625	23.9753	0	0	0	0	0	0	623.052	491.071	0	-99.99	51.4873	51.443	51.3308	51.7453	51.8989	54.9515	54.64	48.7522	38.9638	36.9577	46.3886	1.7037	1.10677	1.1276	0.882341	0.646125	0.0571392	2.02417	99	0	0
setup	0	2008-03-17 23:00:00	0	6.2	5.98751	1.47217	0.60789	0.435537	0.212495	0.154206	0	0	8.13849	5.98751	0	0	0	0	0	0	620.311	488.28	0	-99.99	51.5317	51.42	51.3325	51.7459	51.8379	54.946	54.5983	48.9412	35.9725	37.8941	46.3855	1.69101	1.11102	1.12729	0.882246	0.65397	0.0615876	1.63962	99	0	0
setup	0	2008-03-18 23:00:00	0	3.9	3.74326	1.14489	0.434286	0.531904	0.156741	0.0854698	0	0	6.87165	3.74326	0	0	0	0	0	0	616.566	484.511	0	-99.99	51.0333	51.3077	51.3173	51.5284	51.6314	54.8485	54.6796	48.9402	36.0493	35.9792	46.3777	1.83936	1.13194	1.13013	0.916448	0.680965	0.0528434	2.53163	99	0	0
setup	0	2008-03-19 23:00:00	0	0	0	1.62842	0.474266	0.434286	0	0.21966	0	0	0.0494182	0	0	0	0	0	0	0	615.862	483.857	0	-99.99	50.6316	51.0457	51.1263	51.4032	51.5781	54.7723	54.687	48.9609	36.0296	35.9976	46.342	1.96879	1.18211	1.16646	0.936594	0.688053	0.0520248	2.52084	99	0	0
setup	0	2008-03-20 23:00:00	0	0	0	2.03157	0.505101	0.474266	0	0.280684	0	0	0.0267602	0	0	0	0	0	0	0	615.08	483.102	0	-99.99	50.1872	50.7361	50.8982	51.2518	51.5078	54.7257	54.6792	48.9699	36.0281	36.0027	46.3217	2.1234	1.24394	1.21121	0.961425	0.697456	0.0528826	2.5179	99	0	0
setup	0	2008-03-21 23:00:00	0	0	0	2.35364	0.695651	0.505101	0	0.330912	0	0	0.0146867	0	0	0	0	0	0	0	614.23	482.266	0	-99.99	49.6971	50.398	50.6464	51.0829	51.4284	54.6926	54.6673	48.9699	36.0298	36.0076	46.3105	2.30938	1.31485	1.26241	0.989758	0.708189	0.0541858	2.51499	99	0	0
setup	0	2008-03-22 23:00:00	0	0	0	2.68509	0.91528	0.695651	0	0.353309	0	0	0.00806789	0	0	0	0	0	0	0	613.173	481.217	0	-99.99	49.0696	49.9802	50.3378	50.8783	51.3335	54.6649	54.6527	48.9663	36.0315	36.0123	46.3044	2.57429	1.40768	1.32784	1.02497	0.721145	0.0557625	2.5123	99	0	0
setup	0	2008-03-23 23:00:00	0	0	0	2.88336	1.08773	0.91528	0	0.343386	0	0	0.00443268	0	0	0	0	0	0	0	611.91	479.958	0	-99.99	48.3114	49.4791	49.971	50.6385	51.2243	54.6358	54.637	48.9606	36.0325	36.0163	46.301	2.94144	1.52735	1.40978	1.06758	0.736268	0.0574567	2.50998	99	0	0
setup	0	2008-03-24 23:00:00	0	0	0	3.05894	1.23148	1.08773	0	0.336261	0	0	0.00243559	0	0	0	0	0	0	0	610.483	478.534	0	-99.99	47.4639	48.9053	49.5518	50.3659	51.1011	54.6009	54.6215	48.9538	36.0325	36.0195	46.2992	3.42567	1.67677	1.50939	1.11782	0.753568	0.0591181	2.50809	99	0	0
setup	0	2008-03-25 23:00:00	0	0	0	2.76847	1.26438	1.23148	0	0.255497	0	0	0.00133832	0	0	0	0	0	0	0	608.995	477.047	0	-99.99	46.5967	48.2917	49.1066	50.0808	50.9749	54.561	54.6077	48.9466	36.0318	36.022	46.2981	4.02189	1.85316	1.62275	1.17259	0.771582	0.0605878	2.50665	99	0	0
setup	0	2008-03-26 23:00:00	0	4.4	4.18242	1.74544	0.967627	1.10634	0.217581	0.0747394	0	0	0.0007354	4.18242	0	0	0	0	0	0	611.996	480.049	0	-99.99	49.9298	49.7887	49.6985	49.8964	50.8968	54.5319	54.5973	48.9412	36.0309	36.0238	46.2976	2.21894	1.45229	1.47377	1.20924	0.782882	0.0616855	2.50561	99	0	0
setup	0	2008-03-27 23:00:00	0	5.3	5.00192	1.73845	0.974053	0.806356	0.298083	0.1134	0	0	3.43289	5.00192	0	0	0	0	0	0	612.645	480.668	0	-99.99	49.8779	50.1921	50.1806	50.3801	50.4677	54.4243	54.5845	49.032	36.2124	36.067	46.3172	2.23878	1.35985	1.3624	1.11517	0.84707	0.0630436	2.48075	99	0	0
setup	0	2008-03-28 23:00:00	0	0	0	2.75761	1.32725	0.974053	0	0.3121	0	0	0.00893772	0	0	0	0	0	0	0	611.35	479.382	0	-99.99	49.0755	49.6825	49.8177	50.1464	50.3648	54.3949	54.5751	49.0206	36.1566	36.0836	46.3092	2.57166	1.47761	1.44545	1.15977	0.863018	0.0640237	2.47126	99	0	0
setup	0	2008-03-29 23:00:00	0	0	0	3.00623	1.4862	1.32725	0	0.286375	0	0	0.00513434	0	0	0	0	0	0	0	609.731	477.768	0	-99.99	48.0614	49.0394	49.3618	49.8602	50.2403	54.3553	54.5619	49.0169	36.1281	36.0912	46.3058	3.07544	1.64059	1.55677	1.21657	0.882623	0.065404	2.4669	99	0	0
setup	0	2008-03-30 23:00:00	0	2.1	1.84032	3.0552	1.76399	1.36235	0.259679	0.247226	0	0	0.00402106	1.84032	0	0	0	0	0	0	609.958	477.989	0	-99.99	49.005	49.0236	49.0411	49.5896	50.1227	54.3166	54.5488	49.014	36.1134	36.093	46.3098	2.60345	1.64482	1.64014	1.27255	0.901439	0.0667733	2.46593	99	0	0
setup	0	2008-03-31 23:00:00	0	0.5	0.224527	3.05594	1.99067	1.61699	0.275473	0.195469	0	0	0.00550309	0.224527	0	0	0	0	0	0	608.364	476.391	0	-99.99	48.076	48.3588	48.5535	49.2873	49.9932	54.2703	54.5326	49.0106	36.1048	36.0917	46.3126	3.06743	1.83294	1.77566	1.33791	0.922531	0.068449	2.46666	99	0	0
setup	0	2008-04-01 23:00:00	0	0	0	3.86603	2.19274	1.99067	0	0.303338	0	0	0.00647412	0	0	0	0	0	0	0	606.064	474.087	0	-99.99	46.6558	47.4468	47.9039	48.8766	49.8133	54.2078	54.5111	49.0059	36.099	36.0897	46.3138	3.97747	2.12856	1.9745	1.4318	0.952464	0.0706748	2.46776	99	0	0
setup	0	2008-04-02 23:00:00	0	0	0	3.96054	2.38295	2.19274	0	0.273214	0	0	0.00662462	0	0	0	0	0	0	0	603.591	471.613	0	-99.99	45.2063	46.4559	47.177	48.4026	49.6055	54.1319	54.4844	49.0001	36.0947	36.0878	46.3141	5.26319	2.50961	2.22554	1.54808	0.988007	0.0734094	2.46889	99	0	0
setup	0	2008-04-03 23:00:00	0	7.2	6.78109	2.08208	1.60316	1.66317	0.418914	0	0	0	0.0063014	6.78109	0	0	0	0	0	0	608.703	476.724	0	-99.99	49.6695	49.382	49.0621	48.8143	49.5079	54.0894	54.4685	48.9967	36.0915	36.086	46.3139	2.32034	1.55166	1.63455	1.44659	1.00506	0.0750254	2.46991	99	0	0
setup	0	2008-04-04 23:00:00	0	3.3	2.95405	2.62292	2.01667	1.40277	0.345951	0.153152	0	0	0.00576821	2.95405	0	0	0	0	0	0	610.095	478.116	0	-99.99	49.4592	49.7779	49.9883	49.8403	49.4747	54.0521	54.4553	48.9938	36.0889	36.0844	46.3134	2.40605	1.45485	1.40582	1.2206	1.01093	0.0763625	2.47082	99	0	0
setup	0	2008-04-05 23:00:00	0	0	0	3.06961	2.60168	2.01667	0	0.178188	0	0	0.00517042	0	0	0	0	0	0	0	607.895	475.915	0	-99.99	48.0222	48.9029	49.3185	49.3953	49.4178	53.9964	54.4354	48.9895	36.0866	36.0829	46.3129	3.09711	1.67745	1.56778	1.31421	1.02104	0.0783756	2.47166	99	0	0
setup	0	2008-04-06 23:00:00	0	0	0	4.81244	2.7229	2.60168	0	0.356603	0	0	0.00457497	0	0	0	0	0	0	0	604.932	472.952	0	-99.99	46.2155	47.6778	48.4429	48.8622	49.1931	53.9153	54.4069	48.9833	36.0845	36.0815	46.3124	4.32298	2.04916	1.80798	1.4352	1.06178	0.0812308	2.47244	99	0	0
setup	0	2008-04-07 23:00:00	0	0	0	3.9718	3.10617	2.7229	0	0.190393	0	0	0.00400768	0	0	0	0	0	0	0	602.015	470.035	0	-99.99	44.5446	46.4514	47.5232	48.2985	48.9584	53.8216	54.3728	48.9759	36.0825	36.0802	46.3119	6.01846	2.51152	2.10195	1.57484	1.1058	0.0846337	2.47317	99	0	0
setup	0	2008-04-08 23:00:00	0	0	0	3.93491	2.88069	3.10617	0	0.118795	0	0	0.00347721	0	0	0	0	0	0	0	598.787	466.807	0	-99.99	42.8296	45.0954	46.4662	47.6226	48.6702	53.6998	54.3276	48.9661	36.0806	36.079	46.3114	8.71461	3.16474	2.50528	1.7603	1.16201	0.0891012	2.47386	99	0	0
setup	0	2008-04-09 23:00:00	0	0	0	3.81136	2.66148	2.88069	0	0.125036	0	0	0.00298368	0	0	0	0	0	0	0	595.778	463.798	0	-99.99	41.3687	43.8473	45.4512	46.9453	48.3625	53.5688	54.2789	48.9555	36.079	36.0779	46.3109	12.333	3.9475	2.97611	1.96885	1.22481	0.0938774	2.47451	99	0	0
setup	0	2008-04-10 23:00:00	0	0	0	4.09879	2.57344	2.66148	0	0.181274	0	0	0.00252688	0	0	0	0	0	0	0	592.933	460.953	0	-99.99	40.1068	42.6923	44.4727	46.2626	48.0298	53.4289	54.2271	48.9442	36.0774	36.0769	46.3105	17.1585	4.88775	3.52962	2.20597	1.29614	0.0989126	2.4751	99	0	0
setup	0	2008-04-11 23:00:00	0	13.7	13.0404	2.70517	2.12163	1.94525	0.659649	0.0166712	0	0	0.00211151	13.0404	0	0	0	0	0	0	604.009	472.03	0	-99.99	49.7781	48.7711	47.6928	46.8955	47.9209	53.3794	54.2084	48.9401	36.0768	36.0761	46.31	2.27742	1.71381	2.0441	1.98518	1.32034	0.100728	2.47552	99	0	0
setup	0	2008-04-12 23:00:00	0	2	1.5551	1.88632	1.57341	1.44142	0.444898	0	0	0	0.00175535	1.5551	0	0	0	0	0	0	604.121	472.142	0	-99.99	49.0059	48.5745	48.0806	47.6099	47.8411	53.3423	54.1942	48.937	36.0762	36.0756	46.3097	2.60302	1.76959	1.91819	1.76397	1.33832	0.102095	2.47584	99	0	0
setup	0	2008-04-13 23:00:00	0	0.1	0	2.0016	1.68992	1.50786	0.1	0.062744	0	0	0.00146229	0	0	0	0	0	0	0	602.549	470.57	0	-99.99	47.7616	47.7371	47.6525	47.5433	47.7454	53.3005	54.1786	48.9336	36.0756	36.0751	46.3094	3.24564	2.02927	2.05768	1.78346	1.36018	0.103598	2.47612	99	0	0
setup	0	2008-04-14 23:00:00	0	0	0	2.87248	1.97125	1.68992	0	0.182048	0	0	0.00122048	0	0	0	0	0	0	0	600.676	468.697	0	-99.99	46.55	46.9726	47.1238	47.2343	47.6141	53.2476	54.1595	48.9294	36.075	36.0746	46.3092	4.05738	2.30228	2.24527	1.87685	1.39074	0.105439	2.47638	99	0	0
setup	0	2008-04-15 23:00:00	0	0	0	3.27893	2.2409	1.97125	0	0.193096	0	0	0.00101538	0	0	0	0	0	0	0	598.51	466.532	0	-99.99	45.2091	46.097	46.5047	46.8632	47.4502	53.1793	54.1345	48.924	36.0743	36.0742	46.309	5.26023	2.66596	2.48918	1.99585	1.42981	0.107832	2.47663	99	0	0
setup	0	2008-04-16 23:00:00	0	0	0	3.99828	2.5181	2.2409	0	0.247108	0	0	0.000834552	0	0	0	0	0	0	0	596.021	464.043	0	-99.99	43.7606	45.0803	45.761	46.4038	47.241	53.0914	54.1024	48.9169	36.0734	36.0738	46.3087	7.0969	3.17304	2.82246	2.15448	1.48122	0.110903	2.47686	99	0	0
setup	0	2008-04-17 23:00:00	0	0	0	4.19474	2.81742	2.5181	0	0.222646	0	0	0.000670875	0	0	0	0	0	0	0	593.28	461.302	0	-99.99	42.2669	43.9551	44.9105	45.8645	46.9891	52.9796	54.0608	48.9079	36.0722	36.0734	46.3085	9.92277	3.87141	3.26825	2.35849	1.54554	0.114854	2.47708	99	0	0
setup	0	2008-04-18 23:00:00	0	0	0	4.49282	2.79372	2.81742	0	0.208347	0	0	0.000520783	0	0	0	0	0	0	0	590.254	458.276	0	-99.99	40.747	42.7196	43.9397	45.2271	46.6804	52.8356	54.0068	48.896	36.0707	36.0731	46.3084	14.4549	4.86259	3.88217	2.62775	1.62812	0.119976	2.47728	99	0	0
setup	0	2008-04-19 23:00:00	0	0	0	4.79172	2.65808	2.79372	0	0.231283	0	0	0.000384225	0	0	0	0	0	0	0	587.228	455.251	0	-99.99	39.3672	41.5067	42.9435	44.5436	46.3327	52.6691	53.9441	48.8822	36.069	36.0728	46.3082	21.157	6.15577	4.66183	2.95597	1.72651	0.125887	2.47744	99	0	0
setup	0	2008-04-20 23:00:00	0	0	0	4.89284	2.58208	2.65808	0	0.240435	0	0	0.00026569	0	0	0	0	0	0	0	584.329	452.352	0	-99.99	38.1692	40.3774	41.9761	43.8501	45.9612	52.4858	53.8747	48.867	36.0671	36.0725	46.308	30.6233	7.76846	5.60995	3.33848	1.83841	0.132398	2.47759	99	0	0
setup	0	2008-04-21 23:00:00	0	0	0	5.11251	2.36703	2.58208	0	0.252839	0	0	0.000169921	0	0	0	0	0	0	0	581.494	449.517	0	-99.99	37.1075	39.3129	41.0279	43.1407	45.5603	52.2812	53.797	48.8498	36.0649	36.0722	46.3079	44.1656	9.80855	6.78258	3.79161	1.96773	0.139667	2.47775	99	0	0
setup	0	2008-04-22 23:00:00	0	0	0	5.07835	2.29815	2.36703	0	0.251769	0	0	9.86957e-05	0	0	0	0	0	0	0	578.875	446.898	0	-99.99	36.2176	38.3708	40.158	42.4628	45.156	52.0678	53.7154	48.8318	36.0626	36.0719	46.3078	62.1748	12.2179	8.14119	4.29504	2.10799	0.147264	2.47793	99	0	0
setup	0	2008-04-23 23:00:00	0	0.9	0.355037	3.77608	2.36267	1.99907	0.544963	0.108732	0	0	5.4488e-05	0.355037	0	0	0	0	0	0	577.123	445.146	0	-99.99	35.7226	37.6665	39.4917	41.9294	44.825	51.8766	53.6407	48.8152	36.0605	36.0716	46.3078	76.4705	14.5343	9.42183	4.74882	2.23091	0.154198	2.47809	99	0	0
setup	0	2008-04-24 23:00:00	0	0	0	4.57036	2.06704	2.36267	0	0.182296	0	0	2.99449e-05	0	0	0	0	0	0	0	574.578	442.601	0	-99.99	34.9804	36.8487	38.6949	41.2681	44.3932	51.6233	53.5417	48.7932	36.0577	36.0712	46.3078	107.154	17.9885	11.3111	5.39607	2.40324	0.163378	2.47831	99	0	0
setup	0	2008-04-25 23:00:00	0	0	0	3.91314	1.70684	2.06704	0	0.141918	0	0	1.64529e-05	0	0	0	0	0	0	0	572.369	440.392	0	-99.99	34.3908	36.1711	38.0174	40.6874	43.9947	51.377	53.4445	48.7715	36.055	36.0709	46.3078	143.996	21.6951	13.3156	6.05664	2.57554	0.172382	2.47852	99	0	0
setup	0	2008-04-26 23:00:00	0	4.3	3.73911	3.02811	2.1179	1.42166	0.560892	0.0910487	0	0	9.03969e-06	3.73911	0	0	0	0	0	0	574.595	442.618	0	-99.99	37.7795	37.0415	37.7039	40.4122	43.7989	51.2534	53.3955	48.7606	36.0536	36.0707	46.3077	34.8649	17.0857	14.3977	6.40473	2.66527	0.176917	2.47863	99	0	0
setup	0	2008-04-27 23:00:00	0	1.4	0.832442	4.10291	2.21561	1.85316	0.567558	0.143243	0	0	4.96667e-06	0.832442	0	0	0	0	0	0	573.431	441.454	0	-99.99	37.3639	37.1009	37.2956	40.0472	43.5321	51.0833	53.328	48.7455	36.0517	36.0704	46.3077	40.2749	16.8195	15.9837	6.90591	2.79334	0.183164	2.47878	99	0	0
setup	0	2008-04-28 23:00:00	0	4.5	3.92558	3.81658	2.72853	1.90529	0.574421	0.126443	0	0	2.72884e-06	3.92558	0	0	0	0	0	0	575.325	443.348	0	-99.99	39.7635	38.389	37.9396	39.7836	43.3341	50.9546	53.2767	48.734	36.0502	36.0702	46.3077	18.8806	12.1646	13.5741	7.29897	2.89292	0.187911	2.47889	99	0	0
setup	0	2008-04-29 23:00:00	0	0.7	0.115257	4.43407	2.49559	2.38746	0.584743	0.128043	0	0	1.4993e-06	0.115257	0	0	0	0	0	0	572.925	440.948	0	-99.99	37.9916	37.9083	37.8926	39.4074	43.0443	50.7559	53.1966	48.716	36.0479	36.0699	46.3077	32.4679	13.68	13.7334	7.90979	3.04614	0.195334	2.47907	99	0	0
setup	0	2008-04-30 23:00:00	0	0.2	0	3.40003	2.10029	2.36986	0.2	0.0668017	0	0	8.23761e-07	0	0	0	0	0	0	0	570.488	438.511	0	-99.99	36.79	37.1105	37.3398	39.0116	42.7295	50.5254	53.1019	48.6947	36.0452	36.0695	46.3077	49.6944	16.7772	15.8014	8.62417	3.22347	0.204125	2.47928	99	0	0
setup	0	2008-05-01 23:00:00	0	5	4.40154	4.42122	2.82288	1.83776	0.598462	0.181738	0	0	4.52599e-07	4.40154	0	0	0	0	0	0	572.87	440.893	0	-99.99	39.7839	38.3647	37.8428	38.7831	42.5423	50.4018	53.0518	48.6834	36.0438	36.0694	46.3077	18.7719	12.2357	13.905	9.07401	3.33458	0.208787	2.47939	99	0	0
setup	0	2008-05-02 23:00:00	0	7.6	6.89396	2.35606	2.52664	1.65002	0.706041	0	0	0	2.48671e-07	6.89396	0	0	0	0	0	0	578.114	446.137	0	-99.99	44.2195	41.3163	39.685	38.973	42.4599	50.3373	53.0245	48.6772	36.043	36.0692	46.3077	6.43893	6.39604	9.02548	8.69817	3.38494	0.21133	2.47945	99	0	0
setup	0	2008-05-03 23:00:00	0	0	0	3.33702	2.47568	2.52664	0	0.0833584	0	0	1.36627e-07	0	0	0	0	0	0	0	575.504	443.527	0	-99.99	41.1815	40.471	39.881	39.4651	42.2811	50.2047	52.9686	48.6646	36.0414	36.069	46.3077	12.9269	7.61594	8.64489	7.812	3.49732	0.216537	2.47958	99	0	0
setup	0	2008-05-04 23:00:00	0	0	0	4.64155	2.42847	2.47568	0	0.203451	0	0	7.50671e-08	0	0	0	0	0	0	0	572.825	440.848	0	-99.99	39.3192	39.3587	39.3476	39.3346	42.0458	50.0393	52.8991	48.6488	36.0393	36.0688	46.3077	21.4568	9.70754	9.73201	8.03535	3.65201	0.223028	2.47974	99	0	0
setup	0	2008-05-05 23:00:00	0	0	0	5.71878	2.40859	2.42847	0	0.2822	0	0	4.1244e-08	0	0	0	0	0	0	0	570.114	438.137	0	-99.99	37.8541	38.3451	38.6311	38.9328	41.7618	49.8426	52.8159	48.6299	36.0369	36.0684	46.3077	33.9967	12.2937	11.4827	8.77601	3.84972	0.230822	2.47992	99	0	0
setup	0	2008-05-06 23:00:00	0	0	0	5.8419	2.48964	2.40859	0	0.267905	0	0	2.26607e-08	0	0	0	0	0	0	0	567.438	435.461	0	-99.99	36.5646	37.3516	37.8902	38.4989	41.4424	49.6125	52.7164	48.6073	36.034	36.068	46.3077	54.1784	15.7532	13.7416	9.676	4.08763	0.240174	2.48015	99	0	0
setup	0	2008-05-07 23:00:00	0	0	0	5.84283	2.30911	2.48964	0	0.236909	0	0	1.24505e-08	0	0	0	0	0	0	0	564.711	432.734	0	-99.99	35.4064	36.3677	37.117	38.0213	41.0779	49.3359	52.5934	48.5792	36.0304	36.0675	46.3077	87.9157	20.5254	16.7483	10.8072	4.38117	0.251794	2.48043	99	0	0
setup	0	2008-05-08 23:00:00	0	0	0	5.73222	1.92846	2.30911	0	0.218642	0	0	6.84067e-09	0	0	0	0	0	0	0	562.183	430.206	0	-99.99	34.463	35.4958	36.3945	37.5478	40.7015	49.0405	52.4587	48.5482	36.0265	36.067	46.3077	138.676	26.4392	20.372	12.1016	4.71167	0.264605	2.48074	99	0	0
setup	0	2008-05-09 23:00:00	0	0	0	6.15343	1.51967	1.92846	0	0.24563	0	0	3.75847e-09	0	0	0	0	0	0	0	560.009	428.032	0	-99.99	33.7339	34.7845	35.7742	37.1145	40.3431	48.7609	52.329	48.5184	36.0226	36.0665	46.3077	207.329	33.0062	24.3347	13.4653	5.05509	0.277038	2.48104	99	0	0
setup	0	2008-05-10 23:00:00	0	0	0	5.45247	1.60099	1.51967	0	0.210812	0	0	2.06499e-09	0	0	0	0	0	0	0	558.279	426.302	0	-99.99	33.2113	34.2473	35.2874	36.7576	40.0375	48.5188	52.2143	48.4918	36.0192	36.066	46.3077	286.26	39.437	28.1719	14.7406	5.37244	0.288113	2.4813	99	0	0
setup	0	2008-05-11 23:00:00	0	3.9	3.25748	4.53221	2.58751	1.40087	0.642521	0.156024	0	0	1.13457e-09	3.25748	0	0	0	0	0	0	559.979	428.002	0	-99.99	35.8307	34.9867	35.0027	36.5419	39.8484	48.3655	52.1403	48.4747	36.017	36.0657	46.3077	73.0082	30.942	30.7852	15.5872	5.58133	0.295297	2.48147	99	0	0
setup	0	2008-05-12 23:00:00	0	2.2	1.55206	4.42182	2.5828	2.24367	0.647942	0.0962592	0	0	6.23404e-10	1.55206	0	0	0	0	0	0	559.192	427.215	0	-99.99	35.7894	35.1904	35.0141	36.2553	39.5904	48.1315	52.0233	48.4474	36.0135	36.0652	46.3077	74.3066	29.0288	30.6746	16.8123	5.88262	0.306745	2.48175	99	0	0
setup	0	2008-05-13 23:00:00	0	37.2	35.2592	4.41254	4.79758	1.48041	1.94083	0.164334	0	0	3.42511e-10	35.2592	0	0	0	0	0	0	592.806	460.829	0	-99.99	49.4233	50.957	50.3008	48.3241	41.2863	48.1046	52.0103	48.4444	36.0131	36.0652	46.3077	2.42101	1.19954	1.3359	1.56819	4.21036	0.308015	2.48178	99	0	0
setup	0	2008-05-14 23:00:00	0	20.3	19.2518	2.25205	2.98558	1.20386	1.04818	0	0	0	1.8819e-10	19.2518	0	0	0	0	0	0	610.854	478.877	0	-99.99	51.0494	51.1555	51.1107	51.0674	51.1178	52.9517	52.042	48.4422	36.0128	36.0652	46.3077	1.83437	1.16084	1.16948	0.992382	0.7512	0.304908	2.4818	99	0	0
setup	0	2008-05-15 23:00:00	0	1.6	0.913651	2.6784	3.31366	1.99205	0.686349	0	0	0	1.0339e-10	0.913651	0	0	0	0	0	0	609.776	477.799	0	-99.99	49.8308	50.358	50.5916	50.7783	50.7087	53.1558	52.9817	48.4383	36.0123	36.0651	46.3077	2.25691	1.32347	1.27381	1.04257	0.810568	0.215318	2.48184	99	0	0
setup	0	2008-05-16 23:00:00	0	0	0	4.04664	4.38713	3.31366	0	0.126394	0	0	5.68087e-11	0	0	0	0	0	0	0	606.336	474.358	0	-99.99	47.5755	48.9719	49.6332	50.2066	50.3661	53.1294	53.0354	48.4315	36.0114	36.065	46.3077	3.35683	1.6587	1.48952	1.14814	0.862808	0.210312	2.48191	99	0	0
setup	0	2008-05-17 23:00:00	0	0	0	5.9585	4.65791	4.38713	0	0.251517	0	0	3.11973e-11	0	0	0	0	0	0	0	601.697	469.72	0	-99.99	44.8456	46.9971	48.2009	49.328	49.9918	52.991	53.0096	48.4208	36.01	36.0648	46.3077	5.65928	2.29293	1.88082	1.32893	0.922767	0.212714	2.48201	99	0	0
setup	0	2008-05-18 23:00:00	0	8.2	7.19659	6.43941	5.00339	3.94939	1.00341	0.255453	0	0	1.71252e-11	7.19659	0	0	0	0	0	0	604.689	472.712	0	-99.99	48.502	48.9953	49.0535	49.094	49.7182	52.8904	52.9737	48.4128	36.009	36.0646	46.3077	2.84378	1.6524	1.63682	1.38134	0.968596	0.216059	2.4821	99	0	0
setup	0	2008-05-19 23:00:00	0	5	4.24532	4.79806	5.23918	4.04338	0.75468	0	0	0	9.40914e-12	4.24532	0	0	0	0	0	0	604.891	472.913	0	-99.99	48.3359	48.8319	49.1892	49.5715	49.489	52.7922	52.9374	48.4047	36.008	36.0645	46.3077	2.92869	1.69693	1.6011	1.27638	1.00841	0.219446	2.48218	99	0	0
setup	0	2008-05-20 23:00:00	0	2.7	1.92374	5.06736	5.36045	4.2911	0.776259	0	0	0	3.59435e-12	1.92374	0	0	0	0	0	0	602.523	470.546	0	-99.99	47.3742	47.8671	48.1314	48.8922	49.2347	52.6837	52.8972	48.3958	36.0068	36.0643	46.3077	3.48222	1.98646	1.90232	1.42811	1.05414	0.223205	2.48227	99	0	0
setup	0	2008-05-21 23:00:00	0	7.7	6.69636	4.97408	5.18043	3.97044	1.00364	0	0	0	0	6.69636	0	0	0	0	0	0	605.249	473.272	0	-99.99	48.8547	49.3047	49.9035	49.8696	49.4661	52.5884	52.8618	48.3878	36.0058	36.0642	46.3077	2.67276	1.57129	1.42538	1.21467	1.01244	0.22652	2.48235	99	0	0
setup	0	2008-05-22 23:00:00	0	2.6	1.78239	5.01702	5.38388	4.1994	0.817614	0	0	0	0	1.78239	0	0	0	0	0	0	602.832	470.855	0	-99.99	47.5314	48.0888	48.7738	49.1356	49.2761	52.4843	52.823	48.3791	36.0046	36.064	46.3077	3.38385	1.91563	1.71305	1.37189	1.04658	0.230156	2.48244	99	0	0
setup	0	2008-05-23 23:00:00	0	0	0	6.4529	5.39674	5.38388	0	0.163983	0	0	0	0	0	0	0	0	0	0	597.284	465.307	0	-99.99	44.2041	45.832	47.0875	48.103	48.8548	52.3176	52.7614	48.3653	36.0029	36.0638	46.3077	6.4597	2.78852	2.25878	1.62634	1.12572	0.235933	2.48257	99	0	0
setup	0	2008-05-24 23:00:00	0	0	0	5.18271	5.38097	5.18271	0	0	0	0	0	0	0	0	0	0	0	0	592.102	460.124	0	-99.99	41.5115	43.7165	45.3865	46.9823	48.3671	52.1123	52.6842	48.348	36.0006	36.0635	46.3077	11.903	4.0422	3.00945	1.9568	1.22385	0.243207	2.48275	99	0	0
setup	0	2008-05-25 23:00:00	0	12.5	11.1077	6.23896	5.61621	4.20255	1.39235	0.105094	0	0	0	11.1077	0	0	0	0	0	0	598.902	466.924	0	-99.99	48.4784	47.7386	47.1144	46.793	48.111	52.0078	52.6452	48.3392	35.9995	36.0633	46.3077	2.85567	2.02878	2.24876	2.01927	1.2784	0.246886	2.48284	99	0	0
setup	0	2008-05-26 23:00:00	0	33.8	32.0435	3.46338	4.29509	1.70692	1.75646	0	0	0	6.00278	32.0435	0	0	0	0	0	0	623.235	491.195	0	-99.99	49.8442	51.1347	50.9759	51.672	51.6392	54.9427	54.5148	48.3274	41.8616	36.6668	46.3584	2.25175	1.16484	1.19579	0.893763	0.679936	0.0702913	2.16227	99	0	0
setup	0	2008-05-27 23:00:00	0	5.3	4.23393	3.85025	4.42548	2.78418	1.06607	0	0	0	8.15141	4.23393	0	0	0	0	0	0	616.534	484.448	0	-99.99	48.7636	49.8708	50.2793	50.9662	51.3001	54.7886	54.5765	48.7094	36.2884	37.7607	46.3764	2.71576	1.433	1.3406	1.00971	0.725755	0.0638816	1.68943	99	0	0
setup	0	2008-05-28 23:00:00	0	0	0	6.22949	4.95084	4.42548	0	0.303192	0	0	3.45022	0	0	0	0	0	0	0	608.355	476.271	0	-99.99	45.8796	47.9137	48.8986	50.1113	50.9455	54.5907	54.5007	48.7532	36.2071	36.1298	46.3632	4.61116	1.97134	1.6786	1.16661	0.775823	0.0717385	2.44507	99	0	0
setup	0	2008-05-29 23:00:00	0	0	0	7.10678	5.36572	4.95084	0	0.330308	0	0	0.019013	0	0	0	0	0	0	0	603.055	470.99	0	-99.99	43.0849	45.6711	47.1666	48.9938	50.469	54.4021	54.4208	48.7571	36.1732	36.1288	46.3483	8.22818	2.86608	2.2294	1.40439	0.846866	0.0798381	2.44562	99	0	0
setup	0	2008-05-30 23:00:00	0	15	13.6578	4.74671	5.83887	3.40448	1.34222	0	0	0	3.01565	13.6578	0	0	0	0	0	0	610.292	478.186	0	-99.99	48.5703	49.3697	50.2098	50.3154	50.042	54.1696	54.347	48.8223	36.1927	36.1838	46.3783	2.80969	1.55478	1.35592	1.12736	0.914535	0.0871867	2.41487	99	0	0
setup	0	2008-05-31 23:00:00	0	0.9	0	2.72533	4.07849	1.82533	0.9	0	0	0	0.0253896	0	0	0	0	0	0	0	608.442	476.322	0	-99.99	47.3601	48.6188	49.6822	49.9337	49.9906	54.1187	54.329	48.8097	36.1922	36.1783	46.383	3.49121	1.75687	1.4777	1.20174	0.922964	0.0889688	2.4179	99	0	0
setup	0	2008-06-01 23:00:00	0	0	0	3.34192	4.7224	3.34192	0	0	0	0	0.0265693	0	0	0	0	0	0	0	605.073	472.948	0	-99.99	45.3216	47.1918	48.6434	49.3209	49.7483	54.015	54.2904	48.8009	36.1867	36.1673	46.3826	5.14381	2.22013	1.74983	1.33049	0.963471	0.0927532	2.42403	99	0	0
setup	0	2008-06-02 23:00:00	0	1.7	0.707064	4.78559	5.80906	3.7418	0.992936	0.00772628	0	0	0.0245893	0.707064	0	0	0	0	0	0	602.006	469.88	0	-99.99	43.8291	45.6838	47.438	48.5853	49.4506	53.8868	54.2427	48.7906	36.1775	36.1599	46.3804	6.99355	2.85986	2.13166	1.50219	1.0152	0.0974039	2.42815	99	0	0
setup	0	2008-06-03 23:00:00	0	0.8	0	6.37887	6.17896	5.08293	0.8	0.0688253	0	0	0.0218797	0	0	0	0	0	0	0	596.832	464.706	0	-99.99	41.2941	43.6273	45.6899	47.4154	48.9493	53.6716	54.1626	48.7732	36.1684	36.1537	46.378	12.5655	4.10844	2.85688	1.8215	1.10754	0.105141	2.43165	99	0	0
setup	0	2008-06-04 23:00:00	0	0.1	0	6.19993	5.65488	6.0751	0.1	0.00304889	0	0	0.0192088	0	0	0	0	0	0	0	590.735	458.609	0	-99.99	38.7559	41.2879	43.571	45.8842	48.2077	53.341	54.0379	48.7462	36.1596	36.1479	46.3757	25.4201	6.43286	4.15088	2.35064	1.25755	0.117031	2.4349	99	0	0
setup	0	2008-06-05 23:00:00	0	0.2	0	5.57801	4.72364	5.37801	0.2	0	0	0	0.0167297	0	0	0	0	0	0	0	585.34	453.214	0	-99.99	36.8836	39.3543	41.7066	44.4245	47.3978	52.9643	53.8945	48.715	36.1516	36.1426	46.3735	47.9763	9.71719	5.91568	3.01791	1.44251	0.130547	2.43789	99	0	0
setup	0	2008-06-06 23:00:00	0	0	0	6.09613	3.97733	4.72364	0	0.130436	0	0	0.0144556	0	0	0	0	0	0	0	580.472	448.346	0	-99.99	35.4612	37.7485	40.0747	43.0493	46.5465	52.5493	53.736	48.6803	36.1444	36.1377	46.3713	85.7781	14.237	8.28879	3.85521	1.66533	0.145345	2.44065	99	0	0
setup	0	2008-06-07 23:00:00	0	29	27.2635	3.27116	4.93928	1.53462	1.73654	0	0	0	0.0123958	27.2635	0	0	0	0	0	0	606.188	474.063	0	-99.99	50.5198	50.5803	50.8707	49.7799	46.6137	52.5142	53.7224	48.6773	36.1412	36.1341	46.3694	2.00654	1.27617	1.21672	1.23294	1.64654	0.146609	2.44262	99	0	0
setup	0	2008-06-08 23:00:00	0	3.7	2.62666	2.64226	4.34002	1.56892	1.07334	0	0	0	0.0106239	2.62666	0	0	0	0	0	0	607.235	475.111	0	-99.99	49.9901	50.2057	50.1974	49.923	48.4158	52.4778	53.7083	48.6742	36.1379	36.1313	46.3679	2.19616	1.35682	1.35868	1.20389	1.21371	0.147923	2.44421	99	0	0
setup	0	2008-06-09 23:00:00	0	2.1	1.01772	3.02661	4.69416	1.94433	1.08228	0	0	0	0.00915004	1.01772	0	0	0	0	0	0	606.3	474.175	0	-99.99	49.1948	49.5221	49.6733	49.5726	48.808	52.4316	53.6904	48.6703	36.1347	36.1289	46.3667	2.51882	1.51669	1.47983	1.27615	1.13482	0.14959	2.44558	99	0	0
setup	0	2008-06-10 23:00:00	0	15	13.6823	2.71879	4.4711	1.40106	1.31774	0	0	0	5.1619	13.6823	0	0	0	0	0	0	613.419	481.252	0	-99.99	50.8991	51.1702	51.0287	50.8284	51.4388	53.8207	53.4902	48.7694	35.9799	36.173	46.398	1.88158	1.15804	1.18542	1.03371	0.706779	0.168152	2.42085	99	0	0
setup	0	2008-06-11 23:00:00	0	0.2	0	4.70472	5.87386	4.2848	0.2	0.0384787	0	0	0.0230563	0	0	0	0	0	0	0	609.073	476.89	0	-99.99	47.9566	49.3714	49.8049	50.1374	50.9798	53.7447	53.6035	48.7537	35.9788	36.1683	46.402	3.13372	1.55435	1.44847	1.16152	0.770875	0.157657	2.42349	99	0	0
setup	0	2008-06-12 23:00:00	0	3.1	1.98028	3.92058	5.4966	2.80086	1.11972	0	0	0	0.0230307	1.98028	0	0	0	0	0	0	608.229	476.05	0	-99.99	48.1926	48.6275	49.0639	49.6997	50.7598	53.6708	53.6383	48.7474	35.978	36.1583	46.3961	3.00423	1.75436	1.63406	1.24949	0.802979	0.154426	2.42905	99	0	0
setup	0	2008-06-13 23:00:00	0	5.5	4.16873	4.7652	6.30703	3.43393	1.33127	0	0	0	0.446353	4.16873	0	0	0	0	0	0	608.517	476.354	0	-99.99	48.4282	49.0872	49.3473	49.7678	50.4818	53.5814	53.6141	48.7458	36.1021	36.106	46.3824	2.88116	1.62788	1.56046	1.23542	0.844898	0.156666	2.45849	99	0	0
setup	0	2008-06-14 23:00:00	0	0	0	6.05971	6.65545	6.05971	0	0	0	0	0.00992312	0	0	0	0	0	0	0	602.448	470.294	0	-99.99	44.7025	46.5746	47.5662	48.6957	50.0409	53.4005	53.5474	48.731	36.0936	36.0966	46.3748	5.82655	2.46021	2.08712	1.47511	0.914713	0.162855	2.46387	99	0	0
setup	0	2008-06-15 23:00:00	0	6.6	5.20972	5.30213	6.75645	3.91185	1.39028	0	0	0	0.00545616	5.20972	0	0	0	0	0	0	603.74	471.592	0	-99.99	47.3598	47.326	47.3226	48.1028	49.7896	53.2963	53.5087	48.7224	36.0923	36.0955	46.3706	3.49137	2.17141	2.17264	1.62639	0.95647	0.166432	2.46445	99	0	0
setup	0	2008-06-16 23:00:00	0	4.5	3.31174	4.97826	6.53508	3.78999	1.18826	0	0	0	0.00299541	3.31174	0	0	0	0	0	0	603.259	471.113	0	-99.99	47.3872	47.4906	47.511	47.5697	49.5499	53.1962	53.4715	48.7142	36.0913	36.0954	46.3683	3.47396	2.11324	2.10615	1.77571	0.997706	0.169878	2.46456	99	0	0
setup	0	2008-06-17 23:00:00	0	42.9	40.5011	3.57783	5.39315	1.17896	2.39887	0	0	0	9.02817	40.5011	0	0	0	0	0	0	633.553	501.421	0	-99.99	49.6519	50.6178	50.6402	51.7498	51.6653	54.9558	54.5405	48.2774	43.3726	42.752	46.358	2.32741	1.26834	1.26368	0.881646	0.676496	0.06764	0.502958	99	0	0
setup	0	2008-06-18 23:00:00	0	1.2	0	4.0095	5.53933	2.8095	1.2	0	0	0	10.3177	0	0	0	0	0	0	0	620.426	488.145	0	-99.99	47.8189	49.4951	49.8732	51.2807	51.5093	54.7534	54.4332	48.6033	36.1135	42.3237	46.4869	3.21231	1.52338	1.43245	0.956644	0.697255	0.0785885	0.568633	99	0	0
setup	0	2008-06-19 23:00:00	0	0.1	0	4.64901	6.19378	4.54901	0.1	0	0	0	8.18427	0	0	0	0	0	0	0	607.692	475.354	0	-99.99	45.1233	47.5501	48.5178	50.4315	51.1713	54.5163	54.3973	48.6906	36.1121	36.1817	46.4822	5.35123	2.09266	1.78602	1.10555	0.743668	0.0821903	2.41601	99	0	0
setup	0	2008-06-20 23:00:00	0	3.5	3.17195	6.3323	0.367036	5.90568	0.328055	0.0161291	0	0	0.0456824	3.17195	0	0	0	0	0	0	604.897	472.605	0	-99.99	45.2126	45.7032	46.915	49.3691	50.7349	54.3176	54.335	48.6935	36.1103	36.1034	46.4422	5.25653	2.85043	2.3244	1.31992	0.806662	0.0883761	2.46	99	0	0
setup	0	2008-06-21 23:00:00	0	17.5	17.2867	5.71108	0.47877	0.367036	0.213258	0.827861	0.676859	0	6.89924	16.6099	0	0	0	0	0	0	613.413	481.131	0	-99.99	50.4657	50.3534	50.2407	50.4688	50.1396	54.0408	54.173	48.9049	37.0914	36.2264	46.4223	2.02507	1.32446	1.34909	1.09862	0.898726	0.10414	2.3913	99	0	0
setup	0	2008-06-22 23:00:00	0	7.7	7.57516	3.32521	0.495045	0.47877	0.124842	0.483651	0.112216	0	6.03769	7.46294	0	0	0	0	0	0	613.875	481.568	0	-99.99	50.2785	51.2917	51.1149	50.8868	50.4803	53.6361	54.2301	48.8433	36.2936	36.1358	46.4422	2.09062	1.13494	1.16867	1.02348	0.845129	0.0986274	2.4417	99	0	0
setup	0	2008-06-23 23:00:00	0	2.6	2.52819	3.50335	0.559325	0.495045	0.0718135	0.523782	0.0534598	0	3.0261	2.47473	0	0	0	0	0	0	612.305	480.009	0	-99.99	50.617	50.8037	50.7748	50.6938	50.4139	53.5091	54.128	48.8711	36.0041	36.1104	46.428	1.9737	1.2302	1.23606	1.05763	0.855383	0.108453	2.45602	99	0	0
setup	0	2008-06-24 23:00:00	0	0	0	4.01009	0.67504	0.559325	0	0.614463	0	0	0.00883967	0	0	0	0	0	0	0	611.123	478.835	0	-99.99	49.9363	50.3259	50.3788	50.3869	50.353	53.4877	54.1229	48.8659	35.9998	36.0965	46.4212	2.21646	1.33044	1.31897	1.1139	0.864861	0.108941	2.4639	99	0	0
setup	0	2008-06-25 23:00:00	0	0.3	0.206585	5.50267	0.935494	0.67504	0.0934146	0.807354	0.107573	0	0.00485776	0.0990121	0	0	0	0	0	0	609.734	477.451	0	-99.99	49.0969	49.7338	49.9237	50.0704	50.2023	53.4603	54.1165	48.8641	35.9994	36.0951	46.4175	2.56208	1.46533	1.4207	1.17462	0.88867	0.109549	2.4647	99	0	0
setup	0	2008-06-26 23:00:00	0	0	0	6.92061	1.05226	0.935494	0	1.01446	0	0	0.00266523	0	0	0	0	0	0	0	607.782	475.501	0	-99.99	47.9992	48.9516	49.321	49.6556	49.9989	53.4222	54.1073	48.8621	35.9991	36.095	46.4155	3.1099	1.6642	1.56714	1.25869	0.921599	0.110431	2.46479	99	0	0
setup	0	2008-06-27 23:00:00	0	0	0	6.90753	1.23477	1.05226	0	0.958388	0	0	0.00146222	0	0	0	0	0	0	0	605.77	473.491	0	-99.99	46.8887	48.1333	48.6911	49.2238	49.7876	53.3794	54.0962	48.8597	35.9988	36.0949	46.4144	3.80821	1.90173	1.73628	1.35203	0.956809	0.111493	2.46482	99	0	0
setup	0	2008-06-28 23:00:00	0	0.4	0.259468	6.57888	1.4038	1.23477	0.140532	0.811052	0.0819007	0	0.000802231	0.177567	0	0	0	0	0	0	603.901	471.623	0	-99.99	45.7897	47.2995	48.0462	48.7877	49.5772	53.3307	54.0822	48.8566	35.9984	36.0949	46.4138	4.69228	2.18092	1.92901	1.45293	0.99293	0.112824	2.46485	99	0	0
setup	0	2008-06-29 23:00:00	0	32	31.0176	3.2865	1.4359	0.99436	0.982376	0.243217	0	0	6.89512	31.0176	0	0	0	0	0	0	626.786	494.513	0	-99.99	49.6122	51.2136	51.08	51.6641	51.7274	54.9647	54.489	48.4957	43.7172	36.9882	46.4086	2.34335	1.14974	1.17542	0.894996	0.668332	0.0729298	2.01023	99	0	0
setup	0	2008-06-30 23:00:00	0	11.8	11.2894	3.96453	1.49358	1.25641	0.510615	0.408804	0	0	8.61859	11.2894	0	0	0	0	0	0	627.791	495.539	0	-99.99	49.7527	51.0706	51.0069	51.6332	51.6187	54.9426	54.4896	48.409	41.7643	38.9693	46.3926	2.2874	1.17726	1.18971	0.89984	0.682655	0.0728694	1.28781	99	0	0
setup	0	2008-07-01 23:00:00	0	7.7	7.35447	3.45226	1.49486	1.36911	0.345531	0.324626	0	0	9.04875	7.35447	0	0	0	0	0	0	624.403	492.155	0	-99.99	50.3868	50.6915	50.7346	51.0832	51.222	54.7545	54.3938	48.7967	37.4479	40.3046	46.3959	2.05242	1.2531	1.24426	0.989703	0.736581	0.0825368	0.947542	99	0	0
setup	0	2008-07-02 23:00:00	0	0	0	4.40464	1.79011	1.49486	0	0.519298	0	0	9.0473	0	0	0	0	0	0	0	613.342	481.099	0	-99.99	49.1402	49.8952	50.1613	50.7127	51.0653	54.5869	54.4853	48.7809	35.9992	36.694	46.3992	2.54285	1.42732	1.36669	1.05424	0.758648	0.0733101	2.14892	99	0	0
setup	0	2008-07-03 23:00:00	0	0	0	6.47612	2.05605	1.79011	0	0.80396	0	0	0.861553	0	0	0	0	0	0	0	609.886	477.649	0	-99.99	47.6015	48.8589	49.3967	50.2053	50.8309	54.4971	54.468	48.7919	35.9987	36.0695	46.3934	3.34103	1.68949	1.54797	1.14839	0.792501	0.0750768	2.47929	99	0	0
setup	0	2008-07-04 23:00:00	0	0	0	5.62653	2.26719	2.05605	0	0.58469	0	0	0	0	0	0	0	0	0	0	607.245	475.009	0	-99.99	46.0819	47.766	48.5942	49.6817	50.5944	54.4264	54.4411	48.7926	35.9981	36.0683	46.3934	4.43492	2.01967	1.76392	1.25323	0.827726	0.0777999	2.47999	99	0	0
setup	0	2008-07-05 23:00:00	0	0	0	6.78705	2.27956	2.26719	0	0.702837	0	0	0	0	0	0	0	0	0	0	604.275	472.039	0	-99.99	44.4949	46.5326	47.6377	49.0435	50.3004	54.339	54.4128	48.7865	35.9974	36.067	46.3934	6.08042	2.47756	2.06271	1.39291	0.873118	0.0806454	2.48074	99	0	0
setup	0	2008-07-06 23:00:00	0	3.9	3.60881	6.34629	2.4981	2.18458	0.291191	0.622024	0	0	0	3.60881	0	0	0	0	0	0	605.077	472.841	0	-99.99	46.7346	46.5722	46.8937	48.5229	50.0557	54.2658	54.3892	48.7815	35.9967	36.0665	46.3934	3.91918	2.46119	2.33266	1.5177	0.912298	0.0830044	2.48102	99	0	0
setup	0	2008-07-07 23:00:00	0	12.8	12.1301	4.34424	2.47778	2.13536	0.669928	0.282824	0	0	2.15381	12.1301	0	0	0	0	0	0	612.636	480.395	0	-99.99	50.3963	50.9338	50.882	50.7245	50.1896	54.0934	54.1966	48.8038	36.1138	36.0869	46.3981	2.04909	1.20414	1.21444	1.05213	0.890694	0.10186	2.46935	99	0	0
setup	0	2008-07-08 23:00:00	0	0.1	0	5.92452	2.73881	2.47778	0.1	0.58562	0	0	0	0	0	0	0	0	0	0	609.572	477.332	0	-99.99	48.4556	49.6943	49.9592	50.065	50.064	54.0224	54.185	48.7969	36.1036	36.0906	46.3979	2.86723	1.47478	1.41251	1.17569	0.910954	0.102978	2.46725	99	0	0
setup	0	2008-07-09 23:00:00	0	32	30.4148	4.96321	2.90198	1.89709	1.58525	0.274402	0	0	7.75324	30.4148	0	0	0	0	0	0	630.062	497.812	0	-99.99	49.7962	50.8632	50.8123	51.4993	51.6833	54.9462	54.6492	48.723	41.9299	38.8227	46.4047	2.27036	1.21822	1.22845	0.921098	0.674118	0.0561445	1.33111	99	0	0
setup	0	2008-07-10 23:00:00	0	0	0	5.20086	2.90535	2.90198	0	0.406316	0	0	9.04532	0	0	0	0	0	0	0	617.709	485.459	0	-99.99	47.7271	49.5254	49.8897	50.9147	51.4372	54.7698	54.5935	48.8015	36.1863	39.9635	46.4028	3.2659	1.51588	1.4286	1.01863	0.706999	0.0620862	1.02613	99	0	0
setup	0	2008-07-11 23:00:00	0	0.4	0.0191956	6.92363	2.9018	2.7843	0.380804	0.626452	0	0	5.16876	0.0191956	0	0	0	0	0	0	609.148	476.901	0	-99.99	45.7974	48.0978	48.8605	50.2427	51.1403	54.6242	54.5563	48.8437	36.1518	36.1094	46.4014	4.68522	1.9128	1.68904	1.1412	0.748025	0.0659948	2.45658	99	0	0
setup	0	2008-07-12 23:00:00	0	17.4	16.3341	5.37835	3.12845	2.35101	1.06588	0.360961	0	0	6.89181	16.3341	0	0	0	0	0	0	615.879	483.627	0	-99.99	49.113	50.0703	50.0523	51.5877	51.5241	54.9113	54.5637	48.6176	37.341	36.2465	46.4043	2.55489	1.38714	1.39123	0.907019	0.695272	0.0652204	2.38031	99	0	0
setup	0	2008-07-13 23:00:00	0	6.5	5.98329	2.5794	2.31768	2.06269	0.516709	0	0	0	5.17063	5.98329	0	0	0	0	0	0	614.629	482.359	0	-99.99	50.3785	50.5207	50.5433	50.8825	51.223	54.7633	54.6525	48.8456	36.1503	36.1413	46.4177	2.05533	1.28869	1.28393	1.02425	0.736437	0.0557911	2.43861	99	0	0
setup	0	2008-07-14 23:00:00	0	1.5	1.08104	3.83566	2.61791	2.08813	0.418964	0.235909	0	0	0.864633	1.08104	0	0	0	0	0	0	612.521	480.262	0	-99.99	48.9884	49.6066	49.9099	50.4859	51.0229	54.6865	54.6509	48.9068	35.9742	36.1073	46.4084	2.61101	1.49598	1.4239	1.09545	0.764686	0.0559604	2.45779	99	0	0
setup	0	2008-07-15 23:00:00	0	0	0	5.84582	2.81846	2.61791	0	0.546557	0	0	0.00180639	0	0	0	0	0	0	0	609.355	477.097	0	-99.99	47.0435	48.338	49.0005	49.9068	50.7674	54.6057	54.6018	48.9086	35.988	36.1022	46.407	3.7005	1.83918	1.65102	1.20714	0.80185	0.0612152	2.46068	99	0	0
setup	0	2008-07-16 23:00:00	0	22	20.6024	5.76663	3.22173	2.15783	1.39764	0.405517	0	0	6.89264	20.6024	0	0	0	0	0	0	620.501	488.241	0	-99.99	49.4968	50.1501	50.0659	51.4806	51.6029	54.924	54.3815	48.305	40.266	36.6922	46.4094	2.39045	1.36921	1.38814	0.924094	0.684753	0.0837651	2.14982	99	0	0
setup	0	2008-07-17 23:00:00	0	8.3	7.72654	2.98727	2.52296	2.41381	0.573456	0	0	0	7.75475	7.72654	0	0	0	0	0	0	618.059	485.792	0	-99.99	50.2324	50.716	50.7687	51.4492	51.7724	54.8856	54.5298	49.0012	36.0742	37.5034	46.4135	2.1071	1.24806	1.2373	0.929146	0.662469	0.0687482	1.78987	99	0	0
setup	0	2008-07-18 23:00:00	0	6	5.30279	5.75834	3.0444	2.22954	0.697206	0.515283	0	0	6.46388	5.30279	0	0	0	0	0	0	614.153	481.87	0	-99.99	49.7254	49.932	50.0341	50.7193	51.3024	54.766	54.7159	49.017	36.0573	36.221	46.4244	2.29816	1.41879	1.39536	1.05306	0.725432	0.0488246	2.39429	99	0	0
setup	0	2008-07-19 23:00:00	0	15.5	14.7508	2.26114	2.30147	1.51196	0.749188	0	0	0	7.75673	14.7508	0	0	0	0	0	0	619.635	487.368	0	-99.99	49.0556	51.0221	50.9324	50.8113	50.7164	54.9238	54.6667	48.4775	40.063	36.6491	46.4054	2.58056	1.18671	1.2044	1.03672	0.809413	0.0542469	2.17101	99	0	0
setup	0	2008-07-20 23:00:00	0	1.1	0.625488	3.89019	3.04788	2.02503	0.474512	0.247119	0	0	5.60328	0.625488	0	0	0	0	0	0	612.385	480.111	0	-99.99	48.7202	50.0804	50.2782	50.4193	50.5601	54.778	54.5553	48.7428	36.1391	36.1641	46.4106	2.73657	1.38487	1.34086	1.10783	0.832938	0.0661025	2.42585	99	0	0
setup	0	2008-07-21 23:00:00	0	0.9	0.415249	3.52813	3.01362	2.6425	0.484751	0.0687469	0	0	0.00155511	0.415249	0	0	0	0	0	0	610.088	477.815	0	-99.99	47.622	48.994	49.532	49.9781	50.3831	54.6307	54.5232	48.7843	36.1384	36.1205	46.4106	3.32863	1.65276	1.51426	1.19287	0.860171	0.0694281	2.45031	99	0	0
setup	0	2008-07-22 23:00:00	0	2.4	1.90536	3.08103	2.66482	2.52964	0.494644	0.00969038	0	0	0.000366276	1.90536	0	0	0	0	0	0	609.453	477.181	0	-99.99	48.2021	48.4243	48.8663	49.5824	50.2242	54.531	54.4907	48.8003	36.1345	36.1173	46.4106	2.99915	1.81348	1.68747	1.27408	0.885179	0.0727616	2.45214	99	0	0
setup	0	2008-07-23 23:00:00	0	2.2	1.69711	2.88088	2.47387	2.20616	0.502888	0.0291086	0	0	8.62726e-05	1.69711	0	0	0	0	0	0	608.915	476.643	0	-99.99	48.3239	48.3877	48.4299	49.2371	50.0831	54.4649	54.4627	48.8044	36.1276	36.1182	46.4106	2.93491	1.82432	1.81181	1.34905	0.907852	0.0756107	2.45161	99	0	0
setup	0	2008-07-24 23:00:00	0	0	0	3.76217	2.67661	2.47387	0	0.20861	0	0	2.03208e-05	0	0	0	0	0	0	0	606.233	473.961	0	-99.99	46.622	47.3294	47.6922	48.7751	49.8847	54.3895	54.4348	48.7995	36.1234	36.1189	46.4106	4.00276	2.17017	2.04432	1.45595	0.940502	0.0784266	2.45119	99	0	0
setup	0	2008-07-25 23:00:00	0	0	0	5.32694	3.00559	2.67661	0	0.406073	0	0	4.7864e-06	0	0	0	0	0	0	0	603.15	470.878	0	-99.99	44.8296	46.0984	46.7903	48.1706	49.614	54.2931	54.4016	48.7923	36.121	36.1192	46.4106	5.67768	2.66534	2.37318	1.60833	0.986532	0.0817598	2.45105	99	0	0
setup	0	2008-07-26 23:00:00	0	0.6	0.0722856	5.10393	3.36717	2.73921	0.527714	0.265115	0	0	1.1274e-06	0.0722856	0	0	0	0	0	0	600.218	467.946	0	-99.99	43.2048	44.8993	45.8852	47.5459	49.3289	54.1826	54.3624	48.7839	36.1195	36.1191	46.4106	8.01171	3.27468	2.76341	1.78271	1.037	0.0856627	2.45109	99	0	0
setup	0	2008-07-27 23:00:00	0	13.4	12.5691	3.53167	3.17741	2.57675	0.830898	0.0219206	0	0	2.6555e-07	12.5691	0	0	0	0	0	0	610.188	477.916	0	-99.99	49.1637	50.1419	50.0941	49.9711	49.5229	54.1183	54.3386	48.7788	36.1188	36.119	46.4106	2.53245	1.37102	1.38177	1.19428	1.00244	0.0880142	2.45116	99	0	0
setup	0	2008-07-28 23:00:00	0	3.2	2.65276	4.05602	3.32286	2.77538	0.547235	0.126982	0	0	0.430905	2.65276	0	0	0	0	0	0	609.508	477.24	0	-99.99	48.7127	49.0573	49.3187	49.922	49.7715	54.029	54.3088	48.8116	36.2003	36.1083	46.4069	2.74017	1.63582	1.56773	1.2041	0.959539	0.0909487	2.45721	99	0	0
setup	0	2008-07-29 23:00:00	0	1.7	1.14268	2.62413	2.89428	2.06681	0.55732	0	0	0	0	1.14268	0	0	0	0	0	0	608.584	476.316	0	-99.99	48.3472	48.5672	48.7795	49.5586	49.6794	53.975	54.2887	48.808	36.1633	36.1186	46.4069	2.92283	1.77171	1.71147	1.27911	0.975247	0.0929201	2.45139	99	0	0
setup	0	2008-07-30 23:00:00	0	0	0	3.88398	3.33298	2.89428	0	0.160323	0	0	0	0	0	0	0	0	0	0	605.529	473.261	0	-99.99	46.4092	47.3474	47.9235	49.0303	49.4635	53.8895	54.2577	48.8011	36.1453	36.1233	46.4069	4.16668	2.16376	1.96816	1.39595	1.01292	0.0959483	2.44876	99	0	0
setup	0	2008-07-31 23:00:00	0	0	0	4.31146	3.44264	3.33298	0	0.148799	0	0	0	0	0	0	0	0	0	0	602.047	469.779	0	-99.99	44.3767	45.9344	46.881	48.3526	49.1829	53.775	54.2157	48.792	36.1359	36.1253	46.4069	6.23111	2.7404	2.33758	1.56085	1.06366	0.100018	2.44759	99	0	0
setup	0	2008-08-01 23:00:00	0	0	0	5.91239	3.56612	3.44264	0	0.349128	0	0	0	0	0	0	0	0	0	0	598.256	465.987	0	-99.99	42.4003	44.4014	45.684	47.514	48.8119	53.6314	54.164	48.7808	36.1308	36.1261	46.4069	9.61804	3.57455	2.85977	1.79209	1.13406	0.105002	2.44716	99	0	0
setup	0	2008-08-02 23:00:00	0	23.3	21.853	5.14591	3.82804	2.58	1.44703	0.207295	0	0	5.17094	21.853	0	0	0	0	0	0	612.15	479.875	0	-99.99	49.5619	50.4833	50.4249	51.0272	50.2773	53.238	54.0306	48.971	36.1089	36.183	46.4136	2.36375	1.29661	1.30907	0.999232	0.87675	0.117727	2.41531	99	0	0
setup	0	2008-08-03 23:00:00	0	12.7	11.7379	4.32659	3.9113	2.98892	0.962141	0.0686411	0	0	5.60347	11.7379	0	0	0	0	0	0	615.227	482.924	0	-99.99	49.7228	50.4722	50.5608	51.3342	51.7213	54.8824	54.6144	48.7609	36.1864	36.0213	46.4366	2.29918	1.29896	1.28026	0.94784	0.669132	0.0598712	2.50705	99	0	0
setup	0	2008-08-04 23:00:00	0	0.9	0.286082	4.38293	3.86725	3.37408	0.613918	0.0687169	0	0	0.013437	0.286082	0	0	0	0	0	0	612.057	479.738	0	-99.99	47.4644	49.0731	49.6041	50.7509	51.4857	54.7067	54.5834	48.8606	36.159	36.0903	46.4424	3.42536	1.63163	1.49659	1.04742	0.700433	0.0631553	2.46746	99	0	0
setup	0	2008-08-05 23:00:00	0	5.9	5.06967	4.974	4.06183	3.22271	0.830331	0.163927	0	0	1.73436	5.06967	0	0	0	0	0	0	612.006	479.7	0	-99.99	49.0343	49.1383	49.194	50.6022	51.1492	54.5525	54.2964	48.8678	36.0605	36.0955	46.4292	2.59019	1.6144	1.59984	1.07415	0.746777	0.092168	2.4645	99	0	0
setup	0	2008-08-06 23:00:00	0	28.5	27.3683	2.40701	3.24229	1.27531	1.1317	0	0	0	7.76084	27.3683	0	0	0	0	0	0	630.338	498.033	0	-99.99	49.8935	51.3148	51.0077	50.5478	51.6309	54.9397	54.6321	48.3992	43.4029	38.7926	46.4241	2.2328	1.1306	1.18955	1.08408	0.681042	0.0579796	1.34018	99	0	0
setup	0	2008-08-07 23:00:00	0	10.6	9.67304	3.44503	3.47446	2.37405	0.926957	0.0264906	0	0	9.48446	9.67304	0	0	0	0	0	0	628.126	495.857	0	-99.99	49.2621	50.771	50.7857	51.5034	51.6737	54.9338	54.6909	48.7546	39.0049	40.8421	46.3902	2.48955	1.23682	1.23385	0.92044	0.675383	0.0516028	0.833403	99	0	0
setup	0	2008-08-08 23:00:00	0	1.7	1.04804	3.35194	3.35612	2.69998	0.651964	0	0	0	9.48386	1.04804	0	0	0	0	0	0	616.99	484.729	0	-99.99	49.1566	49.7516	50.0738	51.0746	51.5055	54.782	54.6285	48.8441	35.9905	39.564	46.3916	2.53559	1.4611	1.38636	0.991152	0.697764	0.0583725	1.12506	99	0	0
setup	0	2008-08-09 23:00:00	0	4.7	4.03831	3.8423	3.45173	2.79306	0.661688	0.0692318	0	0	5.6034	4.03831	0	0	0	0	0	0	612.563	480.314	0	-99.99	49.3343	49.4242	49.4806	50.3939	51.1435	54.6422	54.4961	48.887	36.1227	36.0956	46.3871	2.45858	1.54105	1.52699	1.11257	0.747575	0.072214	2.4644	99	0	0
setup	0	2008-08-10 23:00:00	0	0	0	5.31659	3.62381	3.45173	0	0.314398	0	0	0	0	0	0	0	0	0	0	608.796	476.548	0	-99.99	46.9317	47.9322	48.4439	49.7419	50.8648	54.5053	54.4999	48.8772	36.1218	36.0938	46.3871	3.77793	1.96537	1.80769	1.24077	0.787538	0.0718194	2.46542	99	0	0
setup	0	2008-08-11 23:00:00	0	0	0	5.03305	4.10439	3.62381	0	0.221399	0	0	0	0	0	0	0	0	0	0	604.951	472.702	0	-99.99	44.6885	46.3608	47.2913	48.9978	50.5448	54.383	54.4565	48.8678	36.1135	36.0922	46.3871	5.84328	2.54999	2.18389	1.40346	0.835256	0.0762394	2.46633	99	0	0
setup	0	2008-08-12 23:00:00	0	0.5	0	4.46192	4.17167	3.64709	0.5	0.0459463	0	0	0	0	0	0	0	0	0	0	601.258	469.009	0	-99.99	42.7259	44.8516	46.1337	48.1959	50.1995	54.2397	54.4038	48.8565	36.1043	36.0936	46.3871	8.92262	3.30208	2.64948	1.60165	0.889118	0.0815398	2.46557	99	0	0
setup	0	2008-08-13 23:00:00	0	7.9	6.95291	5.887	4.09581	3.50687	0.947092	0.230424	0	0	0	6.95291	0	0	0	0	0	0	604.474	472.225	0	-99.99	47.0553	46.5044	46.3231	47.6168	49.9307	54.1366	54.3668	48.8485	36.0994	36.0944	46.3871	3.6924	2.48928	2.5662	1.76196	0.932839	0.0852238	2.4651	99	0	0
setup	0	2008-08-14 23:00:00	0	28.1	26.7666	3.01027	3.99644	1.67685	1.33343	0	0	0	6.46443	26.7666	0	0	0	0	0	0	623.099	490.846	0	-99.99	49.6269	51.0608	50.9545	50.7142	51.5314	54.9198	54.838	48.7596	42.7283	36.6054	46.3996	2.33743	1.17916	1.20003	1.05398	0.694297	0.0346488	2.1927	99	0	0
setup	0	2008-08-15 23:00:00	0	0	0	4.91734	4.36328	3.99644	0	0.159259	0	0	8.18678	0	0	0	0	0	0	0	610.757	478.497	0	-99.99	46.9843	49.321	49.7066	49.9245	51.2319	54.7876	54.5812	48.6378	36.0242	37.2753	46.4059	3.74121	1.56714	1.47185	1.20359	0.735197	0.0633883	1.88412	99	0	0
setup	0	2008-08-16 23:00:00	0	0	0	5.35519	4.4588	4.36328	0	0.158491	0	0	0.861711	0	0	0	0	0	0	0	605.373	473.111	0	-99.99	44.4352	47.3129	48.2886	49.0761	50.8681	54.5796	54.4684	48.6841	36.0111	36.1143	46.407	6.15599	2.1761	1.85408	1.38542	0.787058	0.0750323	2.45382	99	0	0
setup	0	2008-08-17 23:00:00	0	0.3	0	5.73743	4.56142	4.2652	0.3	0.171675	0	0	0	0	0	0	0	0	0	0	600.936	468.675	0	-99.99	42.2366	45.356	46.7735	48.1127	50.4417	54.3954	54.3814	48.6973	36.009	36.1039	46.4069	9.99379	3.02527	2.37981	1.62374	0.851073	0.0837748	2.4597	99	0	0
setup	0	2008-08-18 23:00:00	0	10.6	9.40641	5.33191	4.75726	3.55972	1.19359	0.0974085	0	0	0	9.40641	0	0	0	0	0	0	606.686	474.424	0	-99.99	48.4023	48.2752	48.0448	47.9157	50.2065	54.3003	54.3361	48.6969	36.0081	36.1028	46.4069	2.89441	1.85813	1.92947	1.67727	0.887996	0.0882666	2.46032	99	0	0
setup	0	2008-08-19 23:00:00	0	0	0	4.92658	4.78614	4.75726	0	0.026281	0	0	0	0	0	0	0	0	0	0	601.902	469.64	0	-99.99	45.2932	46.3143	46.7602	47.1816	49.8531	54.1505	54.2809	48.6849	36.0066	36.1026	46.4069	5.17296	2.57005	2.3851	1.89327	0.945772	0.0936785	2.46046	99	0	0
