source	id	datetime	daylength[h]	solar_radiation[Wm-2]	sw_radiation_above_canopy_in[Wm-2]	sw_radiation_above_canopy_out[Wm-2]	lw_radiation_above_canopy_in[Wm-2]	lw_radiation_above_canopy_out[Wm-2]	latent_heat_out_top[Wm-2]	latent_heat_out_bottom[Wm-2]	sensible_heat_out_top[Wm-2]	sensible_heat_out_bottom[Wm-2]	energy[Jm-2]	temp_above_canopy_avg[oC]	temp_above_canopy_min[oC]	temp_above_canopy_max[oC]	temp_canopy_top[oC]	temp_canopy_middle[oC]	temp_canopy_bottom[oC]	temp_surfacewater[oC]	temp_soil_surface[oC]	temp_5cm[oC]	temp_10cm[oC]	temp_15cm[oC]	temp_20cm[oC]	temp_30cm[oC]	temp_50cm[oC]	temp_100cm[oC]	vpd[mbar]
setup	0	2008-01-01 23:00:00	8.35498	109.183	50.1546	4.72301	230.341	0	0.975048	0	0	0	0	-5.74583	-10.2	-2.6	-6.65558	-5.4201	-4.59644	-99.99	-4.45038	-0.601203	1.55105	3.01787	4.39474	6.25405	7.61107	7.99146	0.270335
setup	0	2008-01-02 23:00:00	8.36967	109.813	37.0545	3.48919	264.357	0	4.13119	0	0	0	0	-3.52917	-5.9	-1.8	-3.52647	-3.50936	-3.49795	-99.99	-3.4951	-2.06807	-0.215867	0.509397	1.63168	3.64894	6.10429	7.80894	0.0870977
setup	0	2008-01-03 23:00:00	8.38562	110.495	58.5258	5.51067	200.207	0	3.96326	0	0	0	0	-9.8625	-14.6	-4.5	-9.85945	-9.83886	-9.82514	-99.99	-9.82171	-6.57759	-2.1981	-0.668782	0.0768746	2.06033	4.79215	7.34864	0.104543
setup	0	2008-01-04 23:00:00	8.40283	111.229	70.5985	6.64701	172.932	0	3.50932	0	0	0	0	-12.0083	-16.1	-1.6	-12.0067	-11.994	-11.9854	-99.99	-11.9833	-9.82426	-5.61566	-3.21587	-1.07507	0.610523	3.562	6.74427	0.0976659
setup	0	2008-01-05 23:00:00	8.42128	112.014	62.2132	5.85716	192.284	0	3.77725	0	0	0	0	-10.9667	-14.3	-3.2	-10.9663	-10.9617	-10.9586	-99.99	-10.9578	-9.73523	-6.96081	-5.04761	-2.89475	-0.134728	2.51683	6.06036	0.0823254
setup	0	2008-01-06 23:00:00	8.44094	112.85	75.0254	7.06296	200.442	0	4.18653	0	0	0	0	-2.15417	-10.8	5.1	-2.14522	-2.0879	-2.04968	-99.99	-2.04013	-2.00182	-2.1759	-1.99722	-1.55037	-0.125361	1.83978	5.36624	0.310474
setup	0	2008-01-07 23:00:00	8.46182	113.738	52.969	4.98618	271.615	0	0.494812	0	0	0	0	2.8375	0.9	8.7	2.82426	2.74662	2.69486	-99.99	2.68192	2.2605	1.68626	1.47433	1.33834	1.36938	2.17529	4.79261	0.123867
setup	0	2008-01-08 23:00:00	8.48388	114.678	61.0816	5.74915	253.77	0	0.640107	0	0	0	0	1.91667	-0.9	9.3	1.92409	1.97091	2.00213	-99.99	2.00993	2.27496	2.18041	2.17904	2.18528	2.26289	2.71334	4.48754	0.172248
setup	0	2008-01-09 23:00:00	8.50712	115.669	68.4854	6.44483	245.967	0	0.543491	0	0	0	0	2.57083	-0.5	12.1	2.57529	2.60484	2.62454	-99.99	2.62946	2.82375	2.58533	2.55033	2.54184	2.62387	3.01913	4.3683	0.206818
setup	0	2008-01-10 23:00:00	8.53151	116.711	30.7855	2.89639	299.202	0	2.56056	0	0	0	0	1.025	0.1	2.6	1.03595	1.10217	1.14632	-99.99	1.15736	1.54641	2.07508	2.33822	2.57716	2.89402	3.27038	4.33338	0.0491568
setup	0	2008-01-11 23:00:00	8.55704	117.805	46.5148	4.37529	273.515	0	2.25275	0	0	0	0	0.575	-0.9	4.7	0.587424	0.663168	0.713664	-99.99	0.726288	1.14977	1.48049	1.71855	1.98449	2.48206	3.19528	4.33591	0.088205
setup	0	2008-01-12 23:00:00	8.58368	118.95	50.6089	4.75917	274.424	0	2.89562	0	0	0	0	2.05833	-0.4	6.1	2.05695	2.04999	2.04535	-99.99	2.04419	2.00005	1.99899	2.05264	2.15404	2.45058	3.08137	4.30433	0.12944
setup	0	2008-01-13 23:00:00	8.61142	120.146	35.8728	3.37228	310.279	0	5.17016	0	0	0	0	4.65	3	6.2	4.63663	4.55708	4.50405	-99.99	4.49079	4.06465	3.58684	3.37543	3.20035	3.04344	3.2214	4.2634	0.0909111
setup	0	2008-01-14 23:00:00	8.64023	121.393	53.9983	5.07387	284.731	0	2.93889	0	0	0	0	4.72083	2.5	9.6	4.71526	4.68318	4.6618	-99.99	4.65645	4.45901	4.1599	3.99518	3.83455	3.61938	3.56825	4.27904	0.145229
setup	0	2008-01-15 23:00:00	8.6701	122.691	64.13	6.02213	263.274	0	4.13154	0	0	0	0	3.77917	-0.5	9.3	3.78116	3.79489	3.80405	-99.99	3.80634	3.86569	3.89369	3.89044	3.87714	3.84292	3.84754	4.36233	0.236521
setup	0	2008-01-16 23:00:00	8.70101	124.039	71.4578	6.70571	240.803	0	1.92809	0	0	0	0	0.904167	-1.9	10	0.930934	1.09354	1.20195	-99.99	1.22905	2.14983	2.59679	2.8991	3.17883	3.56422	3.90926	4.46479	0.183552
setup	0	2008-01-17 23:00:00	8.73292	125.439	71.9733	6.74998	237.852	0	1.95483	0	0	0	0	0.195833	-2.5	9.3	0.223141	0.388812	0.49926	-99.99	0.526871	1.59308	1.8409	2.14763	2.472	3.02491	3.69733	4.52664	0.173532
setup	0	2008-01-18 23:00:00	8.76583	126.889	70.6263	6.61907	248.128	0	2.66187	0	0	0	0	2.14583	-2.4	8.7	2.15097	2.18335	2.20493	-99.99	2.21033	2.43035	2.32684	2.39905	2.52224	2.85235	3.48378	4.51634	0.23789
setup	0	2008-01-19 23:00:00	8.7997	128.389	46.0122	4.30904	277.492	0	4.53999	0	0	0	0	0.166667	-2.3	2.3	0.185201	0.296976	0.371493	-99.99	0.390122	0.99392	1.66227	2.02079	2.36363	2.86914	3.46057	4.47389	0.119173
setup	0	2008-01-20 23:00:00	8.83452	129.939	48.5599	4.54575	258.768	0	5.6921	0	0	0	0	-3.22917	-6.2	-1.2	-3.22386	-3.1915	-3.16992	-99.99	-3.16453	-0.876637	-0.0219877	0.429702	1.06931	2.07837	3.18814	4.4281	0.110453
setup	0	2008-01-21 23:00:00	8.87026	131.54	27.8135	2.6029	288.389	0	5.21329	0	0	0	0	-3.45417	-4.4	-2.8	-3.44855	-3.41473	-3.39218	-99.99	-3.38655	-2.03612	-0.528835	-0.0877499	0.301313	1.30556	2.67536	4.3135	0.0370871
setup	0	2008-01-22 23:00:00	8.90691	133.19	48.2777	4.51788	250.748	0	5.06947	0	0	0	0	-5.49167	-9.1	-4.4	-5.48038	-5.41237	-5.36702	-99.99	-5.35569	-3.11114	-1.27114	-0.476253	-0.0437628	0.829259	2.2401	4.12055	0.10944
setup	0	2008-01-23 23:00:00	8.94443	134.889	78.4668	7.34278	187.659	0	4.0922	0	0	0	0	-10.6583	-15.4	-3.3	-10.6369	-10.5075	-10.4213	-99.99	-10.3997	-6.45555	-3.18355	-1.63407	-0.505383	0.312538	1.8364	3.89048	0.107041
setup	0	2008-01-24 23:00:00	8.98281	136.638	69.322	6.4867	224.107	0	4.11485	0	0	0	0	-4.82083	-10.7	-1.5	-4.8183	-4.80284	-4.79254	-99.99	-4.78996	-3.90546	-2.931	-2.11178	-1.13178	-0.019363	1.43736	3.6356	0.177688
setup	0	2008-01-25 23:00:00	9.02202	138.436	51.2675	4.79615	269.727	0	6.05627	0	0	0	0	-1.075	-3.3	1.6	-1.08293	-1.13046	-1.16215	-99.99	-1.17008	-1.3256	-1.1447	-0.974559	-0.72227	-0.0201736	1.20346	3.37331	0.0967659
setup	0	2008-01-26 23:00:00	9.06204	140.282	49.796	4.65672	279.796	0	7.13403	0	0	0	0	0.341667	-1	3.5	0.336625	0.306307	0.286096	-99.99	0.281043	0.0256772	-0.0136539	0.0105201	0.0841775	0.393709	1.22629	3.14822	0.0710732
setup	0	2008-01-27 23:00:00	9.10285	142.176	48.7675	4.55796	278.047	0	7.10376	0	0	0	0	-0.5	-1.7	2.5	-0.493463	-0.454395	-0.428349	-99.99	-0.421837	0.254224	0.346805	0.443974	0.55642	0.810714	1.40696	3.00333	0.0662384
setup	0	2008-01-28 23:00:00	9.14442	144.119	60.5565	5.65688	255.099	0	8.25044	0	0	0	0	-2.12083	-5.2	1.1	-2.10515	-2.01142	-1.94894	-99.99	-1.93332	-0.0624535	0.101299	0.260109	0.474193	0.867993	1.51619	2.93159	0.127989
setup	0	2008-01-29 23:00:00	9.18674	146.109	78.896	7.36715	208.921	0	5.4758	0	0	0	0	-7.375	-11.5	-1.1	-7.32856	-7.05076	-6.86556	-99.99	-6.81925	-1.29713	-0.295831	-0.0764185	0.115574	0.682142	1.48271	2.88774	0.124919
setup	0	2008-01-30 23:00:00	9.22978	148.146	64.6991	6.04111	226.104	0	4.57197	0	0	0	0	-8.09167	-11.6	-4.8	-8.05622	-7.84419	-7.70284	-99.99	-7.6675	-3.45876	-1.26887	-0.533128	-0.118465	0.374021	1.32416	2.83342	0.0936994
setup	0	2008-01-31 23:00:00	9.27352	150.23	67.5256	6.30461	223.183	0	4.2943	0	0	0	0	-8.19167	-11.9	-4.7	-8.16315	-7.99291	-7.87942	-99.99	-7.85104	-4.59742	-2.51315	-1.38451	-0.525054	0.0927707	1.12523	2.75127	0.096541
setup	0	2008-02-01 23:00:00	9.31793	152.36	77.007	7.18931	208.982	0	4.14618	0	0	0	0	-8.97917	-13.4	-4.3	-8.95074	-8.7814	-8.66851	-99.99	-8.64028	-5.50188	-3.466	-2.32408	-1.17087	-0.0638561	0.919275	2.64451	0.10712
setup	0	2008-02-02 23:00:00	9.363	154.536	92.6542	8.64939	188.854	0	4.01293	0	0	0	0	-9.49583	-14.2	-1.4	-9.46878	-9.30837	-9.20142	-99.99	-9.17469	-6.17978	-4.20931	-3.07743	-1.91776	-0.297928	0.716417	2.51996	0.120451
setup	0	2008-02-03 23:00:00	9.40871	156.757	105.102	9.81014	192.489	0	8.27349	0	0	0	0	-4.12083	-12.2	3.8	-4.12148	-4.12795	-4.13226	-99.99	-4.13333	-3.35894	-2.90759	-2.35417	-1.67231	-0.501027	0.54161	2.38413	0.257359
setup	0	2008-02-04 23:00:00	9.45503	159.023	98.6814	9.20664	219.904	0	10.5563	0	0	0	0	-0.795833	-6.7	7	-0.794668	-0.790005	-0.786897	-99.99	-0.78612	0.692983	0.0425691	-0.0582071	-0.117216	-0.0358204	0.580977	2.25732	0.254532
setup	0	2008-02-05 23:00:00	9.50195	161.333	111.546	10.3978	211.821	0	7.18777	0	0	0	0	0.35	-5.4	11.6	0.357574	0.400001	0.428285	-99.99	0.435356	2.02872	1.56041	1.22684	0.944997	0.722425	0.894751	2.1907	0.29806
setup	0	2008-02-06 23:00:00	9.54943	163.687	112.864	10.5008	222.279	0	4.27654	0	0	0	0	2.17917	-3.1	13.8	2.65181	2.22197	2.29401	-99.99	2.30602	2.8455	2.14802	1.89969	1.69697	1.4292	1.34893	2.21753	0.313257
setup	0	2008-02-07 23:00:00	9.59748	166.084	124.915	11.6023	200.605	0	5.11158	0	0	0	0	0.795833	-5.8	14.3	0.823696	0.987203	1.15071	-99.99	1.17796	2.55429	2.14904	2.03704	1.9645	1.82431	1.73163	2.32581	0.356541
setup	0	2008-02-08 23:00:00	9.64605	168.523	111.687	10.3599	219.103	0	5.31862	0	0	0	0	0.704167	-5.1	10.5	0.725839	0.853077	0.980314	-99.99	1.00152	2.06928	1.83371	1.86095	1.89891	1.92887	1.96118	2.46893	0.293527
setup	0	2008-02-09 23:00:00	9.69514	171.004	105.058	9.73306	223.456	0	5.20472	0	0	0	0	-0.466667	-5.9	7.5	-0.43827	-0.270193	-0.102116	-99.99	-0.0741032	1.30944	1.29959	1.43495	1.59371	1.81441	2.04163	2.60457	0.251249
setup	0	2008-02-10 23:00:00	9.74473	173.527	120.807	11.1779	211.926	0	5.11912	0	0	0	0	0.754167	-5.6	11.6	0.775674	0.901965	1.02826	-99.99	1.04931	2.18636	1.76255	1.64902	1.63736	1.71807	2.00536	2.70473	0.321678
setup	0	2008-02-11 23:00:00	9.79479	176.089	114.124	10.5412	241.545	0	6.51169	0	0	0	0	4.98333	-2.2	12.7	4.96886	4.87987	4.79088	-99.99	4.77605	4.19563	3.34382	2.97758	2.65869	2.28549	2.17835	2.77399	0.401471
setup	0	2008-02-12 23:00:00	9.84532	178.692	110.258	10.1629	251.138	0	7.66339	0	0	0	0	5.19167	-0.7	12.8	5.18425	5.13809	5.09194	-99.99	5.08425	4.75691	4.26803	3.98213	3.67497	3.1568	2.66085	2.88044	0.345902
setup	0	2008-02-13 23:00:00	9.89628	181.333	98.6958	9.07678	254.282	0	6.93715	0	0	0	0	2.5625	-1.2	9.3	2.57257	2.63201	2.69144	-99.99	2.70135	3.02933	3.31183	3.40534	3.44368	3.35965	3.06347	3.06068	0.213041
setup	0	2008-02-14 23:00:00	9.94767	184.013	112.318	10.308	239.471	0	7.38249	0	0	0	0	2.4875	-2.6	10.6	2.49581	2.54487	2.59394	-99.99	2.60211	2.93205	2.87006	2.90849	2.95162	3.02738	3.09025	3.24834	0.277745
setup	0	2008-02-15 23:00:00	9.99947	186.729	87.6316	8.02534	255.98	0	7.05309	0	0	0	0	0.166667	-3.9	3.9	0.186558	0.305758	0.424957	-99.99	0.444824	1.24728	1.77827	2.10434	2.40078	2.78072	3.05442	3.376	0.188306
setup	0	2008-02-16 23:00:00	10.0517	189.483	71.2101	6.50889	278.592	0	5.19511	0	0	0	0	0.8875	-1	4	0.893501	0.929628	0.965755	-99.99	0.971776	1.21102	1.4822	1.67846	1.9011	2.30881	2.83215	3.44459	0.0975981
setup	0	2008-02-17 23:00:00	10.1042	192.272	62.1711	5.67212	289.345	0	5.31106	0	0	0	0	1.13333	-0.4	3.3	1.13668	1.15703	1.17737	-99.99	1.18076	1.31965	1.54646	1.69156	1.85822	2.18133	2.67674	3.44597	0.076888
setup	0	2008-02-18 23:00:00	10.1571	195.096	62.2379	5.66491	291.545	0	5.46053	0	0	0	0	1.41667	0	3.6	0.424402	1.42925	1.44085	-99.99	1.44278	1.52559	1.67271	1.77325	1.8955	2.15386	2.60336	3.41907	0.0696978
setup	0	2008-02-19 23:00:00	10.2104	197.953	76.6374	6.95961	283.605	0	6.13293	0	0	0	0	2.34167	0.3	5.6	2.33953	2.32327	2.31108	-99.99	2.30905	2.22287	2.14451	2.13037	2.14472	2.25608	2.59462	3.38784	0.107158
setup	0	2008-02-20 23:00:00	10.264	200.844	56.5277	5.12383	289.015	0	11.8899	0	0	0	0	-0.545833	-1.9	0.9	-0.541242	-0.504003	-0.476073	-99.99	-0.471418	0.330528	0.994627	1.35913	1.69768	2.16817	2.63384	3.36848	0.0644913
setup	0	2008-02-21 23:00:00	10.3179	203.767	53.1061	4.87293	284.12	0	8.28077	0	0	0	0	-2.46667	-3.6	-1.2	-2.45102	-2.32535	-2.23111	-0.859533	-2.2154	-0.164337	0.255554	0.596039	0.96225	1.5979	2.39186	3.34373	0.0518017
setup	0	2008-02-22 23:00:00	10.3721	206.721	49.191	4.5135	279.508	0	6.37812	0	0	0	0	-4.45	-5.6	-3.6	-4.41503	-4.13482	-3.92467	-1.37112	-3.88965	-0.374822	0.0283687	0.308926	0.637131	1.24602	2.11042	3.26453	0.0501768
setup	0	2008-02-23 23:00:00	10.4266	209.705	91.3509	8.38626	239.188	0	5.92279	0	0	0	0	-5.20833	-8	-1.3	-5.17018	-4.8636	-4.63365	-1.72301	-4.59533	-0.69688	-0.0939141	0.0810708	0.397699	0.995162	1.87854	3.14816	0.103184
setup	0	2008-02-24 23:00:00	10.4814	212.718	145.443	13.3548	194.354	0	16.5877	0	0	0	0	-2.95833	-11.7	4.8	-2.94285	-2.8156	-2.72016	-0.651117	-2.70425	-0.440431	-0.0491061	0.105774	0.309691	0.824452	1.68241	3.01615	0.295124
setup	0	2008-02-25 23:00:00	10.5364	215.76	64.9785	5.96025	289.377	0	14.355	0	0	0	0	0.266667	-1	2.2	0.260998	0.216279	0.18274	0.535349	0.17715	0.279259	0.375094	0.48209	0.622219	0.949664	1.60533	2.88378	0.060479
setup	0	2008-02-26 23:00:00	10.5917	218.828	139.339	12.7538	220.503	0	24.5349	0	0	0	0	0.116667	-6.5	7.8	0.120823	0.156688	0.183586	-99.99	0.188069	0.912347	0.785465	0.808248	0.870662	1.09115	1.62359	2.77871	0.289721
setup	0	2008-02-27 23:00:00	10.6472	221.923	91.5496	8.26391	276.648	0	19.5931	0	0	0	0	1.79167	-0.1	5.9	1.78663	1.74735	1.71788	-99.99	1.71297	1.43999	1.37191	1.35156	1.34862	1.41423	1.72818	2.70949	0.102856
setup	0	2008-02-28 23:00:00	10.7029	225.042	52.2511	4.70878	305.18	0	16.9183	0	0	0	0	1.03333	0.1	2	1.03371	1.03704	1.03953	-99.99	1.03995	1.19237	1.37783	1.46413	1.54171	1.65922	1.89194	2.68482	0.0438677
setup	0	2008-02-29 23:00:00	10.7589	228.185	81.5501	7.34057	273.801	0	15.5897	0	0	0	0	-0.795833	-3.1	1.4	-0.794005	-0.77883	-0.767449	-99.99	-0.765552	0.235592	0.478746	0.739633	1.00025	1.41119	1.90156	2.69233	0.103023
setup	0	2008-03-01 23:00:00	10.815	231.351	112.309	10.097	249.712	0	20.2263	0	0	0	0	-0.633333	-4.4	3.9	-0.632862	-0.628298	-0.624876	-99.99	-0.624305	0.630034	0.625029	0.661271	0.81611	1.15903	1.7452	2.68155	0.166739
setup	0	2008-03-02 23:00:00	10.8714	234.539	126.856	11.3915	229.26	0	12.0816	0	0	0	0	-2.475	-7.6	2.7	-1.88588	-2.39694	-2.33105	-99.99	-2.32281	0.0013033	0.271579	0.369362	0.565629	1.0217	1.64966	2.63981	0.197751
setup	0	2008-03-03 23:00:00	10.9279	237.748	110.477	9.90229	247.396	0	7.75262	0	0	0	0	-1.9875	-5.7	1.9	-2.39939	-1.7797	-1.58705	-99.99	-1.56297	-0.00518136	0.176354	0.273886	0.483214	0.900477	1.53529	2.58514	0.155028
setup	0	2008-03-04 23:00:00	10.9845	240.975	147.598	13.2102	221.524	0	9.08223	0	0	0	0	-0.941667	-6.8	6.4	-0.920102	-0.747417	-0.574731	-99.99	-0.553145	0.919014	0.807559	0.719188	0.72914	0.925477	1.45338	2.52096	0.253309
setup	0	2008-03-05 23:00:00	11.0414	244.221	112.773	10.0769	252.882	0	9.92699	0	0	0	0	-0.883333	-4.8	2.7	-0.866868	-0.735256	-0.603645	-99.99	-0.587193	0.45708	0.519027	0.639147	0.806683	1.09157	1.52182	2.46535	0.171936
setup	0	2008-03-06 23:00:00	11.0983	247.484	135.24	12.0706	237.786	0	9.87227	0	0	0	0	-0.516667	-5.2	5.3	-0.499648	-0.363942	-0.228235	-99.99	-0.211272	0.889148	0.784647	0.769475	0.849185	1.06141	1.50775	2.43377	0.211143
setup	0	2008-03-07 23:00:00	11.1555	250.763	182.901	16.2978	208.92	0	12.8969	0	0	0	0	2.12083	-6.3	12.4	2.12906	2.19365	2.25824	-99.99	2.26631	2.93189	2.14142	1.79252	1.56734	1.38513	1.56701	2.40715	0.414074
setup	0	2008-03-08 23:00:00	11.2127	254.057	168.186	14.9423	240.668	0	14.7774	0	0	0	0	4.99167	-1.6	13.8	4.98191	4.90246	4.823	-99.99	4.81307	4.30275	3.49966	3.12494	2.76856	2.26873	1.94936	2.41644	0.384355
setup	0	2008-03-09 23:00:00	11.27	257.365	167.613	14.8331	245.37	0	17.6968	0	0	0	0	5.4	-1	13.9	2.43869	5.3385	5.2859	-99.99	5.27932	4.90099	4.3391	4.0127	3.6642	3.07669	2.47654	2.51516	0.36809
setup	0	2008-03-10 23:00:00	11.3275	260.684	157.994	13.9206	243.635	0	18.3959	0	0	0	0	3.25	-2.5	10.4	3.25512	3.30425	3.34355	-99.99	3.34846	3.55913	3.64352	3.63906	3.58195	3.35404	2.90236	2.69354	0.30911
setup	0	2008-03-11 23:00:00	11.3851	264.015	199.269	17.486	227.133	0	20.7152	0	0	0	0	6.95	-2.5	17.5	6.93864	6.82137	6.72755	-99.99	6.71582	6.01475	5.01659	4.53586	4.09459	3.51412	3.06134	2.88788	0.58652
setup	0	2008-03-12 23:00:00	11.4427	267.356	136.136	11.8831	302.897	0	21.9294	0	0	0	0	10.1958	6.5	15.6	3.34107	10.0262	9.84447	-99.99	9.8263	8.80365	7.50666	6.81017	6.0922	4.91179	3.66721	3.07556	0.279275
setup	0	2008-03-13 23:00:00	11.5004	270.706	166.039	14.3991	271.948	0	29.2979	0	0	0	0	8.99167	2.2	15.4	8.98625	8.92935	8.87244	-99.99	8.86675	8.46436	7.76038	7.29907	6.76926	5.7711	4.43668	3.3605	0.47096
setup	0	2008-03-14 23:00:00	11.5582	274.063	201.704	17.3761	243.212	0	29.0759	0	0	0	0	8.69583	0.1	19.1	1.47947	8.64376	8.58786	-99.99	8.58227	8.22178	7.62065	7.24334	6.82126	6.03895	4.92396	3.71316	0.567701
setup	0	2008-03-15 23:00:00	11.6161	277.427	138.184	11.8134	284.451	0	27.9087	0	0	0	0	6.65833	2.7	11.4	6.60556	6.67328	6.68628	-99.99	6.68758	6.77061	6.82142	6.77847	6.65652	6.22448	5.28605	4.0549	0.256396
setup	0	2008-03-16 23:00:00	11.674	280.795	88.7225	7.54852	310.653	0	23.66	0	0	0	0	5.20417	3.5	7	5.20722	5.24302	5.27286	-99.99	5.27584	5.48152	5.7319	5.82771	5.87892	5.8053	5.33968	4.3565	0.104562
setup	0	2008-03-17 23:00:00	11.7319	284.168	123.315	10.4466	295.309	0	23.2129	0	0	0	0	6.25	3.8	10.4	0.279281	6.22418	6.19237	-99.99	6.18972	6.01688	5.79586	5.68821	5.5892	5.44335	5.19609	4.56594	0.156324
setup	0	2008-03-18 23:00:00	11.7899	287.543	89.572	7.55009	297.726	0	22.3991	0	0	0	0	2.43333	0.5	3.9	2.41941	2.55147	2.66268	-99.99	2.67195	3.33181	4.12609	4.48969	4.79726	5.11676	5.1262	4.69298	0.102483
setup	0	2008-03-19 23:00:00	11.848	290.92	157.754	13.2533	248.91	0	18.9221	0	0	0	0	1.45417	-2.8	7.5	1.46339	1.57253	1.68167	-99.99	1.69077	2.31521	2.83254	3.16235	3.51216	4.10355	4.69115	4.75327	0.218959
setup	0	2008-03-20 23:00:00	11.906	294.297	177.925	14.8901	233.603	0	21.8446	0	0	0	0	1.32083	-4.9	7.9	1.33023	1.44172	1.55321	-99.99	1.5625	2.30087	2.50929	2.76141	3.04398	3.56839	4.24086	4.69795	0.295432
setup	0	2008-03-21 23:00:00	11.9641	297.674	201.863	16.8062	228.921	0	24.1902	0	0	0	0	3.64167	-3.8	12.3	1.76377	3.65463	3.6671	-99.99	3.66814	3.77417	3.40809	3.35131	3.34989	3.50509	3.9657	4.5734	0.389655
setup	0	2008-03-22 23:00:00	12.0221	301.048	212.869	17.5932	233.192	0	30.3519	0	0	0	0	5.77917	-2.4	15.1	5.77491	5.71587	5.66526	-99.99	5.66105	5.28856	4.75054	4.50124	4.28223	4.03844	4.03292	4.44971	0.483039
setup	0	2008-03-23 23:00:00	12.0802	304.419	227.249	18.6139	231.444	0	36.4197	0	0	0	0	7.24583	-1.9	17.6	4.56168	7.16964	7.09811	-99.99	7.093	6.62483	5.96604	5.61407	5.26663	4.75494	4.34815	4.3962	0.573801
setup	0	2008-03-24 23:00:00	12.1383	307.786	232.719	18.8657	237.501	0	41.2033	0	0	0	0	8.72083	-0.7	19.3	2.56258	8.62189	8.52712	-99.99	8.52035	7.94389	7.14686	6.70759	6.25718	5.53455	4.79288	4.43513	0.626276
setup	0	2008-03-25 23:00:00	12.1963	311.147	194.736	15.6121	268.957	0	43.0259	0	0	0	0	9.07083	1.6	15.3	9.06593	8.98841	8.92058	-99.99	8.91573	8.47747	7.86305	7.49666	7.08634	6.32113	5.33	4.5627	0.510153
setup	0	2008-03-26 23:00:00	12.2543	314.501	144.681	11.4856	293.494	0	40.4704	0	0	0	0	6.71667	4.3	11.7	8.91656	6.73603	6.76234	-99.99	6.76398	6.88826	6.97902	6.95943	6.86843	6.51557	5.73723	4.7629	0.187538
setup	0	2008-03-27 23:00:00	12.3123	317.847	142.231	11.2112	293.109	0	35.2384	0	0	0	0	6.39167	3.3	10.3	0.0928227	6.3962	6.39794	-99.99	6.39804	6.40994	6.39613	6.37211	6.32634	6.17608	5.77639	4.96753	0.19382
setup	0	2008-03-28 23:00:00	12.3702	321.184	215.269	16.8264	250.572	0	37.2151	0	0	0	0	7.1375	0.1	15.8	7.13551	7.10483	7.07755	-99.99	7.07584	6.87631	6.55604	6.38197	6.21604	5.98225	5.69816	5.10963	0.454882
setup	0	2008-03-29 23:00:00	12.4281	324.511	224.345	17.342	247.024	0	46.6905	0	0	0	0	7.64583	-0.5	16.2	4.75046	7.60233	7.56543	-99.99	7.56338	7.32279	6.97608	6.77864	6.57082	6.21784	5.77267	5.2017	0.521371
setup	0	2008-03-30 23:00:00	12.4859	327.827	210.476	16.0599	271.625	0	54.0872	0	0	0	0	10.0208	2.6	17	4.92941	9.90183	9.79578	-99.99	9.78989	9.14644	8.31838	7.88252	7.44548	6.75363	6.00021	5.29463	0.53394
setup	0	2008-03-31 23:00:00	12.5436	331.13	194.903	14.6499	294.302	0	60.4147	0	0	0	0	11.6875	5.7	17.8	6.33743	11.5634	11.443	-99.99	11.437	10.723	9.74015	9.18871	8.60901	7.6268	6.46829	5.42791	0.486404
setup	0	2008-04-01 23:00:00	12.6013	334.419	252.46	18.666	259.214	0	66.3777	0	0	0	0	12.4083	2.6	22.5	1.97231	12.3065	12.2046	-99.99	12.2	11.5643	10.5746	9.99035	9.36816	8.30688	6.99589	5.63369	0.792812
setup	0	2008-04-02 23:00:00	12.6589	337.694	258.144	18.7552	263.603	0	71.3529	0	0	0	0	13.5042	3.4	23.8	4.62545	13.3809	13.2642	-99.99	13.2589	12.5421	11.498	10.8885	10.2308	9.06747	7.55147	5.89483	0.875383
setup	0	2008-04-03 23:00:00	12.7163	340.953	149.383	10.6972	300.51	0	60.2453	0	0	0	0	7.57917	3.9	10.6	0.869516	7.68707	7.79678	-99.99	7.80135	8.41318	9.08394	9.31539	9.40997	9.14376	8.03508	6.2013	0.248716
setup	0	2008-04-04 23:00:00	12.7737	344.195	193.249	13.7088	284.544	0	55.031	0	0	0	0	8.8125	4.2	15.2	4.76435	8.79052	8.76845	-99.99	8.76753	8.63813	8.47604	8.39929	8.32808	8.19714	7.79831	6.47952	0.338715
setup	0	2008-04-05 23:00:00	12.831	347.42	208.786	14.6783	294.231	0	63.5086	0	0	0	0	11.6167	6.8	19.4	7.62352	11.5045	11.3908	-99.99	11.3864	10.7381	9.89982	9.46934	9.05095	8.41982	7.7142	6.62544	0.42701
setup	0	2008-04-06 23:00:00	12.8881	350.625	276.554	19.2241	271.574	0	85.5986	0	0	0	0	16.0083	4.5	26.2	7.63776	15.798	15.5838	-99.99	15.5762	14.3249	12.6071	11.6923	10.7895	9.42847	8.06481	6.7428	1.10593
setup	0	2008-04-07 23:00:00	12.9451	353.811	218.498	15.0423	304.097	0	84.2966	0	0	0	0	14.6042	6.9	20.2	4.974	14.5242	14.4379	-99.99	14.435	13.9359	13.1437	12.6199	11.9933	10.7246	8.88688	6.94232	0.696645
setup	0	2008-04-08 23:00:00	13.002	356.976	236.472	16.0932	277.901	0	93.315	0	0	0	0	11.8583	3.9	19.2	6.41659	11.8732	11.8863	-99.99	11.8867	11.9224	11.7898	11.6177	11.3547	10.6781	9.34667	7.25344	0.643504
setup	0	2008-04-09 23:00:00	13.0587	360.119	242.444	16.3276	264.266	0	86.9712	0	0	0	0	9.92083	2	17.8	4.10342	9.95693	9.99275	-99.99	9.99387	10.1804	10.3381	10.3647	10.3348	10.1039	9.33943	7.54271	0.572839
setup	0	2008-04-10 23:00:00	13.1152	363.239	266.068	17.7465	255.732	0	82.2556	0	0	0	0	10.9875	1.5	20.2	6.21884	10.9502	10.9103	-99.99	10.9091	10.6804	10.3615	10.1869	10.007	9.6902	9.1309	7.72938	0.718823
setup	0	2008-04-11 23:00:00	13.1716	366.335	207.687	13.7507	266.549	0	75.8555	0	0	0	0	5.925	0.7	11.9	3.90032	6.061	6.19034	-99.99	6.19415	6.94846	7.92303	8.39158	8.78686	9.16221	8.99653	7.82898	0.321781
setup	0	2008-04-12 23:00:00	13.2278	369.406	153.3	10.092	283.618	0	54.5811	0	0	0	0	3.33333	0.7	6.7	1.90348	3.47535	3.61786	-99.99	3.62182	4.46051	5.62319	6.24582	6.85993	7.75007	8.37375	7.84894	0.147994
setup	0	2008-04-13 23:00:00	13.2838	372.452	164.561	10.7903	280.993	0	48.3391	0	0	0	0	3.82917	0.8	7.6	1.58951	3.89576	3.95775	-99.99	3.95947	4.35393	4.98331	5.3777	5.82181	6.63057	7.56351	7.71651	0.168106
setup	0	2008-04-14 23:00:00	13.3396	375.471	210.054	13.7053	257.59	0	54.1656	0	0	0	0	4.30417	-2	8.9	1.85483	4.34664	4.38682	-99.99	4.38787	4.63127	5.00648	5.25086	5.54206	6.13192	6.9709	7.46481	0.335654
setup	0	2008-04-15 23:00:00	13.3951	378.463	239.976	15.5559	245.667	0	62.6257	0	0	0	0	5.15833	-2.4	11.6	2.71917	5.17291	5.18421	-99.99	5.18451	5.25501	5.38769	5.49642	5.64558	6.0018	6.62165	7.18084	0.419001
setup	0	2008-04-16 23:00:00	13.4505	381.426	266.535	17.1444	241.247	0	71.9911	0	0	0	0	7.36667	-2.1	14.9	7.36551	7.30965	7.25658	-99.99	7.25519	6.94578	6.58344	6.42974	6.31714	6.26972	6.50315	6.92263	0.578796
setup	0	2008-04-17 23:00:00	13.5056	384.361	269.398	17.1826	254.684	0	79.304	0	0	0	0	9.79583	0.2	17.3	9.7935	9.69038	9.59241	-99.99	9.58984	9.01108	8.26975	7.89268	7.53336	7.03509	6.70464	6.73512	0.662015
setup	0	2008-04-18 23:00:00	13.5604	387.265	275.397	17.4155	261.094	0	87.5511	0	0	0	0	11.1042	1.8	19.4	11.102	11.0045	10.9118	-99.99	10.9094	10.3452	9.55474	9.11322	8.65625	7.91315	7.14244	6.66307	0.706612
setup	0	2008-04-19 23:00:00	13.615	390.139	285.237	17.9023	264.314	0	87.5289	0	0	0	0	12.6208	2.4	21	12.6182	12.5028	12.3932	-99.99	12.3903	11.7201	10.7708	10.2346	9.6732	8.73263	7.6493	6.71085	0.831041
setup	0	2008-04-20 23:00:00	13.6692	392.98	283.45	17.6818	271.735	0	83.8689	0	0	0	0	13.2708	3.6	21.7	13.2685	13.1669	13.0703	-99.99	13.0677	12.4714	11.5956	11.0786	10.5157	9.50725	8.20177	6.85536	0.828363
setup	0	2008-04-21 23:00:00	13.7232	395.79	300.111	18.6274	266.187	0	82.0289	0	0	0	0	13.8125	3.4	23.4	13.8103	13.7145	13.6235	-99.99	13.6211	13.0498	12.1842	11.6663	11.0996	10.0759	8.69532	7.07284	0.921161
setup	0	2008-04-22 23:00:00	13.7769	398.566	292.252	18.0745	278.432	0	75.7755	0	0	0	0	15.1167	4.3	23	15.1137	14.989	14.8705	-99.99	14.8674	14.1444	13.1117	12.5139	11.8696	10.7194	9.17869	7.33061	0.996276
setup	0	2008-04-23 23:00:00	13.8302	401.309	221.566	13.6603	312.548	0	76.7584	0	0	0	0	13.2333	8.3	18.9	13.2326	13.1979	13.165	-99.99	13.1641	12.9575	12.5963	12.3258	11.9697	11.1415	9.67593	7.62176	0.46008
setup	0	2008-04-24 23:00:00	13.8833	404.016	260.007	15.9732	281.732	0	73.6391	0	0	0	0	11.9042	3.9	18.3	11.9042	11.9019	11.8998	-99.99	11.8997	11.8536	11.6713	11.5112	11.2968	10.7941	9.79803	7.91798	0.647448
setup	0	2008-04-25 23:00:00	13.9359	406.689	249.652	15.3055	272.707	0	63.9165	0	0	0	0	9.125	2.1	15.2	9.12663	9.19023	9.25065	-99.99	9.25224	9.59792	9.98385	10.1372	10.2362	10.2116	9.69206	8.14158	0.496258
setup	0	2008-04-26 23:00:00	13.9882	409.325	205.958	12.5953	295.858	0	60.0001	0	0	0	0	8.78333	4.9	13.7	8.78381	8.80326	8.82174	-99.99	8.82223	8.95201	9.17582	9.29948	9.4132	9.52527	9.35978	8.26413	0.289661
setup	0	2008-04-27 23:00:00	14.0401	411.925	266.075	16.2144	267.019	0	74.1888	0	0	0	0	9.29583	1.9	16.4	9.29571	9.2928	9.29005	-99.99	9.28997	9.26099	9.19819	9.16437	9.13677	9.11225	9.02584	8.28346	0.525444
setup	0	2008-04-28 23:00:00	14.0916	414.488	254.495	15.4345	278.333	0	75.4095	0	0	0	0	9.775	3.7	16.8	9.77429	9.74911	9.7252	-99.99	9.72457	9.59165	9.44195	9.3634	9.28158	9.13653	8.90083	8.24378	0.459397
setup	0	2008-04-29 23:00:00	14.1426	417.012	276.731	16.6913	269.228	0	89.7063	0	0	0	0	10.5292	2.3	17.6	10.5281	10.4904	10.4545	-99.99	10.4535	10.2316	9.91312	9.73446	9.55028	9.25132	8.88323	8.20324	0.613379
setup	0	2008-04-30 23:00:00	14.1933	419.498	229.53	13.7942	288.087	0	76.2924	0	0	0	0	9.05417	4.1	14.5	9.05455	9.07399	9.09245	-99.99	9.09294	9.20593	9.33862	9.38206	9.39232	9.29868	8.95138	8.18276	0.363536
setup	0	2008-05-01 23:00:00	14.2434	421.945	287.27	17.1916	265.192	0	75.7511	0	0	0	0	10.3125	2.3	18.4	10.3113	10.2715	10.2337	-99.99	10.2327	9.99904	9.67818	9.50614	9.34002	9.10475	8.83812	8.17472	0.601336
setup	0	2008-05-02 23:00:00	14.2931	424.351	159.395	9.48447	307.88	0	68.173	0	0	0	0	6.675	4.3	9.2	6.67706	6.76154	6.8418	-99.99	6.84392	7.34343	8.0357	8.37429	8.66447	8.94231	8.84068	8.1543	0.160425
setup	0	2008-05-03 23:00:00	14.3423	426.718	230.134	13.6259	274.487	0	75.5206	0	0	0	0	6.32083	1.5	11.6	6.32208	6.37693	6.42904	-99.99	6.43041	6.73319	7.13001	7.35424	7.5958	8.0113	8.40235	8.11723	0.302385
setup	0	2008-05-04 23:00:00	14.391	429.043	302.853	17.8493	242.749	0	77.5211	0	0	0	0	7.76667	-1.5	15.8	7.7662	7.75574	7.7458	-99.99	7.74554	7.67788	7.59226	7.57211	7.58595	7.71384	8.01055	7.99516	0.588239
setup	0	2008-05-05 23:00:00	14.4392	431.327	332.257	19.5089	250.389	0	78.4338	0	0	0	0	12.2042	0.5	21.1	12.2003	12.0536	11.9142	-99.99	11.9105	11.0867	10.0413	9.52173	9.03994	8.40826	8.02114	7.84739	0.904529
setup	0	2008-05-06 23:00:00	14.4868	433.569	319.079	18.6929	272.997	0	77.4449	0	0	0	0	14.0833	3.9	22.7	14.0797	13.9441	13.8153	-99.99	13.812	13.0357	11.9649	11.366	10.74	9.69986	8.57963	7.78608	0.903698
setup	0	2008-05-07 23:00:00	14.5339	435.768	309.429	18.0985	281.537	0	78.8931	0	0	0	0	14.4042	4.8	22.3	14.4015	14.303	14.2094	-99.99	14.207	13.6275	12.7639	12.244	11.668	10.6141	9.23822	7.8781	0.873826
setup	0	2008-05-08 23:00:00	14.5804	437.924	312.751	18.2877	275.409	0	73.141	0	0	0	0	13.4958	4.1	21.8	13.4945	13.4466	13.4011	-99.99	13.3999	13.1	12.5831	12.2371	11.8262	10.997	9.7229	8.07678	0.824282
setup	0	2008-05-09 23:00:00	14.6262	440.037	343.137	20.0959	267.848	0	62.9078	0	0	0	0	15.0958	3.7	24.8	15.093	14.9874	14.8872	-99.99	14.8845	14.2623	13.3532	12.8279	12.2686	11.2957	10.013	8.30526	1.06435
setup	0	2008-05-10 23:00:00	14.6714	442.106	299.286	17.5889	293.944	0	50.0719	0	0	0	0	14.9917	6.3	22.2	14.9895	14.9088	14.832	-99.99	14.83	14.364	13.6832	13.2655	12.7875	11.8485	10.4302	8.53644	0.828856
setup	0	2008-05-11 23:00:00	14.716	444.13	267.658	15.7387	310.769	0	63.6404	0	0	0	0	14.2458	9.2	21.8	14.2445	14.1959	14.1496	-99.99	14.1484	13.8623	13.4142	13.1163	12.7581	12.0048	10.7374	8.78928	0.521729
setup	0	2008-05-12 23:00:00	14.7599	446.109	248.921	14.597	314.238	0	86.4545	0	0	0	0	13.675	8.6	19.4	13.6741	13.6391	13.6058	-99.99	13.6049	13.3957	13.0562	12.8263	12.5461	11.945	10.8793	9.02792	0.483816
setup	0	2008-05-13 23:00:00	14.8031	448.043	260.222	15.1441	305.635	0	103.749	0	0	0	0	12.7958	8.1	19.8	12.7953	12.7743	12.7543	-99.99	12.7538	12.6198	12.3915	12.2451	12.0731	11.6885	10.8889	9.22399	0.449197
setup	0	2008-05-14 23:00:00	14.8456	449.931	165.633	9.53813	308.98	0	65.1634	0	0	0	0	6.47917	5.1	9.8	6.48394	6.67567	6.85781	-99.99	6.86261	7.93576	9.25907	9.87028	10.3851	10.8869	10.7226	9.36185	0.117173
setup	0	2008-05-15 23:00:00	14.8874	451.772	191.025	10.9247	303.074	0	77.4999	0	0	0	0	7.32917	4.6	10.8	7.33038	7.37952	7.4262	-99.99	7.42743	7.72814	8.21879	8.52852	8.87428	9.47229	9.98948	9.39181	0.191177
setup	0	2008-05-16 23:00:00	14.9283	453.567	257.779	14.6056	292.98	0	99.5387	0	0	0	0	10.7458	5	16.2	10.7439	10.6674	10.5948	-99.99	10.5929	10.1705	9.68538	9.48737	9.34895	9.29775	9.47974	9.26418	0.44731
setup	0	2008-05-17 23:00:00	14.9686	455.315	330.792	18.5239	272.937	0	134.22	0	0	0	0	13.925	3.4	21.7	13.9217	13.7898	13.6644	-99.99	13.6611	12.895	11.8497	11.3056	10.7873	10.0774	9.54778	9.10749	0.908063
setup	0	2008-05-18 23:00:00	15.008	457.016	333.852	18.4845	288.915	0	150.702	0	0	0	0	16.3583	6	24.5	16.3542	16.1896	16.0331	-99.99	16.029	15.0871	13.8166	13.1263	12.4207	11.2859	10.0743	9.05032	1.0323
setup	0	2008-05-19 23:00:00	15.0465	458.669	273.217	14.9567	314.548	0	138.833	0	0	0	0	14.4667	9.9	22.2	14.4656	14.4237	14.3839	-99.99	14.3828	14.1312	13.6996	13.3854	12.9856	12.1142	10.7391	9.14186	0.493099
setup	0	2008-05-20 23:00:00	15.0843	460.274	268.554	14.5147	323.064	0	146.625	0	0	0	0	15.7917	10.2	22	15.7892	15.6882	15.5923	-99.99	15.5898	15.011	14.2027	13.7406	13.2438	12.3515	11.0865	9.33136	0.589869
setup	0	2008-05-21 23:00:00	15.1211	461.83	292.471	15.62	301.658	0	143.926	0	0	0	0	13.9042	8.1	22	13.9041	13.8999	13.8958	-99.99	13.8957	13.8336	13.6034	13.3989	13.1251	12.4977	11.3663	9.53539	0.580717
setup	0	2008-05-22 23:00:00	15.1571	463.338	268.063	14.1488	323.604	0	145.168	0	0	0	0	15.6833	10.3	21.9	15.6809	15.5799	15.4839	-99.99	15.4814	14.9174	14.178	13.7732	13.3471	12.5917	11.4929	9.72926	0.568616
setup	0	2008-05-23 23:00:00	15.1921	464.796	329.355	17.19	306.054	0	160.528	0	0	0	0	17.8125	8.4	25.8	17.8092	17.6748	17.5471	-99.99	17.5437	16.7503	15.599	14.9482	14.272	13.1492	11.7587	9.90394	1.03979
setup	0	2008-05-24 23:00:00	15.2262	466.206	263.865	13.6389	325.302	0	149.963	0	0	0	0	15.6667	10.2	21.3	15.666	15.638	15.6113	-99.99	15.6106	15.4372	15.1056	14.8441	14.4934	13.6732	12.2238	10.1064	0.575984
setup	0	2008-05-25 23:00:00	15.2594	467.565	327.511	16.7484	306.864	0	164.93	0	0	0	0	17.0917	9.2	26.2	17.0893	16.9913	16.8983	-99.99	16.8958	16.3145	15.487	15.0156	14.5134	13.6379	12.3859	10.3387	0.887324
setup	0	2008-05-26 23:00:00	15.2915	468.874	212.256	10.7651	314.504	0	100.214	0	0	0	0	10.4708	6.8	13.9	10.4746	10.6243	10.7665	-99.99	10.7702	11.6077	12.5993	13.0052	13.2858	13.3357	12.5376	10.5441	0.30508
setup	0	2008-05-27 23:00:00	15.3227	470.134	258.824	13.034	292.208	0	111.408	0	0	0	0	9.58333	5.5	16	9.58542	9.66573	9.74202	-99.99	9.74402	10.196	10.8001	11.12	11.4352	11.8736	11.9766	10.6854	0.336464
setup	0	2008-05-28 23:00:00	15.3528	471.342	350.906	17.5301	268.903	0	136.825	0	0	0	0	13.825	3.3	22.5	13.8226	13.7219	13.6261	-99.99	13.6236	13.0521	12.3422	12.0204	11.7588	11.5158	11.4283	10.6575	0.917432
setup	0	2008-05-29 23:00:00	15.3818	472.5	356.33	17.6606	294.6	0	152.811	0	0	0	0	18.075	7	26.7	18.0703	17.8746	17.6888	-99.99	17.6839	16.5809	15.1467	14.4028	13.6771	12.6021	11.5923	10.5666	1.20311
setup	0	2008-05-30 23:00:00	15.4098	473.607	250.631	12.3277	339.599	0	137.347	0	0	0	0	16.4375	12.5	22.2	16.436	16.3707	16.3087	-99.99	16.3071	15.9391	15.3963	15.0386	14.5986	13.6658	12.2419	10.5861	0.458361
setup	0	2008-05-31 23:00:00	15.4367	474.663	153.031	7.46764	342.433	0	78.858	0	0	0	0	11.4	9.4	13	11.4028	11.5148	11.6211	-99.99	11.6239	12.2388	12.9273	13.1926	13.3534	13.2853	12.5011	10.7316	0.182078
setup	0	2008-06-01 23:00:00	15.4625	475.667	187.825	9.10907	339.468	0	96.6992	0	0	0	0	12.8	10.8	16.2	12.7996	12.78	12.7614	-99.99	12.7609	12.6573	12.5526	12.5141	12.4852	12.4314	12.1517	10.848	0.199343
setup	0	2008-06-02 23:00:00	15.4872	476.619	242.973	11.6827	340.646	0	137.224	0	0	0	0	16.2292	12.1	21.1	16.2261	16.0983	15.9769	-99.99	15.9737	15.2478	14.2973	13.8129	13.351	12.6867	12.0095	10.8597	0.451408
setup	0	2008-06-03 23:00:00	15.5107	477.52	316.366	15.0564	319.969	0	172.215	0	0	0	0	17.7667	10.5	25.7	17.7639	17.6465	17.5349	-99.99	17.532	16.8284	15.7759	15.1729	14.5446	13.5118	12.3165	10.8733	0.841823
setup	0	2008-06-04 23:00:00	15.5331	478.369	297.579	14.0403	332.737	0	178.766	0	0	0	0	18.4125	11.7	25.1	18.4098	18.2975	18.1908	-99.99	18.188	17.5348	16.588	16.0312	15.4228	14.3181	12.824	10.9723	0.801235
setup	0	2008-06-05 23:00:00	15.5542	479.165	285.584	13.3945	323.11	0	161.401	0	0	0	0	16.1292	10.4	22.7	16.129	16.1195	16.1105	-99.99	16.1103	16.0254	15.7753	15.5554	15.2536	14.5372	13.2254	11.1544	0.628588
setup	0	2008-06-06 23:00:00	15.5742	479.909	312.696	14.6207	305.481	0	140.454	0	0	0	0	15.9625	7.4	22.1	15.9618	15.9303	15.9003	-99.99	15.8995	15.6986	15.3484	15.1167	14.8439	14.2842	13.2863	11.3506	0.858838
