source	id	datetime	dC_ch4_emis[kgCha-1]	dC_co2_emis_auto[kgCha-1]	dC_co2_emis_hetero[kgCha-1]	dC_doc_leach[kgCha-1]	dN_don_leach[kgNha-1]	dN_no3_leach[kgNha-1]	dN_nh4_leach[kgNha-1]	dN_no_emis[kgNha-1]	dN_n2o_emis[kgNha-1]	dN_n2_emis[kgNha-1]	dN_nh3_emis[kgNha-1]	dN_n2_fix[kgNha-1]	dC_co2_fix[kgCha-1]	dS_so4_leach[kgSha-1]	dC_litter_above[kgCha-1]	dC_litter_below[kgCha-1]	dN_litter_above[kgNha-1]	dN_litter_below[kgNha-1]	dN_deposition[kgNha-1]	dN_plant_uptake[kgNha-1]	dN_mineral[kgNha-1]	dN_nitrify[kgNha-1]	dN_denitrify[kgNha-1]	dN_chemodenitrify[kgNha-1]	C_plants[kgCha-1]	C_soil[kgCha-1]	C_soil_20cm[kgCha-1]	C_soil_30cm[kgCha-1]	C_aorg[kgCha-1]	C_litter_raw[kgCha-1]	C_litter[kgCha-1]	C_mic[kgCha-1]	C_sol[kgCha-1]	C_wood_above[kgCha-1]	C_wood_below[kgCha-1]	N_plants[kgNha-1]	N_soil[kgNha-1]	N_soil_20cm[kgNha-1]	N_soil_30cm[kgNha-1]	N_aorg[kgNha-1]	N_litter_raw[kgNha-1]	N_litter[kgNha-1]	N_mic[kgNha-1]	N_sol[kgNha-1]	N_wood_above[kgNha-1]	N_wood_below[kgNha-1]	anvf_mean[-]
setup	0	2008-01-01 23:00:00	-0.000583795	0	1.50004	0.000529065	0	3.25546e-06	1.30485e-08	8.15561e-05	-0.000441988	0.000758072	3.98483e-06	0	0	0	0	0	0	0	0	0	5.23404	1.29533	0.0106827	0.000187526	36	228741	72224.7	98723	646.56	46.5225	413.821	73.4869	6.40732	0	0	1.105	25447.9	7513.09	10318.7	71.5174	1.15937	10.3089	8.79769	9.24827	0	0	0.627688
setup	0	2008-01-02 23:00:00	-0.000321942	0	1.21533	0.00101451	0	4.80694e-06	2.28205e-08	0.00011332	0.00012139	0.00174169	3.36788e-06	0	0	0	0	0	0	0	0.0276	0	0.30113	0.502688	0.027375	0.000181595	36	228739	72224.3	98722.3	647.489	46.4964	409.761	71.3828	10.1771	0	0	1.105	25447.7	7513.08	10318.7	71.7953	1.15871	10.2061	8.30539	9.29656	0	0	0.614611
setup	0	2008-01-03 23:00:00	-0.000272718	0	0.95298	0.00202063	0	5.36012e-06	7.04259e-08	0.000118902	0.000394128	0.00222963	3.04803e-06	0	0	0	0	0	0	0	0.0023	0	0.212624	0.301109	0.0280622	0.000182316	36	228738	72224	98721.8	648.045	46.4884	406.566	70.0749	12.4807	0	0	1.105	25447.6	7513.11	10318.7	71.9686	1.15851	10.126	8.01871	9.341	0	0	0.603044
setup	0	2008-01-04 23:00:00	-0.000208561	0	0.73093	0.00217819	0	5.83607e-06	1.45188e-07	0.0001058	0.000419794	0.00242781	2.59402e-06	0	0	0	0	0	0	0	0	0	0.164563	0.200862	0.0223811	0.00016969	36	228736	72223.8	98721.4	648.362	46.4831	403.92	69.174	14.0795	0	0	1.105	25447.6	7513.14	10318.7	72.073	1.15838	10.0612	7.84501	9.34917	0	0	0.592755
setup	0	2008-01-05 23:00:00	-0.000172144	0	0.597084	0.000768431	0	6.51632e-06	2.83516e-07	9.50285e-05	0.000338273	0.00267123	2.41459e-06	0	0	0	0	0	0	0	0	0	0.139193	0.166443	0.0186695	0.000159614	36	228735	72223.7	98721.2	648.505	46.4776	401.539	68.5672	15.3236	0	0	1.105	25447.6	7513.16	10318.8	72.1364	1.15825	10.0036	7.73887	9.32431	0	0	0.587975
setup	0	2008-01-06 23:00:00	-0.000251769	0	1.01318	3.75298e-06	0	7.30117e-06	4.25907e-07	0.000186124	0.000237764	0.00355701	1.85426e-06	0	0	0	0	0	0	0	0.0023	0	0.205687	0.486397	0.0419849	0.000185417	36	228734	72222.6	98720.2	648.229	46.4208	398.022	69.0091	16.9965	0	0	1.105	25447.6	7513.12	10318.8	72.2066	1.15683	9.91765	7.78678	9.19581	0	0	0.608888
setup	0	2008-01-07 23:00:00	-0.00040834	0.00114254	1.67139	1.81804e-05	0	7.93541e-06	5.60679e-07	0.000525394	0.00121591	0.00623378	6.19849e-07	0	0	0	0	0.000563798	0	0	0	0.0432375	0.284392	0.436519	0.0704146	0.000267336	35.9985	228732	72221.2	98718.5	647.557	46.3288	393.174	71.1078	18.6479	0	0	1.11472	25447.6	7513.13	10318.8	72.3074	1.15454	9.797	7.97047	8.97897	0	0	0.576172
setup	0	2008-01-08 23:00:00	-0.000442661	0.0023241	2.00017	4.47461e-05	0	8.42151e-06	7.60039e-07	0.000756659	0.00214526	0.00829887	5.6472e-07	0	0	0	0	0.00114705	0	0	0	-2.12554e-17	0.282285	0.368445	0.0746377	0.000322589	35.9956	228729	72219.6	98716.5	646.78	46.2394	388.146	74.1224	19.5928	0	0	1.1137	25447.6	7513.16	10318.8	72.4185	1.15231	9.67106	8.22024	8.73177	0	0	0.573204
setup	0	2008-01-09 23:00:00	-0.000471197	0.00398627	2.45546	8.18184e-05	0	8.84588e-06	9.38339e-07	0.000934092	0.00290239	0.0102152	5.24201e-07	0	0	0	0	0.00196748	0	0	0	-2.12554e-17	0.288233	0.358567	0.0807257	0.000364625	35.9905	228726	72217.7	98714.3	645.94	46.1368	382.851	78.1649	19.7119	0	0	1.11193	25447.6	7513.17	10318.8	72.5532	1.14975	9.5383	8.55634	8.37973	0	0	0.572976
setup	0	2008-01-10 23:00:00	-0.000293744	0.00502669	2.37475	0.000126647	0	9.19301e-06	1.09236e-06	0.000861267	0.00254061	0.0116994	3.37799e-07	0	0	0	0	0.00248015	0	0	0.0828	-2.12554e-17	0.253896	0.326899	0.0805323	0.00039442	35.9839	228723	72216	98712.2	645.272	46.0675	378.151	81.8914	19.2863	0	0	1.1104	25447.6	7513.25	10318.9	72.6849	1.14803	9.41993	8.85963	8.10327	0	0	0.568428
setup	0	2008-01-11 23:00:00	-0.000317104	0.00422748	2.35811	0.000176497	2.14762e-12	9.45939e-06	1.21006e-06	0.000864042	0.00297841	0.0122365	2.66631e-07	0	0	0	0	0.00208662	0	0	0.0023	-2.12554e-17	0.23656	0.297431	0.0768853	0.000403226	35.9786	228721	72214.3	98710.2	644.741	45.9999	373.763	85.3516	18.6988	0	0	1.10855	25447.6	7513.26	10318.9	72.823	1.14634	9.30989	9.12223	7.7699	0	0	0.567323
setup	0	2008-01-12 23:00:00	-0.000216278	0.00657423	2.70538	0.000229255	1.4152e-08	9.61694e-06	1.31627e-06	0.000813857	0.00236579	0.0138152	3.87887e-07	0	0	0	0	0.00324441	0	0	0.1196	-2.12554e-17	0.251969	0.332829	0.0852291	0.0004207	35.9702	228718	72212.3	98707.9	644.317	45.9173	369.151	89.0521	17.906	0	0	1.10613	25447.7	7513.34	10319	72.9913	1.14428	9.19435	9.40687	7.5007	0	0	0.569689
setup	0	2008-01-13 23:00:00	-0.000255491	0.0112921	3.63906	0.000536509	2.74027e-05	1.01343e-05	4.86166e-06	0.00113125	0.00186882	0.0184595	2.5024e-06	0	0	0	0	0.00557197	0	0	0.9085	0.0673067	0.291286	0.55194	0.125171	0.000436945	35.9554	228714	72199.9	98698.4	644.112	45.7996	363.668	93.2969	16.9617	0	0	1.1183	25448.5	7512.35	10318.5	73.2648	1.14135	9.05668	9.76733	7.75731	0	0	0.605598
setup	0	2008-01-14 23:00:00	-0.000274089	0.01571	3.95924	0.0166826	0.00176264	3.85412e-05	0.000228485	0.00110447	0.00286927	0.02677	1.43055e-06	0	0	0	0	0.00775304	0	0	0.069	-2.62578e-18	0.345649	0.495161	0.158254	0.000606186	35.9354	228710	72196.3	98694.5	644.191	45.674	358.115	97.2446	15.7066	0	0	1.113	25448.4	7512.29	10318.5	73.5055	1.13822	8.91736	10.0617	7.34007	0	0	0.630182
setup	0	2008-01-15 23:00:00	-0.000292374	0.0176609	3.85865	0.0545806	0.00582671	0.000105733	0.000766658	0.00113738	0.00349591	0.0328067	1.05361e-06	0	0	0	0	0.00871745	0	0	0.0207	-2.62578e-18	0.425756	0.467457	0.153675	0.000757954	35.9135	228706	72193.3	98690.9	644.509	45.5597	352.835	100.241	14.8555	0	0	1.10651	25448.3	7512.27	10318.4	73.5775	1.13537	8.78477	10.2545	7.14592	0	0	0.630326
setup	0	2008-01-16 23:00:00	-0.000244232	0.0127191	3.22433	0.0464511	0.00493948	9.12137e-05	0.000662188	0.000934892	0.00344045	0.0353794	5.76526e-07	0	0	0	0	0.00628108	0	0	0	0.0677249	0.403382	0.447029	0.13794	0.000830208	35.8988	228703	72191.2	98688.2	644.897	45.4757	348.349	102.178	14.4333	0	0	1.11601	25448.2	7512.23	10318.4	73.5604	1.13328	8.67235	10.3907	6.99612	0	0	0.627984
setup	0	2008-01-17 23:00:00	-0.000220384	0.0117595	2.92805	0.0360507	0.00381888	7.16486e-05	0.000521889	0.000802542	0.00327349	0.0363641	3.61332e-07	0	0	0	0	0.00580742	0	0	0	7.15201e-18	0.354677	0.39442	0.123954	0.000850875	35.8853	228700	72189.3	98685.8	645.339	45.3997	344.244	103.623	14.2048	0	0	1.11065	25448.2	7512.25	10318.4	73.5774	1.13138	8.56988	10.4952	6.89811	0	0	0.623367
setup	0	2008-01-18 23:00:00	-0.000232706	0.0163647	3.20798	0.0290999	0.0030741	5.80364e-05	0.000428131	0.00086915	0.00337341	0.0380957	3.00005e-07	0	0	0	0	0.00808159	0	0	0	7.15201e-18	0.39298	0.403518	0.117182	0.00087083	35.8666	228696	72187	98683.1	645.98	45.3069	339.91	104.99	14.0065	0	0	1.10375	25448.1	7512.25	10318.4	73.5857	1.12907	8.46179	10.5928	6.82857	0	0	0.614273
setup	0	2008-01-19 23:00:00	-0.000181589	0.0130801	2.77269	0.0301705	0.00308534	5.65528e-05	0.000438078	0.000680526	0.00255228	0.0392662	9.12318e-08	0	0	0	0	0.00646007	0	0	0.1012	0.0655032	0.349165	0.424454	0.112208	0.000880022	35.8519	228693	72184.3	98680	646.542	45.2444	336.09	105.926	13.9671	0	0	1.11312	25448.1	7512.16	10318.3	73.5784	1.12751	8.36626	10.6922	6.79111	0	0	0.610726
setup	0	2008-01-20 23:00:00	-0.000177507	0.00293015	2.00681	0.0335292	0.00340373	6.00934e-05	0.000491649	0.000565453	0.00294805	0.037044	1.23958e-07	0	0	0	0	0.00145086	0	0	0.0253	-1.93974e-17	0.265038	0.290195	0.0897293	0.000839463	35.85	228691	72183.1	98678.5	646.753	45.2062	332.93	106.593	14.2741	0	0	1.11027	25448.1	7512.19	10318.4	73.5588	1.12656	8.28766	10.7558	6.76209	0	0	0.60445
setup	0	2008-01-21 23:00:00	-0.000139297	0	1.65085	0.0287601	0.00288118	5.0922e-05	0.000423826	0.00042266	0.00222742	0.0342763	1.71546e-07	0	0	0	0	0	0	0	0.0598	-1.93974e-17	0.226944	0.266975	0.0759195	0.000784282	35.85	228689	72182.3	98677.2	646.793	45.1778	330.081	107.204	14.6872	0	0	1.11027	25448.1	7512.26	10318.4	73.5274	1.12585	8.21695	10.8101	6.76694	0	0	0.600595
setup	0	2008-01-22 23:00:00	-0.000129892	0	1.45219	0.0243581	0.00240132	4.2614e-05	0.00035917	0.000380523	0.00221944	0.031782	1.1134e-07	0	0	0	0	0	0	0	0	-1.93974e-17	0.2043	0.214949	0.066852	0.000732302	35.85	228688	72181.6	98676.1	646.771	45.1564	327.471	107.783	15.0368	0	0	1.11027	25448.1	7512.27	10318.4	73.4881	1.12532	8.15241	10.8554	6.72229	0	0	0.595277
setup	0	2008-01-23 23:00:00	-0.000108972	0	1.14589	0.021064	0.0020383	3.63138e-05	0.000310106	0.000339236	0.00237473	0.0290487	1.02291e-07	0	0	0	0	0	0	0	0	-1.93974e-17	0.167118	0.17502	0.0569654	0.000674685	35.85	228686	72181.1	98675.4	646.686	45.1475	325.253	108.23	15.2835	0	0	1.11027	25448.1	7512.28	10318.4	73.4432	1.1251	8.09799	10.8879	6.67649	0	0	0.592753
setup	0	2008-01-24 23:00:00	-9.88878e-05	0.00295629	1.05066	0.0185833	0.0017636	3.15663e-05	0.000274305	0.000286175	0.00196162	0.0264008	3.95276e-07	0	0	0	0	0.00146048	0	0	0.0989	-1.93974e-17	0.154746	0.201738	0.048702	0.000622114	35.8468	228685	72180.7	98674.7	646.493	45.1303	323.009	108.735	15.7502	0	0	1.10894	25448.1	7512.37	10318.5	73.4047	1.12467	8.04321	10.9267	6.72233	0	0	0.588271
setup	0	2008-01-25 23:00:00	-0.000120518	0.00873071	1.1235	0.0166921	0.00155103	2.79321e-05	0.000245533	0.000256681	0.00166294	0.0247873	3.24886e-07	0	0	0	0	0.00431006	0	0	0.0345	-1.93974e-17	0.158237	0.186385	0.0471764	0.000588826	35.8362	228684	72180.1	98673.8	646.22	45.1048	320.558	109.4	16.4252	0	0	1.10646	25448.2	7512.39	10318.6	73.3818	1.12403	7.98303	10.9751	6.71001	0	0	0.600952
setup	0	2008-01-26 23:00:00	-0.000111098	0.0137017	1.91204	0.0175734	0.00162491	2.83289e-05	0.000260957	0.00029341	0.000654563	0.0261299	8.5247e-08	0	0	0	0	0.00676523	0	0	0.0828	-1.93974e-17	0.198227	0.27009	0.084454	0.000595482	35.8201	228682	72177.1	98671	646.158	45.0544	317.809	111.046	15.6141	0	0	1.10222	25448.2	7512.18	10318.4	73.3964	1.12278	7.9157	11.0876	6.60907	0	0	0.651475
setup	0	2008-01-27 23:00:00	-0.000201163	0.011382	2.43793	0.0379237	0.0036887	5.53155e-05	0.000598453	0.000529589	0.00149677	0.0289721	5.48013e-08	0	0	0	0	0.00562443	0	0	0	0.0306472	0.331669	0.31196	0.10141	0.0006587	35.8085	228679	72175.3	98668.9	646.641	44.9992	314.874	112.281	14.4658	0	0	1.10388	25448.1	7512.14	10318.4	73.2756	1.1214	7.84347	11.1882	6.55104	0	0	0.614033
setup	0	2008-01-28 23:00:00	-0.000176345	0.00772079	2.28678	0.0322464	0.00309611	4.69485e-05	0.000509661	0.000604287	0.00191902	0.0287807	5.33978e-08	0	0	0	0	0.00381747	0	0	0	0.0628316	0.320961	0.315624	0.0864862	0.000667798	35.8014	228677	72173.7	98667	647.246	44.9482	311.972	112.872	14.0092	0	0	1.11359	25448	7512.08	10318.3	73.1765	1.12013	7.77192	11.257	6.49301	0	0	0.599676
setup	0	2008-01-29 23:00:00	-0.000170107	0	1.81036	0.0258022	0.00243246	3.76134e-05	0.000406389	0.000488284	0.00208502	0.0270972	6.16737e-08	0	0	0	0	0	0	0	0	1.552e-16	0.23875	0.247106	0.0708032	0.00064689	35.8014	228675	72172.6	98665.5	647.566	44.9148	309.302	113.278	14.1421	0	0	1.11359	25448	7512.09	10318.3	73.1447	1.1193	7.70586	11.3025	6.46314	0	0	0.587023
setup	0	2008-01-30 23:00:00	-0.000131822	0	1.42979	0.0214444	0.00198601	3.12383e-05	0.000336679	0.000402708	0.00177708	0.0252479	7.11157e-08	0	0	0	0	0	0	0	0	1.552e-16	0.190373	0.200333	0.05977	0.00061103	35.8014	228673	72171.9	98664.4	647.67	44.8963	306.941	113.661	14.4115	0	0	1.11359	25448	7512.09	10318.3	73.1192	1.11884	7.64748	11.3363	6.43281	0	0	0.58055
setup	0	2008-01-31 23:00:00	-0.00011509	0	1.19939	0.0182064	0.00160264	2.67598e-05	0.000297869	0.000376928	0.00168915	0.0234749	2.79235e-07	0	0	0	0	0	0	0	0	1.552e-16	0.802261	0.462861	0.0531327	0.000595952	35.8014	228672	72175.9	98669.7	647.675	44.8814	304.788	114.008	14.5109	0	0	1.11359	25447.9	7512.42	10318.7	71.808	1.11847	7.5946	11.3327	5.69237	0	0	0.580106
setup	0	2008-02-01 23:00:00	-0.000103952	0	1.02261	0.0158448	0.00136858	2.35768e-05	0.000258629	0.000332603	0.00160073	0.0217583	1.26989e-07	0	0	0	0	0	0	0	0	1.552e-16	0.120429	0.201526	0.0477213	0.000543436	35.8014	228671	72175.5	98669	647.601	44.869	302.797	114.335	14.6658	0	0	1.11359	25447.8	7512.43	10318.7	71.8189	1.11816	7.54598	11.3328	5.67828	0	0	0.575757
setup	0	2008-02-02 23:00:00	-9.44596e-05	0	0.899956	0.0140311	0.00119275	2.11104e-05	0.000226868	0.000294951	0.00151919	0.0201793	1.00108e-07	0	0	0	0	0	0	0	0	1.552e-16	0.106539	0.15254	0.0425462	0.00050466	35.8014	228670	72175.2	98668.5	647.476	44.858	300.934	114.663	14.8223	0	0	1.11359	25447.8	7512.44	10318.8	71.8259	1.11788	7.50071	11.3376	5.66879	0	0	0.573538
setup	0	2008-02-03 23:00:00	-0.00012253	0.00777808	1.23417	0.0126104	0.00105493	1.9172e-05	0.000202287	0.00027929	0.000994519	0.0190164	7.79936e-08	0	0	0	0	0.00384114	0	0	0	1.552e-16	0.219115	0.223265	0.0447815	0.000478647	35.7926	228669	72173.8	98667.1	647.44	44.825	298.783	115.293	14.7284	0	0	1.11122	25447.8	7512.33	10318.7	71.6772	1.11706	7.44847	11.3575	5.69224	0	0	0.583216
setup	0	2008-02-04 23:00:00	-0.000197333	0.0126724	2.10632	0.0351968	0.0032191	4.70148e-05	0.000612431	0.000398799	0.00102499	0.0200688	9.44502e-08	0	0	0	0	0.00626324	0	0	0	1.552e-16	0.307128	0.363975	0.0742742	0.000491564	35.7801	228666	72169.9	98664.1	647.798	44.7602	296.004	116.224	14.0249	0	0	1.10573	25447.8	7511.96	10318.5	71.5365	1.11545	7.38035	11.4006	5.64185	0	0	0.624308
setup	0	2008-02-05 23:00:00	-0.000252043	0.0161667	3.00184	0.0487214	0.00451211	0.000156196	0.00085759	0.000663719	0.00175835	0.0235323	1.16183e-07	0	0	0	0	0.00799459	0	0	0	0.0588911	0.408396	0.399323	0.106107	0.000567666	35.7658	228663	72167.6	98661.4	648.942	44.6686	292.721	116.649	12.9451	0	0	1.11064	25447.7	7511.89	10318.4	71.4063	1.11317	7.2995	11.4249	5.58523	0	0	0.596796
setup	0	2008-02-06 23:00:00	-0.000293393	0.0214455	3.33126	0.0283705	0.00255962	3.79301e-05	0.00048998	0.000841365	0.00239611	0.0261047	1.13323e-07	0	0	0	0	0.0106061	0	0	0	1.83411e-16	0.368156	0.388921	0.103476	0.000625237	35.7473	228660	72165	98658.4	650.578	44.5627	289.117	116.27	12.4285	0	0	1.10078	25447.6	7511.87	10318.4	71.4806	1.11052	7.2104	11.4035	5.55806	0	0	0.580479
setup	0	2008-02-07 23:00:00	-0.000302544	0.0204501	3.26459	0.0211948	0.00187848	2.92146e-05	0.000362094	0.000864202	0.00270438	0.0272322	8.41152e-08	0	0	0	0	0.0101164	0	0	0	0.0595496	0.377219	0.393286	0.0985873	0.000647926	35.7306	228656	72162.6	98655.6	652.205	44.4623	285.545	115.702	12.1773	0	0	1.10442	25447.5	7511.82	10318.3	71.5313	1.10802	7.12182	11.3646	5.52668	0	0	0.574843
setup	0	2008-02-08 23:00:00	-0.000279114	0.0201679	3.03925	0.017041	0.00148796	2.41143e-05	0.000288698	0.000827766	0.00270393	0.0276408	5.58871e-08	0	0	0	0	0.00998155	0	0	0	0.053947	0.347047	0.361766	0.0928756	0.000649876	35.716	228653	72160.4	98652.9	653.695	44.3757	282.176	115.096	12.0392	0	0	1.10655	25447.5	7511.77	10318.2	71.5903	1.10586	7.03815	11.3156	5.49999	0	0	0.571919
setup	0	2008-02-09 23:00:00	-0.00025652	0.0171883	2.73255	0.0142131	0.00122501	2.06185e-05	0.000239182	0.000760216	0.0026043	0.0272497	5.86278e-08	0	0	0	0	0.00850874	0	0	0	-1.247e-16	0.284728	0.315025	0.0869033	0.000637499	35.7043	228650	72158.6	98650.6	654.96	44.3047	279.085	114.569	11.9417	0	0	1.09888	25447.4	7511.77	10318.2	71.6958	1.1041	6.96135	11.2684	5.48525	0	0	0.570008
setup	0	2008-02-10 23:00:00	-0.000275334	0.0224546	3.01476	0.0121357	0.00103352	1.80258e-05	0.000203026	0.000771992	0.00270731	0.0269071	6.26352e-08	0	0	0	0	0.0111191	0	0	0	0.0576501	0.332154	0.341322	0.0873245	0.000626348	35.6903	228647	72156.4	98648	656.376	44.2146	275.792	114.036	11.7901	0	0	1.10117	25447.3	7511.72	10318.2	71.7703	1.10185	6.87968	11.2163	5.45981	0	0	0.567086
setup	0	2008-02-11 23:00:00	-0.000360898	0.038583	3.94956	0.0105325	0.00088632	1.5993e-05	0.000175138	0.0010514	0.00331339	0.0289811	8.58937e-08	0	0	0	0.000647529	0.0191029	1.94918e-05	0	0	0.0557224	0.420682	0.402067	0.09352	0.00064993	35.6653	228643	72153.4	98644.5	658.396	44.0794	271.771	113.244	11.6082	0	0	1.09867	25447.2	7511.66	10318.1	71.8998	1.09848	6.77988	11.1381	5.43792	0	0	0.564605
setup	0	2008-02-12 23:00:00	-0.000405271	0.0482998	4.31282	0.00925921	0.000770169	1.43517e-05	0.000153062	0.00126938	0.00391453	0.0318784	7.72386e-08	0	0	0	0.0042427	0.0239232	0.000127742	0	0	0.109505	0.475059	0.446117	0.0981503	0.000693311	35.6376	228639	72150.2	98640.6	660.58	43.9453	267.49	112.352	11.4689	0	0	1.1049	25447.1	7511.55	10318	72.0104	1.09516	6.67302	11.0501	5.41077	0	0	0.561789
setup	0	2008-02-13 23:00:00	-0.000346608	0.0417938	3.63122	0.00822154	0.00067777	1.30056e-05	0.000135458	0.00114024	0.00372202	0.0324676	5.89992e-08	0	0	0	0.00822038	0.0207194	0.000247957	0	0	0.0554463	0.379284	0.376974	0.0938778	0.000699394	35.6208	228635	72147.7	98637.5	662.303	43.8584	263.814	111.564	11.416	0	0	1.10192	25447	7511.51	10317.9	72.1445	1.09304	6.58084	10.9737	5.387	0	0	0.561731
setup	0	2008-02-14 23:00:00	-0.00033116	0.0469535	3.51037	0.00735634	0.000603444	1.18793e-05	0.000121273	0.00104924	0.00359844	0.0317566	5.78151e-08	0	0	0	0.0126032	0.0232929	0.000380163	0	0	0.0539256	0.368363	0.365808	0.089945	0.000681813	35.6078	228632	72145.2	98634.5	663.908	43.7718	260.286	110.88	11.3144	0	0	1.09749	25446.9	7511.46	10317.8	72.2631	1.09095	6.49277	10.9031	5.36856	0	0	0.55981
setup	0	2008-02-15 23:00:00	-0.000279859	0.0362041	2.88836	0.00663536	0.000542621	1.09152e-05	0.000109648	0.000893474	0.00321264	0.0303964	4.47757e-08	0	0	0	0.0168544	0.0179697	0.000508006	0	0	0.0555263	0.31307	0.314788	0.0834641	0.000655576	35.6014	228629	72143.4	98632.2	665.127	43.7233	257.293	110.297	11.2614	0	0	1.09754	25446.8	7511.41	10317.8	72.339	1.08983	6.4179	10.8473	5.35217	0	0	0.559281
setup	0	2008-02-16 23:00:00	-0.000260933	0.0452223	2.76649	0.00603674	0.000491851	1.00733e-05	9.9932e-05	0.000821183	0.00300564	0.0286502	3.35092e-08	0	0	0	0.0201362	0.0224405	0.000606801	0	0	0.0999074	0.321818	0.307588	0.0777872	0.000623341	35.5914	228626	72141.6	98629.9	666.261	43.6781	254.435	109.781	11.1702	0	0	1.1054	25446.7	7511.33	10317.7	72.3624	1.0888	6.34662	10.7944	5.3297	0	0	0.557881
setup	0	2008-02-17 23:00:00	-0.000262228	0.0521451	2.76106	0.00554066	0.000448646	9.32763e-06	9.16535e-05	0.000797666	0.00290033	0.0275508	3.39238e-08	0	0	0	0.0231431	0.0258717	0.000697919	0	0	0.0514552	0.296031	0.290103	0.0753586	0.000601208	35.5784	228623	72139.9	98627.7	667.38	43.6355	251.611	109.282	11.0635	0	0	1.10387	25446.6	7511.28	10317.6	72.4345	1.08786	6.27621	10.7424	5.31157	0	0	0.557715
setup	0	2008-02-18 23:00:00	-0.000267506	0.0588482	2.79807	0.00512742	0.000411338	8.66348e-06	8.44971e-05	0.000785763	0.00283412	0.0268842	3.64646e-08	0	0	0	0.0260346	0.0292062	0.000785451	0	0	0.0518088	0.302914	0.292651	0.0742747	0.000588015	35.567	228620	72138.1	98625.4	668.511	43.5932	248.784	108.785	10.9468	0	0	1.10186	25446.6	7511.23	10317.6	72.5011	1.08694	6.20577	10.6905	5.29821	0	0	0.555887
setup	0	2008-02-19 23:00:00	-0.00028917	0.0723738	3.007	0.00477557	0.000378863	8.07269e-06	7.82631e-05	0.000808226	0.00286664	0.026708	4.08423e-08	0	0	0	0.0288379	0.0359417	0.000870099	0	0	0.0514896	0.320283	0.308483	0.0749423	0.000583425	35.5617	228617	72136.1	98622.9	669.749	43.542	245.822	108.262	10.8123	0	0	1.09756	25446.5	7511.18	10317.5	72.5834	1.08582	6.13201	10.6349	5.28373	0	0	0.555573
setup	0	2008-02-20 23:00:00	-0.000253283	0.0501107	2.49963	0.00446871	0.000350455	7.54926e-06	7.29368e-05	0.000711857	0.0025671	0.0259919	5.13013e-08	0	0	0	0.0315871	0.0249217	0.000952758	0	0.0874	0.0852924	0.27161	0.311703	0.0714069	0.000568633	35.5716	228614	72134.5	98620.9	670.7	43.5208	243.27	107.793	10.7497	0	0	1.1032	25446.5	7511.21	10317.5	72.642	1.08545	6.06838	10.6142	5.29175	0	0	0.554412
setup	0	2008-02-21 23:00:00	-0.00022814	0.012616	2.23692	0.00419563	0.000325478	7.08727e-06	6.83947e-05	0.000619999	0.00236659	0.0242976	7.4777e-08	0	0	0	0.0352208	0.00629071	0.00106269	0	0.1771	1.16926e-16	0.205988	0.317837	0.0660297	0.000536845	35.5803	228612	72133.2	98619.2	671.497	43.5083	240.926	107.396	10.6956	0	0	1.10032	25446.6	7511.38	10317.7	72.7671	1.08532	6.01018	10.6266	5.3704	0	0	0.553845
setup	0	2008-02-22 23:00:00	-0.000217281	0	2.08771	0.00396029	0.000303374	6.68239e-06	6.37744e-05	0.000553519	0.00214576	0.0227065	5.4949e-08	0	0	0	0.0412917	0	0.00124582	0	0.0529	1.16926e-16	0.198933	0.242136	0.0620816	0.000511669	35.5803	228610	72132	98617.6	672.185	43.5048	238.683	107.074	10.6727	0	0	1.10115	25446.6	7511.43	10317.7	72.872	1.08544	5.95456	10.6222	5.35818	0	0	0.553183
setup	0	2008-02-23 23:00:00	-0.000205857	0.000651385	1.90335	0.00376493	0.000283669	6.33091e-06	5.9989e-05	0.000485153	0.0019414	0.0213705	5.04153e-08	0	0	0	0.0505823	0.000324814	0.00152625	0	0	1.16926e-16	0.190697	0.203277	0.0584228	0.000489773	35.5808	228608	72130.9	98616.1	672.713	43.5138	236.534	106.855	10.7561	0	0	1.10195	25446.6	7511.43	10317.7	72.9508	1.08593	5.90129	10.6034	5.33117	0	0	0.552532
setup	0	2008-02-24 23:00:00	-0.000172989	0.0466117	1.94755	0.00360131	0.000265979	6.02927e-06	5.65822e-05	0.000432758	0.00157644	0.0204078	4.13511e-08	0	0	0	0.0600929	0.023193	0.00181353	0	0	0.0392929	0.196038	0.207754	0.0593164	0.000472421	35.5943	228606	72129.7	98614.6	673.224	43.5281	234.4	106.813	10.6579	0	0	1.10083	25446.6	7511.41	10317.7	73.0193	1.08659	5.84852	10.5847	5.27762	0	0	0.559264
setup	0	2008-02-25 23:00:00	-0.000174917	0.0636596	2.2247	0.00346027	0.000249996	5.77309e-06	5.34956e-05	0.000458644	0.00141382	0.0203808	1.61387e-08	0	0	0	0.0621398	0.0316488	0.00187513	0	0.0299	0.0492181	0.219658	0.235408	0.0640859	0.000465953	35.6026	228604	72128.3	98612.8	674.022	43.5353	232.171	106.551	10.4144	0	0	1.10005	25446.5	7511.39	10317.7	73.1099	1.08709	5.79344	10.5502	5.23777	0	0	0.552629
setup	0	2008-02-26 23:00:00	-0.000180708	0.0766251	2.36755	0.0033329	0.000235541	5.55815e-06	5.06959e-05	0.000537134	0.00158776	0.0205579	2.11071e-08	0	0	0	0.0648884	0.0381525	0.0019577	0	0.0046	0.0776525	0.274829	0.255376	0.0642468	0.00046712	35.6344	228601	72126.4	98610.6	674.952	43.5361	229.839	106.112	10.2943	0	0	1.10152	25446.4	7511.27	10317.5	73.1346	1.08744	5.73579	10.4949	5.23364	0	0	0.551766
setup	0	2008-02-27 23:00:00	-0.000168337	0.102551	2.54861	0.0436429	0.00407243	5.31763e-05	0.000883758	0.000557663	0.00115477	0.0213569	4.64555e-08	0	0	0	0.0654672	0.0510483	0.001975	0	0.2185	0.0885359	0.231206	0.374344	0.0748225	0.000450911	35.6721	228599	72121.7	98606.7	675.95	43.5311	227.387	105.59	10.2075	0	0	1.1031	25446.5	7510.99	10317.4	73.2904	1.08765	5.67508	10.4711	5.26686	0	0	0.56069
setup	0	2008-02-28 23:00:00	-0.000181952	0.101053	2.4776	0.0697278	0.00655262	0.000164224	0.00142558	0.000555407	0.00132478	0.0229053	1.88792e-08	0	0	0	0.0657105	0.0502848	0.00198219	0	0.0299	0.0485739	0.265943	0.265164	0.0788854	0.000489677	35.7024	228596	72119.5	98604.2	676.885	43.5323	224.999	105.066	10.1347	0	0	1.10028	25446.5	7510.89	10317.3	73.363	1.08802	5.61584	10.4119	5.25713	0	0	0.558504
setup	0	2008-02-29 23:00:00	-0.000173166	0.080912	2.15288	0.022915	0.00207781	3.5045e-05	0.000467478	0.000516953	0.00146082	0.0232088	6.10599e-08	0	0	0	0.0664259	0.0403316	0.00200328	0	0	0.0891561	0.814166	0.621776	0.076985	0.000533217	35.7527	228594	72130.5	98619.7	677.734	43.5441	222.845	104.479	9.90463	0	0	1.10597	25446.3	7511.66	10318.4	72.2514	1.08864	5.56255	10.3222	4.8907	0	0	0.56342
setup	0	2008-03-01 23:00:00	-0.000171471	0.0993682	2.14067	0.0200547	0.00179032	2.66077e-05	0.000408178	0.00046444	0.00143251	0.0230972	3.23786e-08	0	0	0	0.0684074	0.0495476	0.00206308	0	0	0.0530197	0.22539	0.25954	0.0781539	0.000513199	35.8205	228592	72128.9	98617.7	678.594	43.5516	220.69	103.818	9.78548	0	0	1.10392	25446.2	7511.59	10318.3	72.321	1.08917	5.50935	10.2228	4.84439	0	0	0.565799
setup	0	2008-03-02 23:00:00	-0.000181927	0.0867226	1.93371	0.0428905	0.00386812	5.85791e-05	0.00090329	0.000438978	0.00153724	0.0229512	3.32561e-08	0	0	0	0.0729234	0.0432597	0.00219866	0	0	0.0830123	0.236569	0.240929	0.0765231	0.000511449	35.8863	228590	72127.4	98616	679.267	43.5729	218.677	103.262	9.72166	0	0	1.10942	25446.1	7511.49	10318.2	72.3145	1.09007	5.45961	10.1344	4.8215	0	0	0.571175
setup	0	2008-03-03 23:00:00	-0.000172602	0.0906026	1.90948	0.0122467	0.0010406	1.77954e-05	0.000248522	0.000404208	0.00138327	0.0228943	2.76862e-08	0	0	0	0.0767099	0.0452018	0.00231297	0	0	0.0495274	0.210715	0.217503	0.0741078	0.000510299	35.9575	228588	72126.3	98614.5	679.963	43.5976	216.699	102.702	9.65849	0	0	1.10931	25446	7511.45	10318.2	72.3553	1.09107	5.41081	10.0493	4.80242	0	0	0.566709
setup	0	2008-03-04 23:00:00	-0.000198103	0.132898	2.11437	0.00893715	0.000730587	1.38218e-05	0.000178995	0.000429196	0.00145495	0.0230902	2.73142e-08	0	0	0	0.0808753	0.0663061	0.00243843	0	0	0.0944165	0.249484	0.234523	0.074072	0.000513321	36.063	228586	72124.8	98612.7	680.762	43.6119	214.581	102.111	9.59754	0	0	1.11399	25445.9	7511.36	10318.1	72.3668	1.09183	5.35861	9.95965	4.78356	0	0	0.563831
setup	0	2008-03-05 23:00:00	-0.000191546	0.127282	2.01322	0.00796154	0.000635462	1.26445e-05	0.000159785	0.000439031	0.00146375	0.0235251	2.76092e-08	0	0	0	0.0830167	0.0635123	0.00250308	0	0	0.0478609	0.217133	0.215318	0.0714149	0.000514881	36.1669	228584	72123.6	98611.2	681.498	43.6365	212.548	101.528	9.57588	0	0	1.11226	25445.8	7511.32	10318	72.4181	1.09286	5.30842	9.88007	4.76691	0	0	0.561069
setup	0	2008-03-06 23:00:00	-0.000202067	0.157809	2.10323	0.00656875	0.000504935	1.08677e-05	0.000130404	0.000462673	0.00154665	0.0236172	2.89356e-08	0	0	0	0.0853984	0.0787593	0.00257415	0	0	0.084389	0.243429	0.227331	0.0698347	0.000511891	36.3011	228582	72122.2	98609.5	682.262	43.6562	210.466	100.96	9.54099	0	0	1.11542	25445.7	7511.26	10317.9	72.4351	1.09377	5.25707	9.802	4.74734	0	0	0.558234
setup	0	2008-03-07 23:00:00	-0.000271099	0.251073	2.75251	0.00547869	0.000408779	9.45363e-06	0.000106901	0.000571488	0.00187288	0.0245407	3.99159e-08	0	0	0	0.0887131	0.125304	0.00267325	0	0	0.12788	0.319494	0.278402	0.074411	0.000522668	36.5134	228579	72120.4	98607.2	683.357	43.6361	207.945	100.263	9.44362	0	0	1.12161	25445.6	7511.15	10317.8	72.4502	1.09371	5.19507	9.70553	4.72592	0	0	0.558599
setup	0	2008-03-08 23:00:00	-0.000346662	0.394615	3.37832	0.00468858	0.00034112	8.42678e-06	8.97484e-05	0.00074762	0.00229274	0.0270025	4.49875e-08	0	0	0	0.0895808	0.196977	0.00269902	0	0	0.182329	0.398266	0.33314	0.078183	0.000557003	36.8597	228576	72118	98604.5	684.751	43.5885	205.015	99.3827	9.37349	0	0	1.13171	25445.4	7510.99	10317.6	72.4528	1.09296	5.12279	9.5922	4.69974	0	0	0.555303
setup	0	2008-03-09 23:00:00	-0.000391445	0.506729	3.71022	0.00407619	0.000290294	7.6575e-06	7.67785e-05	0.000864959	0.00262633	0.0297371	4.66706e-08	0	0	0	0.0906215	0.252986	0.00273027	0	0	0.219675	0.442605	0.363685	0.0800058	0.000592677	37.3204	228572	72115.5	98601.4	686.215	43.5347	201.884	98.4945	9.32248	0	0	1.14709	25445.1	7510.8	10317.4	72.4394	1.09207	5.04523	9.47648	4.66915	0	0	0.554248
setup	0	2008-03-10 23:00:00	-0.000350368	0.504535	3.27729	0.00357171	0.000250382	7.05623e-06	6.65677e-05	0.000808145	0.00253954	0.0310972	3.65541e-08	0	0	0	0.0923467	0.251956	0.00278261	0	0	0.180197	0.386265	0.324385	0.0774918	0.000599565	37.8029	228569	72113.4	98598.8	687.404	43.5169	199.095	97.709	9.34073	0	0	1.15961	25444.9	7510.66	10317.2	72.4337	1.09207	4.97586	9.37859	4.6466	0	0	0.552531
setup	0	2008-03-11 23:00:00	-0.000482375	0.764119	4.274	0.00313007	0.000218584	6.57643e-06	5.84115e-05	0.000905042	0.00295768	0.0323813	5.90207e-08	0	0	0	0.0946431	0.381552	0.00285221	0	0	0.252782	0.504138	0.402361	0.0776675	0.000612346	38.516	228565	72110.5	98595.4	688.936	43.4271	195.668	96.9867	9.21876	0	0	1.18057	25444.6	7510.44	10317	72.4049	1.0903	4.89121	9.2715	4.6143	0	0	0.554969
setup	0	2008-03-12 23:00:00	-0.000622099	1.04132	5.47737	0.00276864	0.000193127	6.18551e-06	5.18683e-05	0.00106801	0.00354821	0.0368445	9.13405e-08	0	0	0	0.0977029	0.519947	0.00294531	0	0	0.286592	0.620395	0.501857	0.0864236	0.000671855	39.4736	228560	72106.7	98591	690.889	43.2923	191.481	96.0696	9.11265	0	0	1.20539	25444.3	7510.2	10316.7	72.4229	1.08742	4.78735	9.14103	4.57891	0	0	0.555046
setup	0	2008-03-13 23:00:00	-0.000650696	1.14694	5.55867	0.00244284	0.000172526	5.85679e-06	4.65651e-05	0.00107812	0.0037153	0.0409915	1.00306e-07	0	0	0	0.101696	0.572708	0.00306641	0	0.0046	0.289565	0.61481	0.498465	0.0886677	0.00070848	40.5337	228555	72103	98586.6	692.757	43.1764	187.338	95.1317	9.07343	0	0	1.23006	25443.9	7509.96	10316.4	72.4664	1.08503	4.68411	9.01467	4.55144	0	0	0.555113
setup	0	2008-03-14 23:00:00	-0.000688354	1.31881	5.58557	0.00214386	0.000155584	5.56363e-06	4.21978e-05	0.00104621	0.00385033	0.0431154	8.30093e-08	0	0	0	0.106726	0.658402	0.00321797	0	0	0.358098	0.644672	0.506067	0.0853751	0.000714514	41.5693	228550	72099.4	98582.3	694.464	43.0618	183.276	94.3734	9.03525	0	0	1.24903	25443.5	7509.67	10316.1	72.4375	1.08269	4.58296	8.90132	4.51587	0	0	0.55636
setup	0	2008-03-15 23:00:00	-0.000580859	0.989009	4.8786	0.00185443	0.000141388	5.28738e-06	3.85332e-05	0.000941891	0.00360317	0.0437082	6.28436e-08	0	0	0	0.112929	0.493892	0.00340493	0	0	0.283101	0.550631	0.438994	0.0802981	0.000695323	42.2497	228546	72096.5	98578.5	695.893	43.0124	179.753	93.4763	9.07902	0	0	1.262	25443.2	7509.45	10315.8	72.4392	1.08201	4.49475	8.79082	4.49099	0	0	0.553618
setup	0	2008-03-16 23:00:00	-0.000260766	0.811758	4.31437	0.153537	0.0132934	0.000206617	0.00363999	0.000611258	0.0009674	0.0420429	1.34898e-06	0	0	0	0.119885	0.40536	0.00361554	0	0.5589	0.167181	0.354803	0.480943	0.0972962	0.000622694	42.755	228542	72089	98572.2	697.027	43.0009	176.65	92.5009	9.13723	0	0	1.26239	25443.5	7509.18	10315.7	72.6983	1.08231	4.417	8.81231	4.67752	0	0	0.567617
setup	0	2008-03-17 23:00:00	-0.000321714	0.980423	4.32638	0.252864	0.0218985	0.000346086	0.00600788	0.000800213	0.00163464	0.0452236	1.14753e-06	0	0	0	0.127332	0.489674	0.00383984	0	0.1426	0.266977	0.426672	0.398705	0.108341	0.000664011	43.4439	228538	72084.7	98567.8	698.051	42.9785	173.631	91.6551	9.05018	0	0	1.27487	25443.3	7508.86	10315.4	72.8106	1.08238	4.34182	8.72021	4.58013	0	0	0.587903
setup	0	2008-03-18 23:00:00	-0.00024084	0.707025	3.30975	0.213261	0.018464	0.000299931	0.00507786	0.000678799	0.00160693	0.0473273	2.68765e-07	0	0	0	0.135354	0.353123	0.00408196	0	0.0897	0.162591	0.34859	0.353293	0.103513	0.000702474	43.8798	228534	72082	98564.8	698.699	43.0228	171.253	90.839	9.07071	0	0	1.27748	25443.1	7508.7	10315.3	72.8567	1.08414	4.28237	8.63623	4.56199	0	0	0.59896
setup	0	2008-03-19 23:00:00	-0.000234087	0.741993	2.85755	0.0015305	0.00013247	6.67441e-06	3.65883e-05	0.000652623	0.00184163	0.0452093	9.4064e-08	0	0	0	0.143662	0.370729	0.00433229	0	0	0.203988	0.341089	0.271022	0.085649	0.000682326	44.4268	228532	72080.6	98562.9	699.321	43.0802	169.18	90.2391	9.10094	0	0	1.2844	25442.9	7508.54	10315.1	72.816	1.08627	4.23084	8.54635	4.52408	0	0	0.597697
setup	0	2008-03-20 23:00:00	-0.000235488	0.787017	2.76388	0.000827855	7.1635e-05	5.06359e-06	1.98839e-05	0.000609804	0.00194246	0.0422611	3.06243e-08	0	0	0	0.152679	0.393255	0.0046039	0	0	0.223007	0.339727	0.249731	0.0731352	0.000643589	45.034	228529	72079.2	98561.1	699.88	43.1428	167.197	89.7321	9.11703	0	0	1.29378	25442.7	7508.36	10314.9	72.7437	1.08858	4.18174	8.46471	4.49374	0	0	0.596275
setup	0	2008-03-21 23:00:00	-0.000284682	1.08361	3.25746	0.000453857	3.9262e-05	3.92723e-06	1.09511e-05	0.000628716	0.00214999	0.040159	2.63048e-08	0	0	0	0.161922	0.54148	0.00488259	0	0	0.331081	0.422008	0.288025	0.0652981	0.000612602	45.9426	228527	72077.4	98558.9	700.567	43.1808	165	89.2936	9.05385	0	0	1.31426	25442.3	7508.1	10314.6	72.5939	1.09032	4.1276	8.38005	4.45847	0	0	0.590956
setup	0	2008-03-22 23:00:00	-0.00036487	1.42589	3.90963	0.000249048	2.1539e-05	3.0893e-06	6.03678e-06	0.000653147	0.00236045	0.0394868	2.76931e-08	0	0	0	0.17214	0.712072	0.00519079	0	0	0.360405	0.483757	0.330852	0.0601348	0.000597235	47.1972	228524	72075.2	98556.2	701.425	43.1934	162.486	88.8758	8.96054	0	0	1.33524	25441.9	7507.8	10314.2	72.452	1.09148	4.06571	8.29043	4.42372	0	0	0.585346
setup	0	2008-03-23 23:00:00	-0.000456774	1.69798	4.54972	0.000136681	1.18182e-05	2.46266e-06	3.32826e-06	0.000673049	0.00256059	0.0395282	3.2062e-08	0	0	0	0.183951	0.9611	0.00554427	0.00288623	0	0.465333	0.58009	0.385825	0.0564203	0.000587195	48.607	228520	72072.7	98553.2	702.447	43.2988	159.667	88.4335	8.85332	0	0	1.36472	25441.4	7507.43	10313.8	72.2527	1.09505	3.99627	8.19905	4.37765	0	0	0.581625
setup	0	2008-03-24 23:00:00	-0.000558211	1.936	5.20412	7.50176e-05	6.48504e-06	1.98727e-06	1.83508e-06	0.00067639	0.00273618	0.0397151	3.92175e-08	0	0	0	0.197808	1.16148	0.00595741	0.00496792	0	0.531299	0.662699	0.449718	0.0539993	0.000580183	50.1438	228516	72069.8	98549.8	703.616	43.4692	156.558	87.9375	8.73767	0	0	1.39939	25440.9	7507.01	10313.3	72.0262	1.10034	3.9196	8.10656	4.32738	0	0	0.579026
setup	0	2008-03-25 23:00:00	-0.000600954	1.98805	5.45919	4.11781e-05	3.5587e-06	1.61739e-06	1.01182e-06	0.00065334	0.00276467	0.0396515	3.447e-08	0	0	0	0.214029	1.18617	0.00644112	0.00493955	0	0.569288	0.69306	0.458184	0.0511827	0.000566513	51.7392	228512	72066.9	98546.2	704.764	43.6565	153.386	87.3684	8.66922	0	0	1.43909	25440.3	7506.57	10312.8	71.7889	1.10614	3.84109	8.00484	4.27202	0	0	0.576318
setup	0	2008-03-26 23:00:00	-0.000354957	1.53352	4.86955	2.26103e-05	1.9529e-06	1.31747e-06	5.579e-07	0.000481815	0.00168659	0.0378866	1.05912e-07	0	0	0	0.232517	0.899521	0.00699563	0.00341372	0.1012	0.392228	0.54808	0.403114	0.0479922	0.000523338	52.9308	228508	72064.4	98543	705.714	43.8545	150.611	86.618	8.60948	0	0	1.46408	25440	7506.35	10312.5	71.7084	1.1123	3.77203	7.93198	4.27588	0	0	0.576954
setup	0	2008-03-27 23:00:00	-0.000334071	1.54335	4.60859	0.105492	0.00911624	0.00012904	0.00261318	0.000476805	0.00157678	0.0347514	1.7391e-07	0	0	0	0.252414	0.900146	0.00759435	0.00330445	0.1219	0.429439	0.510345	0.362852	0.0479262	0.000477149	54.1432	228504	72061	98539.2	706.45	44.0759	148.067	85.8805	8.53116	0	0	1.49408	25439.6	7505.99	10312.1	71.6204	1.11913	3.70884	7.85238	4.2447	0	0	0.58088
setup	0	2008-03-28 23:00:00	-0.000426246	2.07225	4.87172	0.000274057	2.36768e-05	2.03299e-05	6.82274e-06	0.000525478	0.00205115	0.0314908	2.92753e-08	0	0	0	0.273786	1.20129	0.00823774	0.00424663	0	0.543832	0.612897	0.382864	0.0421207	0.000447112	55.9041	228500	72058.7	98536.4	707.252	44.3289	145.475	85.3883	8.44712	0	0	1.53223	25439.1	7505.56	10311.6	71.3692	1.12685	3.64472	7.75002	4.19216	0	0	0.577831
setup	0	2008-03-29 23:00:00	-0.000484196	2.31773	5.27864	0.000157255	1.35833e-05	2.3634e-05	3.93277e-06	0.000511435	0.00217935	0.0290486	2.76681e-08	0	0	0	0.297771	1.34446	0.00895403	0.00476285	0	0.62373	0.67477	0.411056	0.037546	0.000424965	57.9002	228496	72056.3	98533.3	708.049	44.6147	142.832	84.8349	8.33399	0	0	1.57796	25438.4	7505.08	10311	71.0424	1.13547	3.57933	7.64789	4.14623	0	0	0.575648
setup	0	2008-03-30 23:00:00	-0.000489445	2.76024	6.54335	0.000123	1.06229e-05	1.51795e-05	3.0913e-06	0.000464727	0.00199162	0.0276037	6.03383e-08	0	0	0	0.325164	1.63392	0.00976657	0.00650463	0.0483	0.707188	0.7489	0.458423	0.0337157	0.000414843	60.2509	228491	72053	98529.4	708.997	44.9511	139.912	83.8619	8.11041	0	0	1.62678	25437.7	7504.59	10310.4	70.7494	1.14546	3.50727	7.51822	4.09133	0	0	0.578371
setup	0	2008-03-31 23:00:00	-0.000620946	3.12324	7.03853	0.00016809	1.4516e-05	1.26717e-06	7.82181e-05	0.0005143	0.00243547	0.0270372	6.0546e-08	0	0	0	0.356976	1.87498	0.0107076	0.00802872	0.0115	0.800499	0.991999	0.655129	0.0316721	0.000421782	62.8863	228486	72049.7	98525.3	710.211	45.3397	136.717	82.1747	7.6155	0	0	1.68329	25436.9	7503.98	10309.7	70.0507	1.15689	3.42841	7.36321	3.9734	0	0	0.580342
setup	0	2008-04-01 23:00:00	-0.000768188	3.46863	7.6469	0.000197466	1.70545e-05	1.31462e-06	5.00829e-06	0.000523661	0.00266783	0.0258524	4.65601e-08	0	0	0	0.394109	2.11242	0.0117999	0.00963662	0	0.758242	0.838207	0.505363	0.0271429	0.000406685	65.733	228481	72046.2	98520.9	711.256	45.8035	133.383	80.3352	7.34852	0	0	1.72668	25436.2	7503.43	10309	69.7397	1.1702	3.3461	7.12583	3.91496	0	0	0.58069
setup	0	2008-04-02 23:00:00	-0.000924416	3.79244	9.00133	0.000201771	1.74274e-05	1.29191e-06	5.14067e-06	0.000519328	0.00284493	0.0241144	6.37294e-08	0	0	0	0.437307	2.33524	0.0130553	0.0111346	0	0.819194	0.90264	0.528574	0.0218986	0.000394289	68.7816	228474	72041.7	98515.6	711.869	46.3496	129.916	78.0406	7.12188	0	0	1.77607	25435.4	7502.84	10308.3	69.4052	1.18556	3.26047	6.87221	3.85633	0	0	0.578791
setup	0	2008-04-03 23:00:00	-0.000389211	2.52281	7.37726	0.000191659	1.65546e-05	1.13664e-06	4.90505e-06	0.000318249	0.00127813	0.0211526	7.47719e-08	0	0	0	0.486477	1.46411	0.0144837	0.0051585	0.1656	0.864183	0.727167	0.387293	0.01641	0.00032961	70.9362	228468	72038.2	98511.2	712.114	46.8369	127.25	75.7591	6.86564	0	0	1.86457	25434.7	7502.37	10307.7	69.0941	1.19992	3.1939	6.66487	3.80122	0	0	0.581981
setup	0	2008-04-04 23:00:00	-0.000417479	3.15892	7.24677	0.0001752	1.51331e-05	3.78145e-07	4.50395e-06	0.000310418	0.00133137	0.0169669	2.01201e-08	0	0	0	0.538404	1.83667	0.0160138	0.00656831	0.0759	0.705802	0.678114	0.322203	0.0111986	0.00026985	73.7002	228463	72034.9	98507.3	712.059	47.4105	124.771	74.0636	6.58687	0	0	1.90943	25434	7501.92	10307.2	68.7938	1.21661	3.13241	6.48872	3.75998	0	0	0.582037
setup	0	2008-04-05 23:00:00	-0.000591546	4.09026	8.52611	0.000156826	1.35462e-05	1.54149e-07	4.04974e-06	0.000335956	0.00164823	0.0144035	2.90514e-08	0	0	0	0.591631	2.41752	0.0175554	0.00946849	0	0.702023	0.769844	0.368991	0.00812637	0.000254983	77.2408	228457	72031.1	98502.9	711.78	48.098	122.065	72.4243	6.17876	0	0	1.93271	25433.3	7501.43	10306.6	68.4439	1.23603	3.06561	6.30967	3.72137	0	0	0.585893
setup	0	2008-04-06 23:00:00	-0.000930571	4.462	10.6247	0.000138571	1.19697e-05	1.33001e-07	3.59451e-06	0.000388479	0.00216564	0.0129082	8.48372e-08	0	0	0	0.647543	2.86862	0.0191204	0.0159008	0	0.809823	0.932288	0.490855	0.00611186	0.000275826	80.5008	228449	72026	98496.9	711.147	49.0105	118.829	70.5232	5.60166	0	0	1.98163	25432.5	7500.83	10305.8	68.0502	1.26045	2.98604	6.1185	3.68475	0	0	0.587464
setup	0	2008-04-07 23:00:00	-0.00101868	4.97333	10.5452	0.000121219	1.04711e-05	1.13363e-07	3.15864e-06	0.000393318	0.00216045	0.0115749	6.2582e-08	0	0	0	0.705843	3.01812	0.0207194	0.0133678	0	0.838132	0.936725	0.494163	0.00508423	0.000276867	84.6596	228442	72021.3	98491.2	710.064	49.9082	115.645	68.9319	5.51746	0	0	2.02341	25431.7	7500.22	10305.1	67.6393	1.28456	2.90732	5.92458	3.65291	0	0	0.584589
setup	0	2008-04-08 23:00:00	-0.000994592	4.59488	9.40748	0.000105034	9.07263e-06	9.54546e-08	2.74914e-06	0.000348887	0.00186208	0.00963375	5.10498e-08	0	0	0	0.770282	2.72046	0.0224405	0.0105487	0	0.755087	0.831402	0.390829	0.00430369	0.000242507	88.6214	228435	72017.3	98486.4	708.722	50.8246	112.856	67.7398	5.64832	0	0	2.06215	25431	7499.69	10304.4	67.2538	1.30915	2.83808	5.76594	3.62405	0	0	0.575547
setup	0	2008-04-09 23:00:00	-0.000945294	4.24378	8.81387	9.00141e-05	7.77421e-06	7.92465e-08	2.36638e-06	0.00029337	0.00151907	0.00784344	4.82437e-08	0	0	0	0.856427	2.47155	0.0247114	0.00866481	0	0.665733	0.730478	0.297812	0.00361665	0.000206456	92.3318	228429	72013.6	98481.9	707.234	51.7987	110.426	66.4297	5.90886	0	0	2.09682	25430.3	7499.25	10303.8	66.9258	1.33527	2.77765	5.61128	3.60108	0	0	0.56841
setup	0	2008-04-10 23:00:00	-0.00105545	4.18866	8.5831	7.61436e-05	6.57488e-06	6.46409e-08	2.01044e-06	0.000261516	0.00132392	0.0065642	6.76847e-08	0	0	0	0.950388	2.51161	0.0271418	0.0102516	0	0.637673	0.711903	0.271219	0.003072	0.00019177	95.7185	228423	72010	98477.5	705.353	52.9275	108.067	65.6976	6.20253	0	0	2.13356	25429.7	7498.82	10303.3	66.5833	1.36479	2.71918	5.4928	3.58415	0	0	0.565533
setup	0	2008-04-11 23:00:00	-0.000266214	3.352	7.90647	6.35562e-05	5.48648e-06	5.70843e-08	1.68534e-06	0.000133529	0.000396587	0.00577985	4.20749e-08	0	0	0	1.04716	1.87563	0.0296295	0.00483403	0.3151	0.84124	0.603304	0.25741	0.00285173	0.000161078	98.811	228417	72006.4	98473.2	704.237	53.9967	106.211	64.6129	5.32342	0	0	2.21451	25429.1	7498.49	10302.8	66.281	1.39393	2.67284	5.40533	3.55937	0	0	0.576732
setup	0	2008-04-12 23:00:00	-0.00032068	2.47199	5.79456	5.2779e-05	4.5547e-06	4.08828e-08	1.4056e-06	0.000136752	0.000417264	0.00483259	1.13244e-08	0	0	0	1.14458	1.35109	0.0321478	0.0025154	0.046	0.477144	0.469106	0.110132	0.00229565	0.000125948	101.16	228413	72004.1	98470.3	703.421	55.1045	104.737	63.3529	5.25476	0	0	2.2571	25428.7	7498.23	10302.5	66.0415	1.42449	2.63602	5.30946	3.54075	0	0	0.572776
setup	0	2008-04-13 23:00:00	-0.000347483	2.66006	5.2571	4.39186e-05	3.78901e-06	3.21704e-08	1.17475e-06	0.000129969	0.000450847	0.00404578	1.22841e-08	0	0	0	1.24011	1.46377	0.0346015	0.00296938	0.0023	0.380041	0.422101	0.0845511	0.00196816	0.000106106	103.666	228410	72002.2	98467.9	702.626	56.3244	103.391	62.2978	5.39608	0	0	2.28161	25428.4	7498	10302.2	65.8269	1.45778	2.60255	5.2231	3.52762	0	0	0.567551
setup	0	2008-04-14 23:00:00	-0.000383222	3.09828	5.19524	3.66096e-05	3.15803e-06	2.52012e-08	9.83697e-07	0.000118993	0.000437682	0.00347364	1.50178e-08	0	0	0	1.33448	1.70623	0.0369858	0.00366571	0	0.366437	0.412474	0.083704	0.00171982	9.72086e-05	106.598	228406	72000.5	98465.7	701.769	57.6603	102.083	61.48	5.60311	0	0	2.29533	25428	7497.77	10301.9	65.6135	1.49374	2.57019	5.1447	3.51584	0	0	0.566005
setup	0	2008-04-15 23:00:00	-0.000442332	3.53605	5.38041	3.04136e-05	2.62365e-06	1.95719e-08	8.21042e-07	0.000112415	0.000426415	0.00305454	1.87425e-08	0	0	0	1.42983	1.96447	0.0393318	0.00470242	0	0.374384	0.42237	0.0934335	0.00152134	9.42316e-05	109.894	228403	71998.7	98463.6	700.812	59.1254	100.765	60.8762	5.79371	0	0	2.30307	25427.6	7497.53	10301.6	65.3908	1.53248	2.53772	5.07264	3.50416	0	0	0.561887
setup	0	2008-04-16 23:00:00	-0.000565793	4.06082	6.18447	2.49593e-05	2.15337e-06	1.49559e-08	6.76974e-07	0.000116752	0.000460547	0.00276463	2.38776e-08	0	0	0	1.52809	2.31812	0.0416721	0.00695541	0	0.414647	0.471141	0.126332	0.00136576	9.98611e-05	113.404	228399	71996.6	98460.9	699.632	60.7632	99.3369	60.3574	5.87921	0	0	2.31251	25427.2	7497.26	10301.2	65.1454	1.57457	2.50266	4.99803	3.49458	0	0	0.558625
setup	0	2008-04-17 23:00:00	-0.000748144	4.62986	7.04708	2.00351e-05	1.7286e-06	1.11449e-08	5.45892e-07	0.000131254	0.000504313	0.00257878	3.49369e-08	0	0	0	1.63074	2.71245	0.0440391	0.00949525	0	0.467611	0.53116	0.163801	0.00125347	0.000112979	117.131	228395	71994.1	98457.7	698.098	62.5935	97.7401	59.9933	6.02915	0	0	2.32543	25426.7	7496.94	10300.8	64.8797	1.62014	2.46353	4.9253	3.48594	0	0	0.557423
setup	0	2008-04-18 23:00:00	-0.000936195	4.68914	7.5041	1.55361e-05	1.33997e-06	7.99801e-09	4.25036e-07	0.000148959	0.000520589	0.00245024	5.04213e-08	0	0	0	1.73877	2.8162	0.0464628	0.0111496	0	0.514358	0.578469	0.188158	0.00117885	0.00012736	120.609	228391	71991.3	98454.3	696.193	64.5951	96.0249	59.8289	6.2713	0	0	2.34934	25426.2	7496.59	10300.4	64.5872	1.66881	2.42144	4.85756	3.47768	0	0	0.554648
setup	0	2008-04-19 23:00:00	-0.00115367	4.60438	8.0903	1.14596e-05	9.87217e-07	5.45345e-09	3.14525e-07	0.000166911	0.000536951	0.00235235	8.82635e-08	0	0	0	1.85121	2.87326	0.0489456	0.0133407	0	0.556047	0.623101	0.20293	0.00112827	0.000142052	123.588	228386	71988.2	98450.4	693.808	66.7961	94.2011	59.6441	6.74774	0	0	2.38646	25425.7	7496.21	10299.9	64.2843	1.72108	2.37662	4.77588	3.47525	0	0	0.552963
setup	0	2008-04-20 23:00:00	-0.00132926	4.55323	8.06899	7.93724e-06	6.81708e-07	3.49074e-09	2.18152e-07	0.000178542	0.000513457	0.00227335	1.3043e-07	0	0	0	1.96612	2.8925	0.0514754	0.014361	0	0.578716	0.644169	0.200442	0.00109812	0.000152137	126.308	228381	71985.2	98446.7	691.001	69.1494	92.3364	59.9038	7.42496	0	0	2.43098	25425.1	7495.83	10299.4	63.9593	1.77633	2.33066	4.70899	3.47436	0	0	0.550381
setup	0	2008-04-21 23:00:00	-0.0015034	4.29977	8.01305	5.10522e-06	4.35376e-07	2.06988e-09	1.39929e-07	0.00018523	0.000485119	0.00219732	1.80944e-07	0	0	0	2.08199	2.82886	0.0540405	0.0157011	0	0.589758	0.655151	0.19221	0.00107925	0.000158712	128.506	228376	71982.4	98443	687.82	71.6711	90.4669	60.4866	8.25024	0	0	2.485	25424.6	7495.44	10298.9	63.6226	1.83496	2.28448	4.65112	3.47778	0	0	0.550248
setup	0	2008-04-22 23:00:00	-0.00171617	4.29912	8.17489	3.01064e-06	2.52525e-07	1.11614e-09	8.15031e-08	0.000194062	0.000475669	0.00213544	2.40208e-07	0	0	0	2.19665	2.91466	0.0566174	0.017818	0	0.611105	0.67984	0.190666	0.00106837	0.00016786	130.355	228371	71979.8	98439.3	684.161	74.382	88.5653	61.4203	9.30397	0	0	2.54628	25424	7495.04	10298.4	63.2683	1.89741	2.23741	4.60108	3.48711	0	0	0.544641
setup	0	2008-04-23 23:00:00	-0.00159446	4.26828	8.55391	1.72032e-06	1.39215e-07	5.72223e-10	4.51186e-08	0.000189724	0.000397694	0.00208224	1.64754e-07	0	0	0	2.30913	2.72178	0.0592026	0.0143301	0.0207	0.627509	0.670282	0.184252	0.00106275	0.000163449	132.69	228365	71976.7	98435.2	680.597	77.0274	86.7904	62.5401	9.51371	0	0	2.60625	25423.4	7494.65	10297.8	62.9159	1.95957	2.1933	4.54997	3.49505	0	0	0.542079
setup	0	2008-04-24 23:00:00	-0.00154569	3.75315	7.89422	1.01334e-06	7.63981e-08	2.92028e-10	2.48613e-08	0.00016999	0.000313795	0.00198479	1.5819e-07	0	0	0	2.42058	2.42827	0.0618044	0.0131216	0	0.557656	0.614361	0.146537	0.00103826	0.000148126	134.673	228360	71974.1	98431.5	677.21	79.7372	85.1822	63.4351	9.89248	0	0	2.66387	25422.8	7494.3	10297.4	62.591	2.02368	2.15325	4.50416	3.50534	0	0	0.541792
setup	0	2008-04-25 23:00:00	-0.00133857	3.05964	6.99489	6.31765e-07	4.19153e-08	1.48911e-10	1.36951e-08	0.000142524	0.000201492	0.00186322	1.1055e-07	0	0	0	2.52912	1.9338	0.0643791	0.00957197	0	0.48854	0.53712	0.108988	0.000996403	0.000127562	136.425	228355	71971.8	98428.2	674.301	82.4106	83.7989	64.2031	9.96881	0	0	2.71946	25422.4	7494	10297	62.3004	2.08814	2.11869	4.46773	3.51379	0	0	0.534408
setup	0	2008-04-26 23:00:00	-0.00102481	3.62662	8.62981	4.25333e-07	2.29962e-08	7.58457e-11	7.54374e-09	0.000133473	0.000240543	0.00176915	4.06053e-08	0	0	0	2.63383	2.19655	0.0669091	0.00900713	0.0989	0.590793	0.570045	0.190702	0.000939633	0.000118451	138.977	228349	71968	98423.5	672.155	85.1544	82.5297	64.7416	7.95398	0	0	2.77851	25421.9	7493.69	10296.6	61.9605	2.15453	2.08704	4.46404	3.51452	0	0	0.534004
setup	0	2008-04-27 23:00:00	-0.001103	3.84529	8.07942	3.11258e-07	1.26157e-08	3.85743e-11	4.15569e-09	0.000132999	0.000231141	0.0016414	4.09169e-08	0	0	0	2.73802	2.35516	0.0694383	0.0102846	0.0322	0.505622	0.533828	0.155146	0.000874653	0.000114197	141.542	228344	71964.9	98419.4	670.134	88.0476	81.3025	63.8346	7.88966	0	0	2.82433	25421.4	7493.39	10296.2	61.6898	2.2241	2.05647	4.41395	3.52186	0	0	0.529221
setup	0	2008-04-28 23:00:00	-0.000953321	4.63274	9.3697	2.45394e-07	6.91918e-09	1.96121e-11	2.29007e-09	0.000134734	0.000267748	0.00158622	3.08147e-08	0	0	0	2.84326	2.7765	0.0719849	0.0109191	0.1035	0.586218	0.5621	0.199115	0.000822152	0.000116511	144.933	228338	71960.8	98414.4	668.582	91.0595	80.099	61.9451	7.4629	0	0	2.86902	25420.9	7493.08	10295.8	61.4319	2.29625	2.02651	4.34335	3.52732	0	0	0.52933
setup	0	2008-04-29 23:00:00	-0.00115683	4.37044	8.34578	2.05968e-07	3.79477e-09	9.98874e-12	1.26202e-09	0.000143602	0.000262921	0.00147508	3.80658e-08	0	0	0	2.95267	2.70607	0.07459	0.0123243	0.0161	0.491192	0.535288	0.160267	0.000773044	0.000117715	147.741	228332	71957.6	98410.4	666.46	94.2345	78.9022	60.7155	7.93758	0	0	2.9085	25420.5	7492.77	10295.4	61.1968	2.37169	1.9967	4.26708	3.53961	0	0	0.525645
setup	0	2008-04-30 23:00:00	-0.00113139	3.67824	7.16863	1.80983e-07	2.08089e-09	5.10045e-12	6.95444e-10	0.000132317	0.000174292	0.00138023	6.61244e-08	0	0	0	3.06366	2.26521	0.0772173	0.00999624	0.0046	0.523626	0.582699	0.136611	0.00073791	0.000113638	150.122	228328	71955.2	98407.2	664.181	97.4177	77.8093	59.9946	7.97085	0	0	2.96241	25420	7492.45	10294.9	60.7223	2.44809	1.9694	4.19206	3.47336	0	0	0.522861
setup	0	2008-05-01 23:00:00	-0.000972065	4.87475	8.68021	1.66844e-07	1.14122e-09	2.61536e-12	3.83233e-10	0.000126985	0.000235574	0.0013606	3.07318e-08	0	0	0	3.17458	2.96537	0.0798496	0.0124733	0.115	0.552403	0.507643	0.167523	0.000710371	0.00011099	153.475	228322	71951.8	98403	662.278	100.802	76.7158	58.6087	7.45413	0	0	3.00381	25419.5	7492.17	10294.6	60.4727	2.52832	1.94213	4.10164	3.47769	0	0	0.524846
setup	0	2008-05-02 23:00:00	-0.000545723	4.13278	7.94386	1.57705e-07	6.25498e-10	1.34775e-12	2.1121e-10	0.000100297	0.000123904	0.00132367	1.31353e-08	0	0	0	3.28967	2.38845	0.0825501	0.00692137	0.1748	0.566414	0.447074	0.135164	0.000694021	0.000101408	156.978	228317	71948.7	98399	660.977	104.069	75.8031	56.6242	6.92458	0	0	3.05179	25419.2	7491.94	10294.3	60.263	2.60754	1.91925	4.00348	3.47762	0	0	0.525424
setup	0	2008-05-03 23:00:00	-0.00073931	4.09828	6.87268	1.51105e-07	3.42644e-10	6.97044e-13	1.16415e-10	0.000113809	0.00012635	0.0012042	1.67088e-08	0	0	0	3.40824	2.35236	0.0852793	0.00679809	0	0.354072	0.397048	0.0908752	0.000635658	8.92462e-05	160.352	228313	71946.3	98396	659.71	107.453	74.9837	54.9027	6.96821	0	0	3.07182	25418.8	7491.73	10294	60.082	2.68927	1.89876	3.90792	3.48153	0	0	0.521183
setup	0	2008-05-04 23:00:00	-0.000855126	4.19833	6.55795	1.43865e-07	1.87922e-10	3.61549e-13	6.41719e-11	0.000106034	0.000141581	0.00110504	2.79979e-08	0	0	0	3.52917	2.49953	0.0879844	0.00943532	0	0.348935	0.39552	0.0883332	0.000589163	8.69678e-05	163.297	228309	71944.4	98393.5	658.078	111.066	74.159	53.6887	7.29212	0	0	3.09526	25418.5	7491.52	10293.7	59.8949	2.77514	1.87818	3.82478	3.48919	0	0	0.519587
setup	0	2008-05-05 23:00:00	-0.00119642	4.5182	6.85274	1.34135e-07	1.03066e-10	1.8802e-13	3.53768e-11	0.000116438	0.000216736	0.00104177	7.62802e-08	0	0	0	3.65085	2.98294	0.0906547	0.0165707	0	0.400575	0.456052	0.105959	0.000553188	0.000100186	165.364	228306	71942.6	98391.1	655.502	115.106	73.1972	53.1308	8.20199	0	0	3.13311	25418.1	7491.27	10293.4	59.6615	2.86809	1.85419	3.75505	3.50459	0	0	0.513701
setup	0	2008-05-06 23:00:00	-0.00151704	4.79104	6.8588	1.24779e-07	5.65279e-11	9.80245e-14	1.95044e-11	0.000129255	0.000212435	0.00100962	1.38321e-07	0	0	0	3.77065	3.25685	0.093284	0.0196845	0	0.451367	0.504335	0.108642	0.000539956	0.000113586	167.214	228302	71941.3	98389	652.052	119.381	72.1538	53.3735	9.6546	0	0	3.17913	25417.7	7490.99	10293	59.3797	2.96529	1.82803	3.7035	3.52355	0	0	0.512241
setup	0	2008-05-07 23:00:00	-0.00171814	4.56421	6.75455	1.20718e-07	3.10042e-11	5.12307e-14	1.07543e-11	0.000133038	0.000178088	0.000995181	1.79284e-07	0	0	0	3.88761	3.16119	0.0958819	0.0202948	0	0.471996	0.522235	0.0988535	0.000542348	0.000118721	168.677	228299	71940.2	98387	648.097	123.773	71.1077	54.1461	11.2265	0	0	3.234	25417.2	7490.7	10292.6	59.0747	3.06507	1.80166	3.6629	3.54646	0	0	0.508832
setup	0	2008-05-08 23:00:00	-0.00177699	3.91982	6.49157	1.23921e-07	1.70046e-11	2.68398e-14	5.93022e-12	0.000126817	0.000127861	0.000982379	1.85605e-07	0	0	0	3.99961	2.78199	0.0984284	0.0189829	0	0.463594	0.51032	0.0830186	0.000549902	0.000115088	169.655	228296	71939.1	98385	644.051	128.192	70.1242	55.1531	12.5835	0	0	3.29691	25416.8	7490.43	10292.3	58.7688	3.16619	1.77673	3.63076	3.57098	0	0	0.50925
setup	0	2008-05-09 23:00:00	-0.00201449	3.46127	6.30335	1.32349e-07	9.32671e-12	1.40925e-14	3.27031e-12	0.000125065	0.000134974	0.000965907	2.65714e-07	0	0	0	4.10318	2.74875	0.100875	0.023194	0	0.470725	0.521438	0.0754011	0.000556966	0.00011647	169.501	228293	71938.3	98383.3	639.653	132.883	69.1448	56.3748	14.1918	0	0	3.37521	25416.3	7490.15	10291.9	58.4492	3.27285	1.75179	3.60968	3.60108	0	0	0.50327
setup	0	2008-05-10 23:00:00	-0.00209558	3.54867	6.28168	1.4283e-07	5.11513e-12	7.41471e-15	1.80357e-12	0.000124534	0.00011035	0.000960401	2.51569e-07	0	0	0	4.19415	2.72097	0.103169	0.0223568	0	0.478801	0.529171	0.0714712	0.000573597	0.000117437	169.618	228289	71937.5	98381.6	635.081	137.568	68.1977	57.84	15.8761	0	0	3.45201	25415.9	7489.87	10291.5	58.1178	3.38052	1.72754	3.59785	3.63317	0	0	0.501451
setup	0	2008-05-11 23:00:00	-0.00176342	4.93766	8.65396	1.54522e-07	2.80564e-12	3.91065e-15	9.94726e-13	0.000140837	0.000204748	0.000987296	1.15377e-07	0	0	0	4.27608	3.32916	0.105373	0.0207568	0.0897	0.608758	0.595578	0.153481	0.000592773	0.00012273	171.682	228285	71935	98378.2	630.759	142.199	67.2752	61.3487	13.6673	0	0	3.52001	25415.4	7489.54	10291.1	57.6995	3.48806	1.70385	3.63976	3.65502	0	0	0.499286
setup	0	2008-05-12 23:00:00	-0.0017076	4.89249	8.77896	1.6696e-07	1.53896e-12	2.06676e-15	5.48691e-13	0.000148428	0.000204416	0.000988268	8.53064e-08	0	0	0	4.3588	3.25567	0.107628	0.0197121	0.0506	0.568589	0.585207	0.155843	0.000604376	0.000124433	173.853	228280	71932.3	98374.6	626.878	146.847	66.4036	63.1447	12.5469	0	0	3.58219	25414.9	7489.22	10290.7	57.307	3.59673	1.68139	3.66337	3.67646	0	0	0.498213
setup	0	2008-05-13 23:00:00	-0.000394467	8.12388	18.4248	1.78457e-07	8.44119e-13	1.09373e-15	3.02649e-13	0.000136463	0.000246388	0.00149129	4.70314e-07	0	0	0	4.44809	4.82899	0.110074	0.0186977	0.8556	1.33169	0.753236	0.338914	0.000763259	0.000166604	180.084	228266	71920.7	98363.1	626.795	151.506	65.5728	58.3704	6.06386	0	0	3.69804	25414.4	7488.78	10290.3	56.9426	3.70637	1.65989	3.68109	3.66118	0	0	0.54344
setup	0	2008-05-14 23:00:00	-0.000289023	4.89402	11.7082	1.87531e-07	4.63022e-13	5.80218e-16	1.66954e-13	0.000145029	0.000146753	0.00144566	6.69602e-08	0	0	0	4.55947	2.81667	0.113038	0.00803054	0.4669	0.920269	0.524616	0.205016	0.000771759	0.000136833	184.318	228258	71911.3	98354.8	626.575	155.859	65.0021	52.4875	5.10304	0	0	3.7964	25414	7488.07	10289.7	56.7653	3.81191	1.645	3.51258	3.66024	0	0	0.581865
setup	0	2008-05-15 23:00:00	-0.000329727	5.47548	9.0677	1.92731e-07	2.53873e-13	3.07579e-16	9.21064e-14	0.00012193	0.000283502	0.00141124	8.12527e-09	0	0	0	4.68144	3.15531	0.116193	0.00937061	0.0368	0.409019	0.418149	0.10286	0.000568097	0.000106683	188.95	228253	71908.5	98350.9	625.724	160.404	64.5506	48.7493	5.07659	0	0	3.81148	25413.6	7487.86	10289.4	56.6383	3.92157	1.63321	3.33378	3.67442	0	0	0.605726
setup	0	2008-05-16 23:00:00	-0.000501154	7.43604	9.56422	1.90566e-07	1.39286e-13	1.63054e-16	5.08135e-14	0.000134761	0.00042835	0.00137445	1.24753e-08	0	0	0	4.81569	4.35928	0.119432	0.0152422	0	0.385164	0.44658	0.124075	0.000527	0.00010649	194.723	228248	71906	98347.5	624.374	165.327	64.0549	45.8205	5.39499	0	0	3.802	25413.3	7487.64	10289.1	56.4925	4.03785	1.6203	3.16564	3.69297	0	0	0.608712
setup	0	2008-05-17 23:00:00	-0.000791329	8.2334	10.4001	1.81376e-07	7.63685e-14	8.47033e-17	2.79817e-14	0.000161615	0.000600233	0.00134105	2.74204e-08	0	0	0	4.96981	5.09066	0.122864	0.0223467	0	0.439745	0.514382	0.162592	0.000502775	0.00012196	200.065	228243	71903.2	98344	622.307	170.728	63.4687	43.3995	5.88841	0	0	3.80428	25412.9	7487.37	10288.8	56.2965	4.16173	1.60498	3.01918	3.71399	0	0	0.601301
setup	0	2008-05-18 23:00:00	-0.000638552	9.09185	12.0219	1.71523e-07	4.1979e-14	4.5528e-17	1.54245e-14	0.000151839	0.00058851	0.00157957	4.27717e-08	0	0	0	5.14357	5.77168	0.126548	0.0278314	0.1886	0.681378	0.588132	0.204169	0.000514949	0.000142316	205.27	228237	71899.7	98339.5	619.663	176.547	62.824	41.0895	5.9076	0	0	3.84255	25412.4	7487.06	10288.4	56.0429	4.29217	1.58797	2.8911	3.73476	0	0	0.614992
setup	0	2008-05-19 23:00:00	-0.00059841	9.29017	11.2518	1.67022e-07	2.27682e-14	2.38228e-17	8.51268e-15	0.000157554	0.000602923	0.00167292	2.27459e-08	0	0	0	5.33701	5.59253	0.130534	0.0224298	0.115	0.611823	0.571027	0.178035	0.00051378	0.000141024	211.42	228232	71896.7	98335.7	616.609	182.277	62.2609	39.4395	6.33146	0	0	3.8657	25411.9	7486.75	10288	55.7606	4.42157	1.57288	2.77957	3.7542	0	0	0.62286
setup	0	2008-05-20 23:00:00	-0.000712709	9.71113	11.4042	1.69992e-07	6.64074e-15	5.82335e-18	2.51145e-15	0.000170699	0.000698976	0.0016384	2.56282e-08	0	0	0	5.55316	5.92839	0.134833	0.0251472	0.0621	0.567829	0.585754	0.178068	0.000488317	0.00014348	217.318	228227	71894.1	98332.2	613.232	188.371	61.7015	38.373	6.63132	0	0	3.88769	25411.5	7486.44	10287.6	55.4516	4.55653	1.55772	2.69041	3.77642	0	0	0.622333
setup	0	2008-05-21 23:00:00	-0.00058517	9.27103	11.027	1.77649e-07	0	0	0	0.000152101	0.000541017	0.00161426	2.90628e-08	0	0	0	5.79086	5.56234	0.13944	0.0215271	0.1771	0.665071	0.562233	0.161183	0.000488302	0.000136605	223.317	228222	71891.4	98328.7	609.857	194.526	61.2211	37.506	6.77768	0	0	3.92862	25411	7486.13	10287.2	55.1375	4.69304	1.54449	2.61686	3.79697	0	0	0.627097
setup	0	2008-05-22 23:00:00	-0.000691625	9.88793	11.3728	1.86918e-07	0	0	0	0.000164567	0.00067278	0.00157639	2.4258e-08	0	0	0	6.0477	6.01438	0.144317	0.024947	0.0598	0.554841	0.575795	0.166628	0.000436816	0.000139515	229.083	228218	71889	98325.4	606.327	201.122	60.743	36.8268	6.90171	0	0	3.95779	25410.5	7485.83	10286.8	54.817	4.83613	1.53111	2.54939	3.82079	0	0	0.626742
setup	0	2008-05-23 23:00:00	-0.00108517	10.2756	11.6162	1.95788e-07	0	0	0	0.000209846	0.000909084	0.00141115	4.41378e-08	0	0	0	6.32264	6.55894	0.14942	0.0310676	0	0.53226	0.622022	0.194325	0.000403239	0.00015623	233.99	228213	71886.9	98322.4	602.329	208.345	60.2295	36.4242	7.5399	0	0	3.99349	25410	7485.51	10286.4	54.4722	4.98824	1.51656	2.49482	3.84945	0	0	0.608729
setup	0	2008-05-24 23:00:00	-0.00122016	10.0244	10.4682	2.04432e-07	0	0	0	0.000211738	0.000781248	0.0011774	4.69642e-08	0	0	0	6.61098	6.08144	0.154704	0.0248624	0	0.532192	0.604808	0.176739	0.00037448	0.000151886	239.583	228210	71885.5	98320.1	598.135	215.487	59.7848	36.6237	8.88001	0	0	4.0284	25409.5	7485.19	10286	54.1295	5.14013	1.50367	2.45007	3.87963	0	0	0.584418
setup	0	2008-05-25 23:00:00	-0.000619611	10.6431	13.5915	2.147e-07	0	0	0	0.000149591	0.000553459	0.00137234	4.69278e-08	0	0	0	6.91411	6.66969	0.160235	0.029579	0.2875	0.821194	0.645871	0.208341	0.000362873	0.000160628	244.939	228203	71881.8	98315.4	594.406	223.19	59.3483	36.3165	7.50816	0	0	4.10553	25409	7484.88	10285.6	53.7746	5.30033	1.49068	2.41698	3.90577	0	0	0.600486
setup	0	2008-05-26 23:00:00	-0.000385413	7.70902	11.1395	0.157987	0.0145086	1.31027e-05	0.00561591	0.00014004	9.69538e-05	0.00132964	8.85059e-08	0	0	0	7.22865	4.48488	0.166098	0.0149066	0.7774	1.22434	0.537526	0.14957	0.000559445	0.000132606	250.095	228197	71872	98307.3	591.141	230.348	59.0862	34.8006	7.3497	0	0	4.25095	25408.6	7483.99	10284.8	53.4732	5.45578	1.48233	2.36431	3.9254	0	0	0.59733
setup	0	2008-05-27 23:00:00	-0.000419986	7.78013	9.1057	0.213793	0.0196818	1.62075e-05	0.0076518	0.000129638	0.000279924	0.00122566	1.20712e-08	0	0	0	7.54534	4.5095	0.172143	0.0137916	0.1219	0.520089	0.451492	0.0907694	0.000422398	0.000106374	255.692	228193	71869.8	98304.4	588.087	237.789	58.9576	34.186	7.48727	0	0	4.29742	25408.2	7483.69	10284.5	53.1965	5.61678	1.4775	2.29903	3.94472	0	0	0.626524
setup	0	2008-05-28 23:00:00	-0.000730404	9.27609	9.96785	0.0902399	0.00832367	6.38865e-06	0.00324714	0.000154465	0.000514149	0.00112298	2.33515e-08	0	0	0	7.86554	5.73105	0.178136	0.0235909	0	0.420027	0.494043	0.122377	0.000406126	0.000113545	260.708	228190	71868.6	98302.3	584.902	246.108	58.7713	34.0532	7.52229	0	0	4.33241	25407.8	7483.45	10284.2	52.9167	5.79006	1.47092	2.24799	3.9707	0	0	0.628399
setup	0	2008-05-29 23:00:00	-0.00114881	10.6561	11.2123	0.000494714	4.57248e-05	3.36997e-08	1.7976e-05	0.000192376	0.000728381	0.00107509	4.80636e-08	0	0	0	8.19081	6.95618	0.184112	0.034193	0	0.492715	0.581472	0.174974	0.000358351	0.000143949	264.817	228186	71867.2	98300.2	581.097	255.352	58.5127	34.1762	7.9342	0	0	4.38364	25407.3	7483.17	10283.8	52.599	5.97602	1.46198	2.21044	4.00106	0	0	0.622776
setup	0	2008-05-30 23:00:00	-0.00063994	11.1678	13.4486	0.0782322	0.0072484	5.22148e-06	0.00286528	0.000156029	0.000470708	0.00133235	6.43297e-08	0	0	0	8.52121	6.80768	0.190214	0.0282673	0.345	0.854802	0.609125	0.18955	0.000319276	0.000154748	270.501	228180	71863	98295.2	577.412	264.456	58.3223	33.5119	6.85003	0	0	4.47302	25406.9	7482.79	10283.3	52.2555	6.16152	1.45447	2.16858	4.01985	0	0	0.652838
setup	0	2008-05-31 23:00:00	-0.000630164	7.73727	9.70057	0.000655355	6.0832e-05	4.23228e-08	2.42196e-05	0.000155788	0.000500403	0.0011332	2.03056e-08	0	0	0	8.86176	4.56452	0.196525	0.017002	0.0207	0.495273	0.539067	0.128489	0.000248163	0.000128832	274.739	228176	71861.2	98292.3	574.235	273.241	58.3104	32.1272	7.01925	0	0	4.53733	25406.4	7482.53	10283	51.8527	6.34524	1.45177	2.09002	3.97533	0	0	0.637465
setup	0	2008-06-01 23:00:00	-0.000729218	8.98458	9.15005	0.000683133	6.35376e-05	4.3602e-08	2.54531e-05	0.000149291	0.000469681	0.000938233	1.8865e-08	0	0	0	9.19917	5.3129	0.202757	0.0199865	0	0.403559	0.463393	0.101799	0.00019772	0.00011336	279.606	228173	71860.3	98290.7	571.032	282.543	58.3045	31.5478	7.66079	0	0	4.58232	25406.1	7482.32	10282.7	51.5752	6.53703	1.44914	2.0267	3.99856	0	0	0.623444
setup	0	2008-06-02 23:00:00	-0.000944536	11.2603	10.5315	0.000629746	5.8689e-05	3.97403e-08	2.3659e-05	0.000162333	0.000545838	0.000867507	2.69929e-08	0	0	0	9.54025	6.84987	0.208977	0.0281349	0.0391	0.47837	0.516068	0.135692	0.000156683	0.000127347	285.089	228170	71859.5	98289.1	567.425	292.645	58.2347	31.6444	8.0598	0	0	4.62902	25405.6	7482.08	10282.3	51.2668	6.73967	1.4444	1.97987	4.02482	0	0	0.616668
setup	0	2008-06-03 23:00:00	-0.00129915	12.1477	10.8798	0.000558146	5.21201e-05	3.48414e-08	2.11448e-05	0.000191448	0.000646516	0.000774686	4.42781e-08	0	0	0	9.89594	7.61923	0.215361	0.033264	0.0184	0.500101	0.561859	0.160702	0.000126169	0.000147214	290.442	228168	71859.2	98288	563.275	303.406	58.1601	32.2905	8.78718	0	0	4.68063	25405.2	7481.82	10282	50.9184	6.95155	1.43907	1.94937	4.05362	0	0	0.60797
setup	0	2008-06-04 23:00:00	-0.00162703	11.5392	10.1792	0.000488086	4.56681e-05	3.01539e-08	1.86462e-05	0.000207643	0.000638811	0.000656997	9.06478e-08	0	0	0	10.2651	7.38324	0.221927	0.0347929	0.0023	0.514394	0.58744	0.159217	0.000104368	0.000159345	294.532	228166	71859.4	98287.5	558.596	314.597	58.1159	33.4351	10.1011	0	0	4.74927	25404.7	7481.54	10281.6	50.5396	7.17014	1.43414	1.93246	4.08612	0	0	0.593457
setup	0	2008-06-05 23:00:00	-0.00170555	9.76112	8.97921	0.000423428	3.96959e-05	2.59019e-08	1.63124e-05	0.000192534	0.000477818	0.000539263	1.24555e-07	0	0	0	10.6363	6.16351	0.228564	0.0288557	0.0046	0.506973	0.565468	0.127553	8.74038e-05	0.000149551	297.849	228164	71859.9	98287	553.887	325.732	58.1719	34.8701	11.4751	0	0	4.82943	25404.3	7481.27	10281.2	50.1643	7.39017	1.43169	1.92238	4.11921	0	0	0.575065
setup	0	2008-06-06 23:00:00	-0.00183756	8.60746	8.08006	0.000364447	3.4232e-05	2.20843e-08	1.41585e-05	0.000172897	0.000369007	0.000445112	1.5913e-07	0	0	0	10.995	5.63034	0.235081	0.0292747	0	0.485617	0.545933	0.101795	7.29689e-05	0.000138932	299.828	228163	71860.8	98287	549.178	337.227	58.2835	36.4226	13.0905	0	0	4.9213	25403.9	7481.02	10280.9	49.8006	7.61681	1.43051	1.91539	4.15704	0	0	0.558442
setup	0	2008-06-07 23:00:00	-0.000304094	9.47736	14.9333	0.000311307	2.92946e-05	1.86871e-08	1.21921e-05	0.00010226	0.000183905	0.000733987	4.96958e-08	0	0	0	11.3347	5.58937	0.241527	0.0207728	0.667	1.09752	0.557328	0.168018	0.000229001	0.000138288	304.916	228154	71854.5	98280.2	546.648	348.415	58.4785	36.4338	7.50415	0	0	5.07083	25403.5	7480.75	10280.6	49.471	7.84203	1.43149	1.92629	4.16597	0	0	0.580865
setup	0	2008-06-08 23:00:00	-0.000433448	8.31727	11.5192	0.000265774	2.5054e-05	1.58053e-08	1.04917e-05	0.000122634	0.000303652	0.000762158	7.28511e-09	0	0	0	11.6724	4.89339	0.248105	0.0178194	0.0851	0.482998	0.461957	0.113691	5.37308e-05	0.000120536	309.427	228149	71851.4	98276.2	544.753	359.757	58.7654	33.1308	7.04862	0	0	5.14457	25403.1	7480.52	10280.3	49.2471	8.0715	1.43487	1.84084	4.19085	0	0	0.5961
setup	0	2008-06-09 23:00:00	-0.000479326	9.00415	10.3863	0.000228011	2.15322e-05	1.34403e-08	9.0741e-06	0.000124878	0.000327965	0.000716355	8.25731e-09	0	0	0	12.0037	5.29769	0.254521	0.0192869	0.0483	0.421903	0.436992	0.0959771	4.45566e-05	0.000109669	314.305	228145	71849.9	98273.7	542.457	371.497	59.0768	31.0176	7.17759	0	0	5.20654	25402.8	7480.34	10280	49.0252	8.30777	1.43873	1.76274	4.2211	0	0	0.603404
setup	0	2008-06-10 23:00:00	-0.000376907	8.57503	10.1424	0.1281	0.0121377	7.36808e-06	0.00514399	0.000111711	0.000120942	0.000688407	1.52435e-08	0	0	0	12.3316	5.0481	0.260862	0.0183233	0.345	0.700459	0.42048	0.0865747	6.74039e-05	0.000100628	318.962	228141	71846.2	98270.2	539.86	383.466	59.4386	29.4067	7.02729	0	0	5.3113	25402.4	7479.95	10279.6	48.7893	8.54892	1.4438	1.69739	4.24596	0	0	0.617407
setup	0	2008-06-11 23:00:00	-0.000604942	11.2487	10.2962	0.000576635	5.40421e-05	3.15796e-08	2.30618e-05	0.000132533	0.000382778	0.00072193	1.13304e-08	0	0	0	12.6575	6.68883	0.26714	0.0247562	0.0046	0.372402	0.435742	0.0935926	3.31561e-05	0.000104	325.057	228139	71845.9	98269.1	537.024	396.118	59.7605	28.8024	7.38736	0	0	5.35368	25402.1	7479.77	10279.4	48.5458	8.79982	1.44741	1.63973	4.27927	0	0	0.630132
setup	0	2008-06-12 23:00:00	-0.000574115	10.7016	10.3136	0.000588745	5.38652e-05	3.1198e-08	2.31346e-05	0.000127023	0.000375787	0.000695567	1.28697e-08	0	0	0	12.9962	6.36132	0.273476	0.0240143	0.0713	0.450015	0.443891	0.0983095	2.96271e-05	0.000106711	330.5	228136	71845.3	98267.8	534.059	409.007	60.1255	28.2255	7.59904	0	0	5.4166	25401.8	7479.6	10279.1	48.2881	9.05511	1.45188	1.59197	4.31031	0	0	0.632381
setup	0	2008-06-13 23:00:00	-0.000580086	12.3459	11.44	0.010991	0.00104319	6.01974e-07	0.000450305	0.000126358	0.000412783	0.000776785	1.31266e-08	0	0	0	13.3452	7.45321	0.279898	0.029118	0.1265	0.519991	0.468252	0.110735	2.97275e-05	0.000114546	336.547	228133	71844.5	98266.3	530.909	422.521	60.4652	27.8845	7.52793	0	0	5.48316	25401.4	7479.39	10278.8	48.0098	9.31922	1.45526	1.5542	4.3412	0	0	0.646399
setup	0	2008-06-14 23:00:00	-0.000981381	13.3919	11.8166	0.000313954	2.31054e-05	1.31116e-08	1.00578e-05	0.000173247	0.000655143	0.000719426	2.27788e-08	0	0	0	13.7113	8.36778	0.286492	0.0358942	0	0.429089	0.510962	0.1355	2.41146e-05	0.000132004	342.086	228131	71844.4	98265.5	527.38	436.797	60.7604	27.7698	8.02462	0	0	5.5425	25401.1	7479.18	10278.5	47.7076	9.59355	1.45697	1.52567	4.3747	0	0	0.637921
setup	0	2008-06-15 23:00:00	-0.000748663	13.676	13.0705	0.000235474	1.26749e-05	7.13636e-09	5.55633e-06	0.000156001	0.000560182	0.000815834	2.24295e-08	0	0	0	14.0951	8.51468	0.293331	0.0364381	0.1518	0.60271	0.538124	0.147424	2.54205e-05	0.000144427	347.636	228128	71843.4	98263.7	523.793	451.401	61.0875	27.4428	7.79097	0	0	5.62919	25400.7	7478.95	10278.2	47.3919	9.8732	1.459	1.49902	4.40629	0	0	0.645633
setup	0	2008-06-16 23:00:00	-0.000752308	13.2358	12.7301	0.000209573	6.94219e-06	3.87966e-09	3.06503e-06	0.000165406	0.000600626	0.000846852	1.99242e-08	0	0	0	14.494	8.14278	0.300427	0.0339622	0.1035	0.556046	0.534587	0.144052	2.3378e-05	0.000145992	353.116	228125	71842.5	98261.9	520.187	466.175	61.4945	26.9055	7.85606	0	0	5.71418	25400.3	7478.73	10277.9	47.0746	10.1567	1.46275	1.46834	4.43859	0	0	0.64829
setup	0	2008-06-17 23:00:00	-0.000431679	10.465	11.2763	0.217535	0.0208993	1.12381e-05	0.00929645	0.000122091	-1.17868e-05	0.000770621	3.68566e-08	0	0	0	14.9015	6.14919	0.307842	0.0217985	0.9867	1.37639	0.468149	0.103499	0.000108064	0.000120446	358.684	228121	71832.8	98254.7	516.717	480.513	62.1146	26.0303	7.88919	0	0	5.92014	25399.9	7477.78	10277.2	46.7842	10.4384	1.47223	1.43829	4.45524	0	0	0.63234
setup	0	2008-06-18 23:00:00	-0.000556659	10.6906	9.76165	0.247653	0.0238531	1.19517e-05	0.0106728	0.000135988	0.000304259	0.000651739	1.06574e-08	0	0	0	15.3053	6.2779	0.31545	0.0218396	0.0276	0.394591	0.426551	0.081114	1.89461e-05	0.000102595	364.516	228119	71833.2	98254.3	513.372	495.262	62.7952	25.9034	8.38446	0	0	5.9862	25399.6	7477.63	10276.9	46.5008	10.7275	1.48331	1.39941	4.48271	0	0	0.648195
setup	0	2008-06-19 23:00:00	-0.000759844	12.1491	10.2116	0.195764	0.0188923	9.01019e-06	0.00850204	0.00014641	0.000423824	0.000552546	1.49155e-08	0	0	0	15.7079	7.24605	0.322883	0.0267585	0.0023	0.373493	0.438105	0.0925528	1.67243e-05	0.000104013	370.633	228117	71834	98254.3	510.019	510.698	63.4356	26.3796	8.77795	0	0	6.04647	25399.2	7477.46	10276.7	46.2164	11.0265	1.49312	1.37434	4.51112	0	0	0.650001
setup	0	2008-06-20 23:00:00	-0.000955014	1.89548	11.0754	0.00140477	0.000105084	4.88064e-08	4.76495e-05	0.000170234	0.000574698	0.000553114	3.18011e-08	0	0	0	0.54966	4.19307	0.0112811	0.0444792	0.059399	0.488292	0.517964	0.138861	1.53978e-05	0.000135008	362.485	228112	71830.9	98250.4	506.949	512.094	63.7985	23.9628	7.81591	0	0	6.1939	25398.9	7477.26	10276.4	45.9527	11.0259	1.49534	1.34834	4.55099	0	0	0.625702
setup	0	2008-06-21 23:00:00	-0.000582522	1.84828	11.0333	0.163592	0.0158455	7.29558e-06	0.00724232	0.000149898	0.000346342	0.00072656	3.88797e-08	0	0	0	0.497249	3.9052	0.0102055	0.0461043	0.4025	0.864667	0.549034	0.138693	4.68207e-05	0.000146867	354.82	228106	71826	98245	503.108	513.056	64.1819	21.6146	7.57991	0	0	6.67641	25398.4	7476.87	10276	45.6538	11.0251	1.49775	1.31251	4.58295	0	0	0.645318
setup	0	2008-06-22 23:00:00	-0.00051444	1.33879	8.63947	0.142717	0.0138423	6.27426e-06	0.00636538	0.000140354	0.000309872	0.000650446	2.17281e-08	0	0	0	0.450241	2.51888	0.00924201	0.0312372	0.1771	0.610654	0.492262	0.0937297	1.44245e-05	0.000122371	349.156	228102	71822.7	98241.1	499.155	512.958	64.791	20.2064	7.93143	0	0	6.91513	25398.1	7476.55	10275.6	45.3535	11.0124	1.50628	1.27058	4.6166	0	0	0.636205
setup	0	2008-06-23 23:00:00	-0.00048269	1.23067	7.16901	0.0715453	0.00692611	3.11544e-06	0.0032028	0.000124795	0.000282192	0.000489812	1.73704e-08	0	0	0	0.411083	2.2252	0.00845171	0.0282859	0.0598	0.449498	0.444534	0.0678755	1.08679e-05	9.97158e-05	344.014	228098	71821.2	98238.9	495.464	512.663	65.4392	19.459	8.6251	0	0	6.98849	25397.7	7476.33	10275.3	45.0841	10.9979	1.51632	1.23534	4.65712	0	0	0.617658
setup	0	2008-06-24 23:00:00	-0.00053917	1.32348	6.97142	0.000712894	2.01465e-05	8.93597e-09	9.40766e-06	0.000122783	0.000298223	0.00039024	1.92316e-08	0	0	0	0.377517	2.3995	0.00778321	0.0312014	0	0.381122	0.439437	0.0649921	9.03727e-06	9.24356e-05	338.737	228095	71820.3	98237.3	491.874	512.454	66.0133	19.1234	9.33425	0	0	6.96526	25397.4	7476.16	10275	44.8307	10.9855	1.52476	1.20892	4.7037	0	0	0.601821
setup	0	2008-06-25 23:00:00	-0.000735251	1.879	8.38568	0.000663633	1.10417e-05	4.87157e-09	5.19688e-06	0.000139189	0.000410726	0.000396292	3.53645e-08	0	0	0	0.348884	3.6679	0.00722221	0.0493567	0.0069	0.439506	0.509428	0.097134	8.15114e-06	0.000111759	331.823	228092	71819.3	98235.4	487.876	513.013	66.3068	19.1594	9.89538	0	0	6.90188	25397	7475.96	10274.8	44.551	10.9862	1.52593	1.19632	4.75574	0	0	0.593498
setup	0	2008-06-26 23:00:00	-0.000935699	2.17046	9.67511	0.000656262	6.04162e-06	2.65173e-09	2.86631e-06	0.000169746	0.000534126	0.000411668	5.40096e-08	0	0	0	0.325383	4.32255	0.0067754	0.0592295	0	0.493181	0.576837	0.131041	7.5414e-06	0.000140455	324.088	228088	71817.8	98233	483.46	513.904	66.5059	19.3711	10.1349	0	0	6.841	25396.6	7475.72	10274.4	44.2349	10.9935	1.52443	1.19153	4.80846	0	0	0.589599
setup	0	2008-06-27 23:00:00	-0.00108519	2.25235	10.3894	0.000671414	3.30548e-06	1.44348e-09	1.58088e-06	0.000197914	0.000631842	0.000414081	6.55273e-08	0	0	0	0.307123	4.42786	0.00644783	0.0614627	0	0.531453	0.618276	0.153596	7.06497e-06	0.000162316	316.316	228084	71815.8	98230.1	478.852	514.757	66.6897	19.5507	10.2264	0	0	6.74764	25396.2	7475.46	10274.1	43.8979	11.0014	1.52242	1.18772	4.86252	0	0	0.582492
setup	0	2008-06-28 23:00:00	-0.00113464	2.11644	10.5322	0.000698665	1.80845e-06	7.8585e-10	8.71963e-07	0.000210346	0.000642462	0.000396917	6.61393e-08	0	0	0	0.294448	4.01622	0.00624946	0.055886	0.0092	0.550258	0.624854	0.15625	6.6377e-06	0.00016859	309.232	228079	71813.6	98226.7	474.295	515.252	66.9288	19.5584	10.2125	0	0	6.61525	25395.7	7475.2	10273.7	43.5588	11.0038	1.5219	1.17991	4.91698	0	0	0.57801
setup	0	2008-06-29 23:00:00	-0.000517228	1.49414	10.4146	0.158169	0.015516	6.74529e-06	0.00754683	0.000139751	4.94181e-05	0.000428389	7.33368e-08	0	0	0	0.287801	2.47691	0.00620038	0.0352849	0.736	1.21573	0.565737	0.125031	0.00010278	0.000142452	304.389	228072	71805.2	98219.1	470.174	514.693	67.4087	18.8029	9.38921	0	0	6.87234	25395.3	7474.47	10273.1	43.2297	10.9902	1.52789	1.16302	4.95345	0	0	0.58958
setup	0	2008-06-30 23:00:00	-0.000434479	1.23637	7.91349	0.196714	0.0193463	8.39695e-06	0.00948429	0.000128721	9.48304e-05	0.000366284	2.12152e-08	0	0	0	0.287546	1.87244	0.00631733	0.0258453	0.2714	0.683195	0.472257	0.0769943	1.1248e-05	0.000107687	300.495	228068	71801.1	98214.9	466.539	513.852	68.0524	17.9981	9.00084	0	0	6.76774	25394.9	7474.1	10272.7	42.8856	10.9713	1.53855	1.12147	4.95376	0	0	0.607471
setup	0	2008-07-01 23:00:00	-0.000342368	1.15019	6.8648	0.205613	0.0202637	8.84585e-06	0.0100134	0.000103596	0.00011317	0.000303503	1.27083e-08	0	0	0	0.29389	1.66462	0.00659214	0.0223032	0.1771	0.51669	0.390696	0.0504253	7.87322e-06	8.59291e-05	298.095	228064	71798.7	98212	463.241	512.964	68.7396	17.2834	8.8361	0	0	6.64209	25394.6	7473.85	10272.4	42.6181	10.9512	1.55073	1.08544	4.9945	0	0	0.61965
setup	0	2008-07-02 23:00:00	-0.000505942	1.35558	6.35845	0.20476	0.0202146	8.92844e-06	0.0100664	0.000114436	0.000205801	0.000254874	1.54737e-08	0	0	0	0.306664	2.01826	0.00700857	0.026721	0	0.33252	0.38841	0.0483843	4.82967e-06	8.04886e-05	295.512	228061	71798.2	98210.6	459.961	512.316	69.2901	16.8155	9.324	0	0	6.37133	25394.3	7473.71	10272.2	42.3622	10.9348	1.55978	1.05425	5.04117	0	0	0.609475
setup	0	2008-07-03 23:00:00	-0.000757643	1.88065	7.46826	0.0201874	0.00192234	8.55546e-07	0.000961618	0.000126113	0.000311558	0.000263946	3.43132e-08	0	0	0	0.326283	3.08512	0.00756371	0.0410571	0	0.376812	0.444545	0.0712571	4.44994e-06	9.64464e-05	291.484	228058	71797.5	98209.1	456.45	512.316	69.553	16.7208	9.79911	0	0	6.1051	25394	7473.55	10271.9	42.1035	10.9287	1.56161	1.03518	5.09893	0	0	0.605614
setup	0	2008-07-04 23:00:00	-0.000936972	1.97987	8.0922	0.000827567	0	0	0	0.000141784	0.000350735	0.00026492	4.37931e-08	0	0	0	0.350742	3.13715	0.0082032	0.0402518	0	0.419824	0.486789	0.0881529	4.15877e-06	0.000112501	287.463	228055	71796.3	98207	452.62	512.277	69.7691	16.8486	10.1133	0	0	5.84972	25393.6	7473.35	10271.6	41.8161	10.9207	1.56214	1.02485	5.15389	0	0	0.600944
setup	0	2008-07-05 23:00:00	-0.00121063	2.3034	8.87069	0.000838808	0	0	0	0.000164262	0.000449573	0.000267101	7.33478e-08	0	0	0	0.380137	3.76307	0.00892647	0.0473329	0	0.459755	0.535501	0.110424	3.96501e-06	0.000134348	282.606	228051	71795	98204.8	448.476	512.637	69.8726	17.2147	10.3383	0	0	5.65411	25393.2	7473.13	10271.3	41.4988	10.9179	1.55974	1.02396	5.20868	0	0	0.595524
setup	0	2008-07-06 23:00:00	-0.00095761	2.38797	9.76874	0.000844577	0	0	0	0.000162846	0.00043463	0.000302917	5.28095e-08	0	0	0	0.414218	3.6603	0.009735	0.0444496	0.0897	0.576233	0.56696	0.128517	5.20522e-06	0.000150411	278.095	228047	71792.8	98201.6	444.371	512.835	69.9612	17.2508	10.2014	0	0	5.49423	25392.8	7472.89	10271	41.1733	10.9118	1.55686	1.02116	5.25954	0	0	0.5931
setup	0	2008-07-07 23:00:00	-0.000563839	2.14453	9.84561	0.0483774	0.00474207	2.07863e-06	0.0024578	0.00013551	0.000252583	0.000373251	4.46009e-08	0	0	0	0.456208	2.81072	0.010711	0.0320776	0.2944	0.757869	0.542624	0.120525	3.96466e-05	0.000142037	275.03	228041	71789.3	98197.4	440.473	512.452	70.2315	16.7889	9.61602	0	0	5.42632	25392.4	7472.6	10270.6	40.8496	10.897	1.55854	1.01069	5.30506	0	0	0.606274
setup	0	2008-07-08 23:00:00	-0.000871225	2.90328	9.72693	0.000840072	0	0	0	0.000171313	0.000493686	0.000395469	4.74201e-08	0	0	0	0.519061	3.85437	0.0121443	0.0426597	0.0023	0.489409	0.56978	0.125823	3.66052e-06	0.00015393	271.053	228037	71787.4	98194.5	436.46	512.707	70.2999	16.5437	9.94651	0	0	5.25589	25392	7472.36	10270.3	40.5279	10.891	1.55519	0.994964	5.36117	0	0	0.600082
setup	0	2008-07-09 23:00:00	-0.000640431	3.19553	10.524	0.170319	0.0169448	7.42108e-06	0.00895242	0.000154903	0.000135502	0.000448888	2.05244e-07	0	0	0	0.592261	3.55028	0.0138031	0.0359186	0.736	1.19959	0.572346	0.138106	0.00016231	0.000155102	268.507	228031	71778.9	98187.4	432.287	512.599	70.4739	16.131	9.74432	0	0	5.34423	25391.5	7471.59	10269.6	40.196	10.881	1.55437	0.991082	5.40258	0	0	0.599004
setup	0	2008-07-10 23:00:00	-0.000863126	3.93714	9.53499	0.197808	0.0197093	8.7264e-06	0.0105005	0.000190787	0.000437854	0.000411351	4.35184e-08	0	0	0	0.67418	3.91363	0.0156604	0.0354077	0	0.491202	0.567806	0.120378	3.43347e-06	0.000151129	266.735	228027	71777.4	98184.9	428.04	512.596	70.6481	16.2448	10.33	0	0	5.22323	25391.1	7471.35	10269.3	39.8517	10.8724	1.55367	0.972404	5.45156	0	0	0.606765
setup	0	2008-07-11 23:00:00	-0.00114851	5.17512	10.3125	0.113026	0.0112345	5.02021e-06	0.0060262	0.000215937	0.000598876	0.000381269	7.38846e-08	0	0	0	0.76365	5.04229	0.0176412	0.0432539	0.0092	0.522514	0.601215	0.140842	3.32702e-06	0.000169073	265.06	228023	71776.1	98182.7	423.712	513.123	70.7248	16.9203	10.7583	0	0	5.17607	25390.6	7471.09	10268.9	39.4984	10.8713	1.55049	0.970673	5.50483	0	0	0.608267
setup	0	2008-07-12 23:00:00	-0.000690084	6.32282	12.3117	0.149677	0.0149141	6.69498e-06	0.008089	0.000170767	0.000346638	0.000531571	9.51853e-08	0	0	0	0.85837	5.09676	0.0197393	0.0354392	0.4002	0.897914	0.599004	0.149491	6.2396e-05	0.000172843	266.017	228017	71771.4	98177.6	419.6	513.242	70.9313	17.203	9.49882	0	0	5.2687	25390.1	7470.65	10268.5	39.1342	10.8656	1.55029	0.97231	5.54325	0	0	0.648622
setup	0	2008-07-13 23:00:00	-0.00053663	5.29337	9.54072	0.112123	0.0111582	5.03639e-06	0.00609572	0.000157671	0.00030123	0.000511887	2.71821e-08	0	0	0	0.957461	3.70114	0.0219518	0.0201906	0.1495	0.58841	0.502644	0.098422	3.50588e-05	0.000138752	268.234	228013	71769.1	98174.4	416.004	512.822	71.4787	16.946	9.33871	0	0	5.34507	25389.7	7470.38	10268.1	38.8024	10.8534	1.55885	0.948413	5.58086	0	0	0.659427
setup	0	2008-07-14 23:00:00	-0.00056528	6.46442	8.51603	0.019316	0.00186127	8.41146e-07	0.00102296	0.000148952	0.00033455	0.000419017	1.62783e-08	0	0	0	1.05734	4.3173	0.0241791	0.0205138	0.0345	0.42194	0.4513	0.0770255	2.86939e-06	0.000114112	271.782	228010	71768.6	98173.1	412.81	512.636	71.9901	17.156	9.88928	0	0	5.37469	25389.4	7470.2	10267.8	38.5188	10.8454	1.56701	0.926567	5.62701	0	0	0.650753
setup	0	2008-07-15 23:00:00	-0.000783287	7.68466	9.33187	0.000772565	3.86322e-06	1.72595e-09	2.15034e-06	0.000159222	0.00043501	0.000377869	2.54835e-08	0	0	0	1.15812	5.39426	0.0263993	0.0282897	0	0.393932	0.468491	0.0899212	2.65016e-06	0.000117616	275.448	228007	71768.3	98172.1	409.662	512.956	72.3158	17.8031	10.2627	0	0	5.4163	25389	7470.01	10267.6	38.242	10.845	1.57074	0.91619	5.67551	0	0	0.640326
setup	0	2008-07-16 23:00:00	-0.000564975	8.68229	11.2049	0.146976	0.0146664	6.60681e-06	0.00827294	0.000126484	0.000158407	0.000472969	5.42486e-08	0	0	0	1.25976	5.97691	0.0286492	0.030151	0.506	0.893378	0.481148	0.113346	6.23364e-05	0.000125032	280.065	228003	71763.6	98167.9	406.487	513.412	72.6254	18.1164	9.58122	0	0	5.59256	25388.7	7469.54	10267.1	37.9525	10.8478	1.57392	0.915415	5.70892	0	0	0.653952
setup	0	2008-07-17 23:00:00	-0.000467679	6.71225	9.03178	0.164377	0.0164159	7.42332e-06	0.00936633	0.000119989	0.000174717	0.00044135	1.57164e-08	0	0	0	1.36324	4.35247	0.0309707	0.0191845	0.1909	0.558634	0.430711	0.0789252	4.35992e-05	0.000108885	284.103	228000	71761.8	98165.7	403.501	513.474	73.1699	17.8896	9.74248	0	0	5.69233	25388.3	7469.28	10266.8	37.6741	10.846	1.58311	0.895664	5.74418	0	0	0.653451
setup	0	2008-07-18 23:00:00	-0.000546733	8.27922	10.0184	0.136421	0.0136149	6.16957e-06	0.00785326	0.00012453	0.00030643	0.000489002	1.51852e-08	0	0	0	1.46711	5.69335	0.0332991	0.0289129	0.138	0.499731	0.437732	0.0845279	2.29472e-05	0.000109739	288.362	227997	71760.2	98163.6	400.636	514.139	73.4986	18.0404	9.56942	0	0	5.76315	25388	7469.04	10266.5	37.4027	10.8536	1.587	0.882644	5.78353	0	0	0.666695
setup	0	2008-07-19 23:00:00	-0.000437693	6.17899	8.91695	0.162577	0.0162399	7.35353e-06	0.00948867	0.000115424	9.49849e-05	0.000442112	2.13841e-08	0	0	0	1.57181	4.02017	0.0356536	0.0180774	0.3565	0.687442	0.396355	0.0750355	7.61057e-05	9.83622e-05	291.952	227994	71756.8	98160	397.863	514.392	74.0677	17.6216	9.3578	0	0	5.91367	25387.7	7468.69	10266.1	37.1457	10.8565	1.59702	0.869093	5.81237	0	0	0.676715
setup	0	2008-07-20 23:00:00	-0.000562607	8.18227	8.8422	0.11702	0.011672	5.27564e-06	0.00689363	0.000121049	0.000284692	0.000433324	1.30169e-08	0	0	0	1.67587	5.40009	0.0380033	0.0251118	0.0253	0.359956	0.400726	0.0678424	1.94161e-06	9.5788e-05	296.638	227991	71756.7	98159.3	395.17	515.111	74.4395	17.8624	9.84669	0	0	5.94348	25387.4	7468.54	10265.9	36.8969	10.8668	1.60233	0.852626	5.85387	0	0	0.667284
setup	0	2008-07-21 23:00:00	-0.00064108	8.12827	8.9751	0.000649401	3.21833e-06	1.44122e-09	1.92232e-06	0.000127776	0.000314032	0.000390256	1.38412e-08	0	0	0	1.78193	5.35958	0.0403514	0.0247729	0.0207	0.365462	0.407778	0.0736847	1.80779e-06	9.83126e-05	301.221	227989	71756.4	98158.4	392.569	515.91	74.798	18.1433	10.304	0	0	5.98104	25387.1	7468.39	10265.7	36.6595	10.8786	1.60738	0.843238	5.89871	0	0	0.655073
setup	0	2008-07-22 23:00:00	-0.000549677	7.16971	8.42811	0.000608161	7.5367e-07	3.37025e-10	4.55345e-07	0.000113615	0.000251992	0.00033622	1.13829e-08	0	0	0	1.88982	4.65619	0.0427044	0.020512	0.0552	0.38541	0.387466	0.0663456	1.77756e-06	9.17843e-05	305.381	227987	71756.1	98157.3	390.089	516.646	75.2561	18.3165	10.6095	0	0	6.03754	25386.8	7468.25	10265.5	36.4305	10.8904	1.61504	0.835126	5.94111	0	0	0.644459
setup	0	2008-07-23 23:00:00	-0.000488751	6.53116	7.71619	0.000584224	1.76509e-07	7.88225e-11	1.07857e-07	0.000100989	0.000204091	0.000281371	8.47078e-09	0	0	0	1.99792	4.14384	0.0450398	0.0164914	0.0506	0.351572	0.352868	0.0537439	1.56413e-06	8.05375e-05	309.552	227985	71755.9	98156.4	387.793	517.365	75.8177	18.4913	10.8011	0	0	6.08752	25386.6	7468.13	10265.3	36.2158	10.9028	1.62547	0.827319	5.98161	0	0	0.642367
setup	0	2008-07-24 23:00:00	-0.000585474	7.03337	7.61227	0.000563333	4.13399e-08	1.84365e-11	2.55468e-08	0.000102402	0.000229471	0.000240931	9.07253e-09	0	0	0	2.10565	4.47094	0.0473368	0.0175578	0	0.286106	0.339766	0.05022	1.2835e-06	7.50341e-05	314.115	227983	71756.1	98156	385.636	518.294	76.3328	18.8346	11.0562	0	0	6.11298	25386.3	7468.02	10265.1	36.0124	10.9187	1.63495	0.820975	6.0231	0	0	0.634808
setup	0	2008-07-25 23:00:00	-0.000803111	8.18602	8.78774	0.000542217	9.68253e-09	4.31263e-12	6.05054e-09	0.000110011	0.000293924	0.000242649	1.64046e-08	0	0	0	2.21415	5.5309	0.049606	0.025914	0	0.305041	0.36857	0.0661278	1.29913e-06	8.42612e-05	318.448	227981	71756.2	98155.3	383.458	519.753	76.6187	19.3851	11.0623	0	0	6.1458	25386.1	7467.89	10264.9	35.8082	10.9421	1.63884	0.822279	6.06654	0	0	0.630633
setup	0	2008-07-26 23:00:00	-0.00103251	9.33847	9.75664	0.000520128	2.26795e-09	1.00888e-12	1.43289e-09	0.000126852	0.000346836	0.000253854	2.40519e-08	0	0	0	2.32453	6.39928	0.0518784	0.0314233	0.0138	0.357304	0.411012	0.0876791	1.33086e-06	0.000101427	322.941	227980	71756.1	98154.6	381.094	521.549	76.7553	20.0346	11.2595	0	0	6.19266	25385.8	7467.74	10264.7	35.5905	10.9703	1.63893	0.82987	6.11046	0	0	0.626859
setup	0	2008-07-27 23:00:00	-0.000481013	8.75487	11.084	0.000496969	5.30971e-10	2.36033e-13	3.39306e-10	9.70129e-05	0.000202562	0.000396561	1.75364e-08	0	0	0	2.43792	5.8336	0.0542156	0.0272392	0.3082	0.646832	0.412024	0.0895445	2.65895e-05	0.000106425	327.452	227976	71754.2	98152	379.01	523.161	76.9984	19.785	10.2658	0	0	6.32556	25385.5	7467.58	10264.5	35.3801	10.9969	1.64135	0.831805	6.14715	0	0	0.64425
setup	0	2008-07-28 23:00:00	-0.00060374	9.09146	10.3182	0.00905437	0.000859106	3.83946e-07	0.000553504	0.000114242	0.000278208	0.000414446	1.22933e-08	0	0	0	2.55392	6.02546	0.0566208	0.0273835	0.0736	0.413341	0.402529	0.0826359	2.23412e-06	0.000104675	332.319	227973	71753.2	98150.3	376.923	524.918	77.2553	19.3668	10.2885	0	0	6.38963	25385.2	7467.41	10264.3	35.1738	11.0262	1.6441	0.820685	6.18737	0	0	0.6462
setup	0	2008-07-29 23:00:00	-0.000598544	8.07615	9.56164	0.000448009	0	0	0	0.000117802	0.000283633	0.000379879	1.09472e-08	0	0	0	2.67245	5.37704	0.0590587	0.025176	0.0391	0.374254	0.393558	0.077264	1.4708e-06	0.000100781	336.28	227970	71752.5	98148.9	374.8	526.683	77.5604	18.9567	10.5157	0	0	6.46143	25384.9	7467.27	10264.1	34.9712	11.0564	1.64809	0.80903	6.22961	0	0	0.63898
setup	0	2008-07-30 23:00:00	-0.000786672	9.3099	9.88946	0.000423282	0	0	0	0.000133791	0.000355316	0.000350068	1.41881e-08	0	0	0	2.79177	6.27642	0.0614992	0.0299581	0	0.344399	0.40921	0.083877	1.33105e-06	0.000104554	340.756	227968	71752.3	98147.9	372.572	528.821	77.737	19.0353	10.997	0	0	6.51743	25384.6	7467.12	10263.8	34.7666	11.092	1.64898	0.805056	6.27495	0	0	0.629588
setup	0	2008-07-31 23:00:00	-0.000944775	9.60021	9.9411	0.000396793	0	0	0	0.0001433	0.000372062	0.000316311	1.77044e-08	0	0	0	2.91346	6.46524	0.0639645	0.0305009	0	0.35858	0.424605	0.0881753	1.27137e-06	0.000109135	345.424	227966	71752.3	98147.2	370.226	531.101	77.9189	19.3055	11.0511	0	0	6.57698	25384.3	7466.97	10263.6	34.4921	11.1301	1.64992	0.795991	6.26062	0	0	0.628058
setup	0	2008-08-01 23:00:00	-0.0012296	10.2344	10.2767	0.0003691	0	0	0	0.000153333	0.000419931	0.000292303	2.94984e-08	0	0	0	3.03805	7.30352	0.0664646	0.0384871	0	0.357415	0.423771	0.0939863	1.20942e-06	0.00011902	349.375	227965	71752.8	98146.9	367.648	533.965	77.9869	19.9899	11.2449	0	0	6.64555	25384	7466.82	10263.4	34.2537	11.1763	1.64792	0.797576	6.30032	0	0	0.624288
setup	0	2008-08-02 23:00:00	-0.000525388	10.7494	13.6025	0.100402	0.0100058	4.43464e-06	0.00682707	0.00010931	0.000166516	0.000569415	3.19263e-08	0	0	0	3.16499	7.42745	0.0690539	0.0370088	0.5359	0.873705	0.42263	0.0904882	3.45858e-05	0.000124947	354.277	227960	71749.2	98142.9	365.506	536.748	78.1302	19.2907	9.01596	0	0	6.84257	25383.7	7466.56	10263.1	34.0235	11.2228	1.64717	0.793219	6.32136	0	0	0.686137
setup	0	2008-08-03 23:00:00	-0.000653107	11.0423	11.8166	0.108312	0.0108043	4.75744e-06	0.007428	0.000126977	0.000251946	0.000701195	2.14485e-08	0	0	0	3.29587	7.62207	0.0717967	0.0383996	0.2921	0.636694	0.418208	0.0868018	5.14638e-05	0.000126272	359.207	227957	71746.7	98140.6	363.237	539.687	78.2836	18.1339	9.2364	0	0	6.9778	25383.4	7466.26	10262.8	33.7954	11.2724	1.64636	0.766932	6.35416	0	0	0.671172
setup	0	2008-08-04 23:00:00	-0.000803468	10.9378	10.9072	0.000546098	2.57797e-05	1.12022e-08	1.78904e-05	0.000148152	0.000433861	0.000612801	1.64256e-08	0	0	0	3.43102	7.52949	0.0746238	0.037564	0.0207	0.373156	0.417525	0.0822324	1.66783e-06	0.00012323	364.082	227955	71746.8	98140	360.757	542.714	78.4616	17.7738	9.86104	0	0	7.04632	25383.1	7466.12	10262.6	33.5644	11.324	1.64617	0.746945	6.39775	0	0	0.66816
setup	0	2008-08-05 23:00:00	-0.000684977	11.6846	12.0136	0.0333357	0.00332158	1.44871e-06	0.0023197	0.000136751	0.000412317	0.000671605	1.70219e-08	0	0	0	3.5699	8.29701	0.0775079	0.0440069	0.1357	0.493503	0.43276	0.0871059	9.35574e-06	0.000129775	368.631	227953	71746.4	98138.9	358.189	546.213	78.569	17.6747	9.76661	0	0	7.15255	25382.9	7465.97	10262.4	33.322	11.3826	1.64395	0.737985	6.43895	0	0	0.681147
setup	0	2008-08-06 23:00:00	-0.000501109	9.2303	11.2688	0.147181	0.0148085	6.39006e-06	0.0104424	0.000119039	7.95098e-05	0.00070191	2.80672e-08	0	0	0	3.71129	6.29601	0.0805061	0.0320719	0.6555	0.982978	0.401906	0.0764285	0.00012252	0.000119186	372.251	227950	71740.4	98134.1	355.572	549.115	78.9442	16.9005	9.4113	0	0	7.38439	25382.6	7465.41	10261.9	33.0846	11.4353	1.64823	0.728877	6.46298	0	0	0.684364
setup	0	2008-08-07 23:00:00	-0.000498744	9.39887	9.43796	0.178826	0.0180691	7.65607e-06	0.0128244	0.000114659	0.000169011	0.000602209	1.01948e-08	0	0	0	3.85298	6.1821	0.0836191	0.0283793	0.2438	0.553359	0.367738	0.0597146	3.35125e-05	0.000100336	376.34	227948	71739.2	98132.9	352.925	552.041	79.4174	16.7123	10.0013	0	0	7.44739	25382.3	7465.16	10261.6	32.8488	11.4899	1.65525	0.709935	6.4958	0	0	0.682717
setup	0	2008-08-08 23:00:00	-0.000512935	8.99095	8.66453	0.177828	0.0180435	7.47323e-06	0.0128881	0.000112698	0.00024487	0.000464856	7.71221e-09	0	0	0	3.99753	5.82338	0.0867765	0.0253196	0.0391	0.330061	0.344071	0.0496835	1.11231e-06	8.75676e-05	380.634	227946	71739.8	98132.9	350.373	555.019	79.9433	16.9483	10.4878	0	0	7.45948	25382	7465.06	10261.4	32.6188	11.5464	1.66392	0.6958	6.53127	0	0	0.676916
setup	0	2008-08-09 23:00:00	-0.000465336	9.17098	8.73674	0.104657	0.0106475	4.32147e-06	0.00764701	9.88589e-05	0.000211639	0.000409053	6.31928e-09	0	0	0	4.1448	5.93162	0.0899463	0.0252794	0.1081	0.382748	0.328353	0.0465436	4.37219e-06	8.0663e-05	385.032	227945	71740	98132.6	348.047	558.189	80.4754	17.3201	10.6448	0	0	7.47532	25381.8	7464.94	10261.3	32.405	11.6065	1.67289	0.687575	6.56912	0	0	0.676429
setup	0	2008-08-10 23:00:00	-0.000729005	10.0151	9.38849	0.000192222	0	0	0	0.000118159	0.000320816	0.000358958	1.12256e-08	0	0	0	4.29528	6.9407	0.0931269	0.0347681	0	0.285644	0.347457	0.055918	9.13164e-07	8.67191e-05	388.642	227944	71740.8	98132.9	345.902	562.039	80.7996	17.7948	10.8766	0	0	7.47734	25381.6	7464.84	10261.1	32.2051	11.6763	1.67686	0.688497	6.61471	0	0	0.662478
setup	0	2008-08-11 23:00:00	-0.00100066	11.511	10.4389	0.000185985	0	0	0	0.000135335	0.000388138	0.000346537	1.75027e-08	0	0	0	4.44848	8.08973	0.0963152	0.0422559	0	0.31887	0.386039	0.0748374	9.80392e-07	0.000103478	392.372	227943	71741.6	98133.2	343.608	566.379	80.9712	18.4653	11.2411	0	0	7.48415	25381.3	7464.73	10260.9	31.9938	11.7532	1.67688	0.696813	6.66035	0	0	0.656287
setup	0	2008-08-12 23:00:00	-0.0012044	11.6941	10.685	0.000180807	0	0	0	0.000148006	0.000401166	0.000322217	2.36479e-08	0	0	0	4.6063	8.18213	0.0995614	0.0424734	0.0115	0.35356	0.407974	0.0866391	9.63591e-07	0.000116086	396.147	227943	71742.5	98133.4	341.125	570.821	81.1565	19.3829	11.5668	0	0	7.49957	25381	7464.6	10260.7	31.7711	11.8322	1.67703	0.708178	6.70511	0	0	0.654482
setup	0	2008-08-13 23:00:00	-0.000784437	11.8485	13.0763	0.000176343	0	0	0	0.000129998	0.000360128	0.000463576	1.8963e-08	0	0	0	4.7687	8.79516	0.102902	0.0506134	0.1817	0.527067	0.425736	0.0935791	6.73219e-06	0.00013117	398.732	227940	71741.7	98131.8	339.172	575.848	81.2922	19.1105	10.4249	0	0	7.57485	25380.8	7464.48	10260.5	31.5579	11.9201	1.67544	0.716783	6.74717	0	0	0.660168
setup	0	2008-08-14 23:00:00	-0.000533148	11.1518	13.1838	0.117011	0.0120536	4.76821e-06	0.00903779	0.0001224	0.000104642	0.000659731	3.38945e-08	0	0	0	4.93248	7.64821	0.106379	0.0391863	0.6463	0.978606	0.409629	0.0871818	5.77146e-05	0.000128374	402.574	227936	71737.2	98127.5	337.072	580.23	81.6438	18.0486	9.24855	0	0	7.75446	25380.5	7464.07	10260.1	31.3425	12.0015	1.67882	0.711554	6.77307	0	0	0.699414
setup	0	2008-08-15 23:00:00	-0.000853774	12.2835	11.5075	0.14734	0.015239	5.8844e-06	0.0115008	0.000150407	0.000416018	0.000656025	1.59428e-08	0	0	0	5.09959	8.69461	0.110001	0.0467589	0	0.338017	0.407414	0.081009	1.4169e-06	0.000126815	406.387	227935	71737.9	98127.5	334.747	585.242	81.9183	17.75	9.7574	0	0	7.76841	25380.2	7463.95	10259.9	31.1139	12.0925	1.68017	0.697826	6.80938	0	0	0.692033
setup	0	2008-08-16 23:00:00	-0.00113173	12.754	11.3565	0.0155981	0.00160202	6.09094e-07	0.00121433	0.000171761	0.000522898	0.000526032	2.45321e-08	0	0	0	5.2711	9.28358	0.113669	0.0522912	0	0.355965	0.427585	0.0904858	1.19475e-06	0.000134304	409.581	227934	71739.1	98128.2	332.255	590.719	82.1383	18.177	10.6152	0	0	7.78805	25379.9	7463.83	10259.7	30.8934	12.1908	1.6802	0.69656	6.85733	0	0	0.672519
setup	0	2008-08-17 23:00:00	-0.00149948	13.4979	11.7891	0.000162067	0	0	0	0.000195193	0.00061168	0.000442266	4.22528e-08	0	0	0	5.44572	10.3784	0.117381	0.0639253	0.0069	0.392879	0.463646	0.108819	1.1672e-06	0.000154508	411.68	227934	71741	98129.6	329.426	596.998	82.2745	19.47	11.4115	0	0	7.83774	25379.6	7463.69	10259.5	30.6602	12.3011	1.67791	0.710657	6.908	0	0	0.661315
setup	0	2008-08-18 23:00:00	-0.000776332	13.7776	15.2241	0.000161857	0	0	0	0.000150485	0.000427988	0.000703189	4.3969e-08	0	0	0	5.62119	10.313	0.121161	0.0612071	0.2438	0.627522	0.475688	0.110447	1.12657e-05	0.000168123	414.542	227931	71739.8	98127.6	327.429	603.112	82.5075	18.9494	9.78905	0	0	7.92772	25379.3	7463.56	10259.3	30.4339	12.4109	1.67716	0.718019	6.94945	0	0	0.688301
setup	0	2008-08-19 23:00:00	-0.00118547	13.8255	13.1712	0.000162795	0	0	0	0.000211617	0.000673887	0.000630776	2.61614e-08	0	0	0	5.79944	10.2537	0.125035	0.0602627	0	0.398604	0.480082	0.114859	1.61133e-06	0.000172994	417.543	227930	71740.5	98127.6	325.103	609.298	82.7796	18.6047	10.4351	0	0	7.96043	25379	7463.43	10259.1	30.2013	12.523	1.67735	0.717626	6.99623	0	0	0.670569
setup	0	2008-08-20 23:00:00	-0.0015471	13.7287	12.3768	0.000165062	0	0	0	0.000234139	0.000735934	0.000488807	4.33848e-08	0	0	0	5.98179	10.6957	0.12899	0.0676628	0	0.412327	0.49299	0.12121	1.24281e-06	0.00018119	419.202	227930	71742.5	98128.9	322.296	616.119	83.065	19.567	11.2573	0	0	8.01848	25378.7	7463.29	10258.8	29.9604	12.6454	1.67787	0.728124	7.04681	0	0	0.659779
setup	0	2008-08-21 23:00:00	-0.00192003	2.71788	10.8931	0.000168831	0	0	0	0.000247837	0.000735355	0.000395241	8.46258e-08	0	0	0	0.349809	6.1323	0.0075437	0.0726014	0	0.43051	0.506248	0.124755	1.07596e-06	0.000192256	410.565	227927	71742	98127.3	319.347	617.543	83.3419	19.0705	10.5741	0	0	8.25934	25378.4	7463.14	10258.6	29.7186	12.6499	1.6782	0.735661	7.10381	0	0	0.64393
setup	0	2008-08-22 23:00:00	-0.00209015	2.70744	9.55391	0.000174188	0	0	0	0.000240256	0.000635739	0.000327443	1.04519e-07	0	0	0	0.316454	6.00501	0.0068244	0.075241	0	0.440424	0.512812	0.116341	8.38195e-07	0.000191741	401.926	227925	71742.6	98126.9	315.986	618.742	83.6499	19.252	11.1769	0	0	8.5634	25378	7462.98	10258.3	29.4731	12.656	1.67928	0.742575	7.16701	0	0	0.630949
setup	0	2008-08-23 23:00:00	-0.00205023	2.45308	9.25346	0.000181161	0	0	0	0.000228077	0.000529919	0.00028447	8.98731e-08	0	0	0	0.28628	5.24486	0.00617368	0.0690457	0.0023	0.443302	0.512132	0.11044	7.43916e-07	0.000184229	394.337	227923	71742.6	98126.1	312.576	619.274	84.0125	19.8646	11.6096	0	0	8.83206	25377.7	7462.82	10258.1	29.2265	12.656	1.68186	0.751505	7.23293	0	0	0.616684
setup	0	2008-08-24 23:00:00	-0.00216479	2.68166	9.29114	0.000189735	0	0	0	0.000228577	0.000517334	0.000251529	1.07119e-07	0	0	0	0.258982	5.71942	0.00558501	0.078791	0	0.448143	0.523392	0.112704	6.87602e-07	0.000188448	386.068	227921	71743.1	98125.7	309.116	620.052	84.3322	20.777	12.1699	0	0	9.07643	25377.4	7462.67	10257.8	28.9774	12.6641	1.6835	0.766652	7.30316	0	0	0.604533
setup	0	2008-08-25 23:00:00	-0.00228518	2.83441	9.46301	0.000199799	0	0	0	0.000239864	0.000518154	0.000229194	1.24604e-07	0	0	0	0.234288	5.98605	0.00505247	0.0860909	0	0.46268	0.54022	0.119377	6.61843e-07	0.000200079	377.39	227919	71743.6	98125.4	305.6	620.902	84.6518	21.989	12.6571	0	0	9.31297	25377	7462.5	10257.6	28.7213	12.6777	1.68521	0.788532	7.37479	0	0	0.593802
setup	0	2008-08-26 23:00:00	-0.00046425	1.18708	10.8288	0.000211107	0	0	0	0.000118241	9.78547e-05	0.00033554	2.1284e-08	0	0	0	0.212976	1.98444	0.00459782	0.0283767	0.3657	0.740684	0.449582	0.0894342	1.49527e-05	0.000148243	374.401	227912	71739.2	98119.9	304.191	619.174	85.4852	19.7002	10.4816	0	0	9.71974	25376.7	7462.37	10257.3	28.53	12.6457	1.70051	0.775807	7.4254	0	0	0.599723
setup	0	2008-08-27 23:00:00	-0.000602635	1.39062	8.56603	0.000223336	0	0	0	0.000141874	0.000216983	0.000291875	7.5566e-09	0	0	0	0.197066	2.42424	0.0042759	0.0357493	0	0.328951	0.394101	0.0655806	6.21356e-07	0.00011494	370.815	227908	71737.1	98117.1	302.916	617.924	86.1656	17.1697	10.5211	0	0	9.75792	25376.4	7462.27	10257.2	28.3685	12.6228	1.71287	0.745103	7.48722	0	0	0.591266
setup	0	2008-08-28 23:00:00	-0.00068949	1.5509	7.99956	0.000235918	0	0	0	0.000144179	0.00024467	0.00027104	1.12642e-08	0	0	0	0.18379	2.75699	0.00401509	0.0415952	0.0092	0.339599	0.395835	0.0658098	6.23098e-07	0.000111001	366.648	227904	71735.9	98115.1	301.258	616.828	86.7055	15.5792	10.9849	0	0	9.74972	25376.2	7462.16	10257	28.2085	12.6037	1.72203	0.722537	7.55115	0	0	0.581396
setup	0	2008-08-29 23:00:00	-0.000764622	1.55486	7.56222	0.00024783	0	0	0	0.000142367	0.000240771	0.000244032	1.34954e-08	0	0	0	0.173015	2.73488	0.00381267	0.0414218	0	0.333616	0.395725	0.0644094	5.66305e-07	0.000108613	362.535	227901	71735.1	98113.4	299.312	615.677	87.2071	14.7997	11.4837	0	0	9.70597	25375.9	7462.05	10256.8	28.044	12.5839	1.73046	0.707958	7.61465	0	0	0.575772
setup	0	2008-08-30 23:00:00	-0.000878773	1.75168	7.66675	0.000258053	0	0	0	0.000142089	0.000262701	0.000228713	1.97521e-08	0	0	0	0.164804	3.15043	0.00367091	0.048066	0	0.341722	0.406916	0.0670717	5.63136e-07	0.000111116	357.879	227898	71734.5	98112	297.216	614.744	87.5941	14.5434	11.9241	0	0	9.62768	25375.6	7461.94	10256.6	27.8721	12.5689	1.73626	0.702119	7.67934	0	0	0.570779
setup	0	2008-08-31 23:00:00	-0.000873493	1.55935	7.3208	0.000261231	0	0	0	0.000138451	0.000228558	0.000205095	1.62071e-08	0	0	0	0.159199	2.69322	0.00359151	0.0407178	0.0046	0.345864	0.400666	0.0656997	5.21696e-07	0.000108958	353.741	227895	71733.8	98110.5	295.11	613.519	88.0516	14.4004	11.7896	0	0	9.5255	25375.4	7461.82	10256.4	27.6444	12.5479	1.74397	0.692061	7.66549	0	0	0.567591
setup	0	2008-09-01 23:00:00	-0.000999774	1.79834	7.52213	0.000258157	0	0	0	0.00013813	0.00025807	0.000195783	2.20472e-08	0	0	0	0.155818	3.18032	0.00356424	0.0482828	0.0023	0.333812	0.39086	0.0663054	5.04008e-07	0.000109702	349.109	227893	71733.2	98109.2	292.977	612.551	88.3592	14.342	11.8928	0	0	9.39075	25375.1	7461.72	10256.2	27.4567	12.5322	1.74821	0.686227	7.71806	0	0	0.563342
setup	0	2008-09-02 23:00:00	-0.00121426	2.1118	8.0752	0.00025455	0	0	0	0.000149313	0.000308093	0.000194436	3.64648e-08	0	0	0	0.154414	3.91778	0.00358247	0.0600193	0.0023	0.355278	0.417382	0.0760545	5.35847e-07	0.00012322	343.265	227890	71732.8	98108.1	290.682	611.965	88.5192	14.4897	12.1036	0	0	9.25429	25374.8	7461.6	10256	27.2629	12.5246	1.74888	0.686131	7.77331	0	0	0.559964
setup	0	2008-09-03 23:00:00	-0.00129026	2.13754	8.5386	0.000250292	0	0	0	0.000161516	0.000319986	0.000197701	3.76176e-08	0	0	0	0.154951	3.89538	0.00364613	0.0594197	0.0138	0.389138	0.440417	0.0850896	5.68504e-07	0.000136372	337.54	227887	71731.9	98106.5	288.311	611.223	88.6325	14.6491	12.2646	0	0	9.09599	25374.5	7461.47	10255.8	27.0628	12.5144	1.74844	0.688028	7.82906	0	0	0.555878
setup	0	2008-09-04 23:00:00	-0.000454326	1.52001	9.17612	0.0943531	0.0102718	3.85441e-06	0.00929553	0.000106462	-2.30704e-05	0.000260155	6.97644e-08	0	0	0	0.157548	2.49119	0.00376434	0.038339	0.7452	1.06682	0.402611	0.0767331	8.70786e-05	0.000122087	333.775	227882	71726.8	98102	286.237	609.675	89.0532	14.0399	11.0631	0	0	9.41975	25374.3	7461.11	10255.5	26.8877	12.4889	1.75566	0.69405	7.86352	0	0	0.587495
setup	0	2008-09-05 23:00:00	-0.000562922	1.54492	7.28239	0.0337179	0.00366544	1.35277e-06	0.00333085	0.000111926	0.000139516	0.000262427	1.14489e-08	0	0	0	0.162126	2.50369	0.00393737	0.0379902	0	0.318683	0.371277	0.0585774	5.23878e-07	0.000105935	330.035	227879	71725.8	98100.3	284.303	608.269	89.4873	13.5249	11.1355	0	0	9.21133	25374	7461.01	10255.3	26.7141	12.4653	1.76335	0.671966	7.91264	0	0	0.58812
setup	0	2008-09-06 23:00:00	-0.000609219	1.40296	6.95278	0.00024338	1.39937e-06	5.11032e-10	1.28476e-06	0.000113479	0.00017425	0.000233236	1.29185e-08	0	0	0	0.168803	2.46912	0.00415743	0.0383583	0.0069	0.319131	0.365753	0.0564243	4.90092e-07	0.00010052	326.408	227876	71725	98098.7	282.379	606.917	89.858	13.1555	11.435	0	0	9.00457	25373.8	7460.91	10255.2	26.5457	12.4421	1.7698	0.655357	7.96546	0	0	0.581708
