source	id	datetime	daylength[h]	solar_radiation[Wm-2]	sw_radiation_above_canopy_in[Wm-2]	sw_radiation_above_canopy_out[Wm-2]	lw_radiation_above_canopy_in[Wm-2]	lw_radiation_above_canopy_out[Wm-2]	latent_heat_out_top[Wm-2]	latent_heat_out_bottom[Wm-2]	sensible_heat_out_top[Wm-2]	sensible_heat_out_bottom[Wm-2]	energy[Jm-2]	temp_above_canopy_avg[oC]	temp_above_canopy_min[oC]	temp_above_canopy_max[oC]	temp_canopy_top[oC]	temp_canopy_middle[oC]	temp_canopy_bottom[oC]	temp_surfacewater[oC]	temp_soil_surface[oC]	temp_5cm[oC]	temp_10cm[oC]	temp_15cm[oC]	temp_20cm[oC]	temp_30cm[oC]	temp_50cm[oC]	temp_100cm[oC]	vpd[mbar]
setup	0	2018-01-01 23:00:00	12.0927	421.532	294.23	22.1098	326.471	0	12.5857	0	0	0	0	23.52	15.65	32.29	47.0897	38.0027	27.1297	-99.99	26.9126	13.4707	9.6088	8.42148	8.11697	8.00033	-99.99	-99.99	3.00626
setup	0	2018-01-02 23:00:00	12.0924	421.752	258.59	19.4347	347.77	0	17.9409	0	0	0	0	22.67	16.84	29.34	22.6691	21.9624	20.0444	-99.99	19.9779	17.2864	12.9922	10.3854	9.20712	8.00783	-99.99	-99.99	1.0853
setup	0	2018-01-03 23:00:00	12.092	421.985	222.14	16.6981	366.066	0	94.0465	0	0	0	0	22.34	17.92	29.05	22.3393	21.8102	20.3743	-99.99	20.3245	18.3093	14.7864	12.2467	10.8346	8.0338	-99.99	-99.99	0.893502
setup	0	2018-01-04 23:00:00	12.0916	422.232	179.45	13.4916	377.151	0	100.223	0	0	0	0	21.38	17.56	26.06	21.3795	21.0162	20.0302	-99.99	19.9961	18.6121	15.8601	13.6592	12.2767	8.0792	-99.99	-99.99	0.773898
setup	0	2018-01-05 23:00:00	12.0912	422.491	252.34	18.9755	348.13	0	94.6072	0	0	0	0	22.37	16.73	29.28	22.3694	21.9453	20.7943	-99.99	20.7544	19.1391	16.5796	14.656	13.3674	8.14004	-99.99	-99.99	1.15104
setup	0	2018-01-06 23:00:00	12.0908	422.763	227.58	17.1172	355.951	0	90.9934	0	0	0	0	22.14	16.38	29.01	22.1395	21.8098	20.9148	-99.99	20.8838	19.6277	17.3413	15.5162	14.23	8.21223	-99.99	-99.99	1.18763
setup	0	2018-01-07 23:00:00	12.0903	423.048	256.16	19.2711	341.443	0	85.1663	0	0	0	0	22.41	16.32	29.25	22.4095	22.0936	21.2361	-99.99	21.2064	20.003	17.9042	16.2041	14.9391	8.29346	-99.99	-99.99	1.3462
setup	0	2018-01-08 23:00:00	12.0898	423.344	286.59	21.5654	329.028	0	79.2706	0	0	0	0	23.28	15.77	31.17	23.2795	22.9266	21.969	-99.99	21.9358	20.5919	18.4521	16.7849	15.5209	8.38178	-99.99	-99.99	1.57186
setup	0	2018-01-09 23:00:00	12.0893	423.651	280.34	21.1003	332.863	0	70.16	0	0	0	0	23.33	17.78	30.46	23.3296	23.0357	22.2379	-99.99	22.2103	21.0909	19.0582	17.3686	16.0591	8.47602	-99.99	-99.99	1.55829
setup	0	2018-01-10 23:00:00	12.0887	423.97	244.47	18.4053	352.607	0	77.0897	0	0	0	0	22.6	18.03	29.12	22.5997	22.3976	21.8491	-99.99	21.8301	21.0601	19.3809	17.831	16.541	8.57565	-99.99	-99.99	1.25516
setup	0	2018-01-11 23:00:00	12.0881	424.298	240.89	18.143	346.171	0	91.1789	0	0	0	0	21.81	17.03	28.83	21.8097	21.6668	21.2789	-99.99	21.2655	20.7208	19.4039	18.0802	16.8761	8.6793	-99.99	-99.99	1.28203
setup	0	2018-01-12 23:00:00	12.0875	424.637	219.37	16.5293	354.374	0	76.9062	0	0	0	0	21.64	14.67	29.06	21.6397	21.4891	21.0804	-99.99	21.0662	20.4923	19.3176	18.1579	17.0426	8.78481	-99.99	-99.99	1.28967
setup	0	2018-01-13 23:00:00	12.0868	424.985	294.8	22.2233	313.499	0	57.9456	0	0	0	0	21.45	14.82	29.6	21.4497	21.3111	20.9347	-99.99	20.9217	20.3934	19.2898	18.1889	17.1136	8.89044	-99.99	-99.99	1.4314
setup	0	2018-01-14 23:00:00	12.0862	425.343	307.65	23.2036	300.842	0	46.9558	0	0	0	0	22.19	13.95	31.6	22.1896	21.9805	21.4128	-99.99	21.3931	20.5965	19.3227	18.2071	17.1481	8.99543	-99.99	-99.99	1.75144
setup	0	2018-01-15 23:00:00	12.0855	425.708	302.32	22.814	306.134	0	34.0215	0	0	0	0	22.49	15.21	31.37	22.4896	22.2857	21.7321	-99.99	21.7129	20.9362	19.558	18.3348	17.2272	9.09978	-99.99	-99.99	1.76459
setup	0	2018-01-16 23:00:00	12.0847	426.082	303.02	22.8801	313.316	0	31.9127	0	0	0	0	22.65	15.11	31.65	22.6496	22.4492	21.9053	-99.99	21.8864	21.1231	19.7355	18.4893	17.3607	9.20429	-99.99	-99.99	1.6673
setup	0	2018-01-17 23:00:00	12.084	426.463	292.49	22.099	332.186	0	35.7782	0	0	0	0	23.16	16.31	31.65	23.1596	22.934	22.3217	-99.99	22.3005	21.4414	19.9624	18.6672	17.5154	9.30938	-99.99	-99.99	1.48197
setup	0	2018-01-18 23:00:00	12.0832	426.85	301.17	22.7703	329.667	0	34.919	0	0	0	0	23.64	15.81	32.76	23.6396	23.3954	22.7325	-99.99	22.7095	21.7793	20.21	18.871	17.6955	9.41535	-99.99	-99.99	1.60208
setup	0	2018-01-19 23:00:00	12.0824	427.244	272.7	20.633	347.024	0	32.4162	0	0	0	0	23.53	16.62	31.85	23.5296	23.3262	22.7741	-99.99	22.755	21.9802	20.4782	19.1121	17.906	9.52254	-99.99	-99.99	1.44225
setup	0	2018-01-20 23:00:00	12.0816	427.644	233.48	17.6796	361.775	0	33.8243	0	0	0	0	23.05	16.45	31	23.0497	22.8945	22.4732	-99.99	22.4586	21.8673	20.5649	19.2862	18.1024	9.63113	-99.99	-99.99	1.34032
setup	0	2018-01-21 23:00:00	12.0807	428.049	306.95	23.2629	319.312	0	35.6302	0	0	0	0	22.7	14.93	31.89	22.6997	22.5599	22.1805	-99.99	22.1674	21.6346	20.4902	19.3403	18.218	9.74045	-99.99	-99.99	1.56631
setup	0	2018-01-22 23:00:00	12.0798	428.457	308.34	23.39	316.716	0	26.5771	0	0	0	0	22.39	13.89	31.09	22.3897	22.267	21.9339	-99.99	21.9223	21.4546	20.415	19.3376	18.2586	9.8494	-99.99	-99.99	1.54071
setup	0	2018-01-23 23:00:00	12.0789	428.87	307.99	23.3871	318.375	0	26.4643	0	0	0	0	22.39	14.82	31.29	22.3897	22.2573	21.8977	-99.99	21.8852	21.3806	20.3526	19.3089	18.2592	9.95726	-99.99	-99.99	1.50301
setup	0	2018-01-24 23:00:00	12.078	429.286	293.3	22.296	330.607	0	31.4299	0	0	0	0	22.6	15.01	31.31	22.5997	22.4464	22.0303	-99.99	22.0158	21.4319	20.3425	19.2906	18.2514	10.0638	-99.99	-99.99	1.42493
setup	0	2018-01-25 23:00:00	12.0771	429.704	293.18	22.3132	337.749	0	32.8993	0	0	0	0	23.33	15.89	31.72	23.3296	23.1228	22.5612	-99.99	22.5418	21.7539	20.4675	19.3333	18.2717	10.169	-99.99	-99.99	1.44222
setup	0	2018-01-26 23:00:00	12.0761	430.124	272.59	20.7728	351.271	0	32.2145	0	0	0	0	24.01	16.84	31.9	24.0096	23.7739	23.134	-99.99	23.1118	22.2141	20.739	19.4829	18.3666	10.2737	-99.99	-99.99	1.49968
setup	0	2018-01-27 23:00:00	12.0751	430.545	289.6	22.0997	340.629	0	26.1335	0	0	0	0	23.75	16.53	32.17	23.7497	23.5646	23.0623	-99.99	23.0449	22.3398	20.9507	19.6771	18.5309	10.3789	-99.99	-99.99	1.5439
setup	0	2018-01-28 23:00:00	12.0741	430.967	305.8	23.3711	328.768	0	26.7962	0	0	0	0	23.41	15.77	32.53	23.4097	23.2554	22.8366	-99.99	22.8221	22.2342	21.0011	19.8053	18.6832	10.485	-99.99	-99.99	1.5927
setup	0	2018-01-29 23:00:00	12.0731	431.388	322.92	24.7196	311.734	0	22.9563	0	0	0	0	23.63	15.7	33.31	23.6297	23.4521	22.9701	-99.99	22.9534	22.2769	21.0365	19.8784	18.7834	10.5914	-99.99	-99.99	1.84871
setup	0	2018-01-30 23:00:00	12.072	431.808	290.52	22.2786	333.024	0	20.5615	0	0	0	0	24.13	15.97	33.15	24.1296	23.922	23.3585	-99.99	23.3389	22.5482	21.1907	19.9835	18.8759	10.6977	-99.99	-99.99	1.84807
setup	0	2018-01-31 23:00:00	12.071	432.227	278.49	21.3967	345.029	0	21.2653	0	0	0	0	23.28	17.07	30.27	23.2798	23.1689	22.8681	-99.99	22.8577	22.4353	21.3061	20.1224	19.0021	10.8041	-99.99	-99.99	1.43288
setup	0	2018-02-01 23:00:00	12.0699	432.643	298.97	23.0175	340.581	0	21.1036	0	0	0	0	23.55	16.12	31.45	23.5497	23.3895	22.9545	-99.99	22.9395	22.329	21.2104	20.1327	19.0735	10.9107	-99.99	-99.99	1.42844
setup	0	2018-02-02 23:00:00	12.0688	433.056	288.9	22.2916	344.139	0	19.8081	0	0	0	0	23.05	16.15	31.23	23.0498	22.9377	22.6333	-99.99	22.6228	22.1955	21.1901	20.144	19.1031	11.0166	-99.99	-99.99	1.31096
setup	0	2018-02-03 23:00:00	12.0676	433.466	313.66	24.26	324.169	0	19.2	0	0	0	0	23.06	15.54	32.26	23.0597	22.9296	22.5763	-99.99	22.564	22.0681	21.0872	20.1013	19.1004	11.1214	-99.99	-99.99	1.56711
setup	0	2018-02-04 23:00:00	12.0665	433.871	311.23	24.1341	324.748	0	17.6366	0	0	0	0	23.27	15.14	32.34	23.2697	23.1201	22.714	-99.99	22.6999	22.1299	21.0811	20.077	19.0835	11.2249	-99.99	-99.99	1.63891
setup	0	2018-02-05 23:00:00	12.0653	434.271	197.85	15.3846	379.938	0	25.2443	0	0	0	0	23.19	16.22	30.99	23.1898	23.0572	22.6976	-99.99	22.6851	22.1804	21.1386	20.1044	19.0979	11.327	-99.99	-99.99	1.34185
setup	0	2018-02-06 23:00:00	12.0641	434.665	268.89	20.9709	349.901	0	25.9974	0	0	0	0	23.15	16.51	31.46	23.1498	23.0165	22.6549	-99.99	22.6424	22.1349	21.1186	20.1138	19.1236	11.4283	-99.99	-99.99	1.41321
setup	0	2018-02-07 23:00:00	12.063	435.053	308.11	24.1063	320.167	0	18.0181	0	0	0	0	22.28	15.82	30.54	22.2798	22.2162	22.0435	-99.99	22.0376	21.7949	21.0049	20.0873	19.1314	11.5287	-99.99	-99.99	1.52347
setup	0	2018-02-08 23:00:00	12.0617	435.433	285.86	22.4419	315.913	0	17.1339	0	0	0	0	21.88	13.9	31.31	21.8798	21.815	21.6389	-99.99	21.6328	21.3853	20.7265	19.9441	19.0664	11.6275	-99.99	-99.99	1.77027
setup	0	2018-02-09 23:00:00	12.0605	435.806	293.53	23.1282	319.777	0	17.2155	0	0	0	0	22.49	14.45	32.03	22.4897	22.3558	21.9922	-99.99	21.9796	21.4694	20.6261	19.8112	18.9543	11.724	-99.99	-99.99	1.75289
setup	0	2018-02-10 23:00:00	12.0593	436.17	315.4	24.9482	321.018	0	20.3184	0	0	0	0	22.52	14.96	31.55	22.5198	22.3966	22.0623	-99.99	22.0508	21.5817	20.6699	19.7813	18.8973	11.8181	-99.99	-99.99	1.51921
setup	0	2018-02-11 23:00:00	12.058	436.525	250.95	19.9326	359.082	0	23.0231	0	0	0	0	22.67	16.63	30.82	22.6698	22.5397	22.1866	-99.99	22.1744	21.679	20.7254	19.7988	18.8983	11.9109	-99.99	-99.99	1.21771
setup	0	2018-02-12 23:00:00	12.0567	436.869	247.14	19.7165	350.496	0	17.2841	0	0	0	0	22.22	15	30.34	22.2198	22.1265	21.8732	-99.99	21.8644	21.5087	20.6718	19.7971	18.916	12.0027	-99.99	-99.99	1.42581
setup	0	2018-02-13 23:00:00	12.0555	437.204	282.77	22.6645	335.612	0	14.9438	0	0	0	0	22.62	14.13	30.99	22.6197	22.479	22.0971	-99.99	22.0839	21.5479	20.6274	19.7644	18.9069	12.0936	-99.99	-99.99	1.54808
setup	0	2018-02-14 23:00:00	12.0542	437.527	257.32	20.7268	358.517	0	21.562	0	0	0	0	22.72	16.52	30.09	22.7198	22.5882	22.2311	-99.99	22.2187	21.7177	20.7447	19.8124	18.9267	12.1834	-99.99	-99.99	1.18847
setup	0	2018-02-15 23:00:00	12.0528	437.838	224.23	18.1558	370.167	0	14.313	0	0	0	0	22.97	16.18	30.92	22.9697	22.8183	22.4073	-99.99	22.3931	21.8163	20.7952	19.8614	18.977	12.2727	-99.99	-99.99	1.30873
setup	0	2018-02-16 23:00:00	12.0515	438.136	288.9	23.521	344.575	0	14.652	0	0	0	0	23.05	16.67	30.86	23.0498	22.9045	22.5101	-99.99	22.4965	21.9431	20.9053	19.9428	19.0451	12.3617	-99.99	-99.99	1.36487
setup	0	2018-02-17 23:00:00	12.0502	438.422	250.61	20.5217	358.389	0	13.5578	0	0	0	0	22.76	15.49	30.81	22.7598	22.6429	22.3255	-99.99	22.3145	21.8689	20.9282	20.0057	19.1201	12.4507	-99.99	-99.99	1.32809
setup	0	2018-02-18 23:00:00	12.0488	438.693	275.48	22.6951	351.916	0	13.3416	0	0	0	0	23.16	16.27	30.97	23.1598	23.0073	22.5937	-99.99	22.5794	21.9989	20.9858	20.0554	19.1767	12.5395	-99.99	-99.99	1.35221
setup	0	2018-02-19 23:00:00	12.0475	438.951	284.74	23.6068	354.405	0	13.0222	0	0	0	0	24.12	16.47	32.26	24.1197	23.9001	23.3043	-99.99	23.2836	22.4476	21.188	20.1626	19.2548	12.6282	-99.99	-99.99	1.47752
setup	0	2018-02-20 23:00:00	12.0461	439.193	261.94	21.8602	361.293	0	18.1541	0	0	0	0	23.61	16.61	31.28	23.6098	23.4716	23.0966	-99.99	23.0836	22.5572	21.4229	20.3569	19.405	12.7174	-99.99	-99.99	1.38241
setup	0	2018-02-21 23:00:00	12.0447	439.42	314.13	26.3959	343.374	0	11.753	0	0	0	0	24.81	16.99	33.16	24.8096	24.5677	23.911	-99.99	23.8882	22.9669	21.6086	20.512	19.5578	12.8075	-99.99	-99.99	1.68655
setup	0	2018-02-22 23:00:00	12.0433	439.631	301.4	25.5068	345.765	0	16.0033	0	0	0	0	24.25	16.94	33.1	24.2498	24.098	23.686	-99.99	23.6717	23.0933	21.8685	20.7401	19.7475	12.8987	-99.99	-99.99	1.61928
setup	0	2018-02-23 23:00:00	12.0419	439.825	313.2	26.7006	338.062	0	17.194	0	0	0	0	23.83	16.47	33.21	23.8298	23.7097	23.3836	-99.99	23.3723	22.9146	21.8909	20.8716	19.9141	12.9912	-99.99	-99.99	1.5937
setup	0	2018-02-24 23:00:00	12.0405	440.002	317.83	27.3008	336.262	0	15.9132	0	0	0	0	23.84	15.47	33.17	23.8398	23.7087	23.353	-99.99	23.3407	22.8414	21.8656	20.918	20.0028	13.0841	-99.99	-99.99	1.60998
setup	0	2018-02-25 23:00:00	12.0391	440.162	312.16	27.0225	347.714	0	12.9102	0	0	0	0	24.86	17.81	33.69	24.8597	24.6506	24.0829	-99.99	24.0632	23.267	22.0412	21.0056	20.0717	13.1768	-99.99	-99.99	1.64664
setup	0	2018-02-26 23:00:00	12.0377	440.303	321.65	28.0655	336.642	0	9.29146	0	0	0	0	25.13	16.79	34.52	25.1297	24.9283	24.3818	-99.99	24.3629	23.5958	22.2878	21.1773	20.2017	13.2696	-99.99	-99.99	1.92392
setup	0	2018-02-27 23:00:00	12.0362	440.427	276.64	24.3338	353.463	0	8.52758	0	0	0	0	24.45	16.16	32.92	24.4498	24.3286	23.9997	-99.99	23.9883	23.5266	22.4342	21.3567	20.3697	13.3632	-99.99	-99.99	1.7842
setup	0	2018-02-28 23:00:00	12.0348	440.531	312.97	27.7558	344.003	0	12.5778	0	0	0	0	24.18	17.14	32.61	24.1798	24.0706	23.7743	-99.99	23.764	23.348	22.4049	21.4315	20.4888	13.4578	-99.99	-99.99	1.5716
setup	0	2018-03-01 23:00:00	12.0333	440.615	209.07	18.6953	377.73	0	13.401	0	0	0	0	21.77	18.13	27.73	21.7701	21.8578	22.0959	-99.99	22.1041	22.4378	22.1326	21.391	20.527	13.5522	-99.99	-99.99	0.863155
setup	0	2018-03-02 23:00:00	12.0319	440.68	258.71	23.3272	359.136	0	14.0284	0	0	0	0	21.76	16.94	28.76	21.76	21.7564	21.7468	-99.99	21.7464	21.7327	21.5207	21.0517	20.3605	13.6446	-99.99	-99.99	0.954572
setup	0	2018-03-03 23:00:00	12.0304	440.725	204.56	18.5986	377.891	0	23.7675	0	0	0	0	21.17	18.02	26.24	21.17	21.1957	21.2653	-99.99	21.2677	21.3654	21.1893	20.7403	20.0961	13.7325	-99.99	-99.99	0.657988
setup	0	2018-03-04 23:00:00	12.0289	440.75	137.45	12.6007	389.312	0	36.2951	0	0	0	0	19.58	17.29	23.13	19.5801	19.7046	20.0424	-99.99	20.0541	20.5277	20.6837	20.386	19.8184	13.8157	-99.99	-99.99	0.474739
setup	0	2018-03-05 23:00:00	12.0275	440.753	206.99	19.1316	375.315	0	58.98	0	0	0	0	21.14	15.66	28.13	21.14	21.1507	21.1797	-99.99	21.1807	21.2336	20.3589	19.9432	19.447	13.8933	-99.99	-99.99	0.800703
setup	0	2018-03-06 23:00:00	12.026	440.736	225.15	20.9781	363.917	0	44.9995	0	0	0	0	19.7	17.32	23.33	19.6998	19.571	19.2212	-99.99	19.2091	18.733	19.8159	19.7473	19.251	13.9658	-99.99	-99.99	0.422667
setup	0	2018-03-07 23:00:00	12.0245	440.697	304.18	28.5652	340.172	0	24.4432	0	0	0	0	20.51	16.39	26.54	20.5098	20.4007	20.1043	-99.99	20.094	19.6781	19.3874	19.2138	18.852	14.0331	-99.99	-99.99	0.68553
setup	0	2018-03-08 23:00:00	12.023	440.636	292.37	27.666	354.836	0	21.0724	0	0	0	0	22.58	16.31	30.23	22.5797	22.3285	21.6466	-99.99	21.623	20.6665	19.6899	19.1213	18.6176	14.0945	-99.99	-99.99	0.969585
setup	0	2018-03-09 23:00:00	12.0215	440.554	304.87	29.0609	353.641	0	23.6026	0	0	0	0	22.99	17.06	30.04	22.9897	22.7844	22.2273	-99.99	22.208	21.4262	20.2259	19.3463	18.6687	14.1531	-99.99	-99.99	1.02144
setup	0	2018-03-10 23:00:00	12.02	440.449	275.71	26.4654	358.135	0	25.7842	0	0	0	0	22.1	17.69	28.36	22.0999	22.0113	21.7709	-99.99	21.7626	21.425	20.4997	19.6167	18.8804	14.2125	-99.99	-99.99	0.913602
setup	0	2018-03-11 23:00:00	12.0185	440.323	238.69	23.0632	369.691	0	18.8153	0	0	0	0	21.61	17.27	27.61	21.6099	21.5477	21.379	-99.99	21.3731	21.1361	20.4611	19.7341	19.0508	14.2733	-99.99	-99.99	0.756853
setup	0	2018-03-12 23:00:00	12.017	440.173	138.15	13.4307	393.182	0	21.4485	0	0	0	0	20.16	17.82	24.03	20.1601	20.2124	20.3546	-99.99	20.3596	20.5588	20.2847	19.7325	19.1185	14.3342	-99.99	-99.99	0.482134
setup	0	2018-03-13 23:00:00	12.0154	440.002	104.48	10.2148	404.267	0	33.0469	0	0	0	0	20.37	17.09	24.92	20.3697	20.1601	19.5912	-99.99	19.5715	18.7796	19.3822	19.372	18.9892	14.3932	-99.99	-99.99	0.416312
setup	0	2018-03-14 23:00:00	12.0139	439.808	288.21	28.3216	356.98	0	16.0465	0	0	0	0	21.45	18.14	26.12	21.4498	21.2704	20.7834	-99.99	20.7666	20.0836	19.4198	19.0612	18.6759	14.4482	-99.99	-99.99	0.59133
setup	0	2018-03-15 23:00:00	12.0124	439.591	165.91	16.3772	386.19	0	79.9532	0	0	0	0	19.99	17.97	23.08	19.9901	20.0593	20.2471	-99.99	20.2536	20.4531	19.6851	19.0919	18.5782	14.4998	-99.99	-99.99	0.323063
setup	0	2018-03-16 23:00:00	12.0109	439.351	148.1	14.676	387.87	0	58.6387	0	0	0	0	19.7	17	23.16	19.7001	19.7895	20.0321	-99.99	20.0405	20.3706	19.6595	19.1099	18.591	14.5504	-99.99	-99.99	0.45326
setup	0	2018-03-17 23:00:00	12.0094	439.089	246.67	24.5229	365.581	0	53.2713	0	0	0	0	20.56	16.48	25.68	20.5601	20.6268	20.8078	-99.99	20.8141	21.08	19.9809	19.2318	18.6458	14.6007	-99.99	-99.99	0.535833
setup	0	2018-03-18 23:00:00	12.0078	438.804	223.88	22.3138	372.691	0	20.0783	0	0	0	0	20.7	17.73	25.88	20.7	20.7184	20.7682	-99.99	20.7699	20.8397	20.2998	19.5223	18.8433	14.6519	-99.99	-99.99	0.513542
setup	0	2018-03-19 23:00:00	12.0063	438.496	143.24	14.3027	394.467	0	19.3493	0	0	0	0	20.49	16.99	25.33	20.4892	20.4558	20.4242	-99.99	20.4233	20.3566	20.0109	19.5051	18.9514	14.7045	-99.99	-99.99	0.460222
setup	0	2018-03-20 23:00:00	12.0048	438.166	180.72	18.0652	379.428	0	40.25	0	0	0	0	19.69	17.07	24.2	19.6857	19.5129	19.3487	-99.99	19.3444	19.0126	19.3966	19.2683	18.8751	14.7565	-99.99	-99.99	0.359839
setup	0	2018-03-21 23:00:00	12.0032	437.813	222.03	22.2029	366.997	0	25.9549	0	0	0	0	19.55	16.59	24.11	19.5399	19.138	18.7561	-99.99	18.7461	17.9456	18.6432	18.8049	18.5859	14.8053	-99.99	-99.99	0.328059
setup	0	2018-03-22 23:00:00	12.0017	437.437	280.57	28.0569	347.035	0	13.3103	0	0	0	0	19.84	15.19	26.7	19.8348	19.6286	19.4326	-99.99	19.4275	19.0149	18.6391	18.475	18.2313	14.849	-99.99	-99.99	0.590695
setup	0	2018-03-23 23:00:00	12.0002	437.04	309.73	30.973	336.941	0	9.17741	0	0	0	0	20	13.58	27.44	19.9957	19.8245	19.6619	-99.99	19.6576	19.3152	18.8172	18.443	18.0838	14.889	-99.99	-99.99	0.702423
setup	0	2018-03-24 23:00:00	11.9986	436.62	295.5	29.5501	347.945	0	9.53185	0	0	0	0	20.49	14.99	27.14	20.4847	20.2727	20.0713	-99.99	20.066	19.6424	19.0093	18.5084	18.0792	14.9276	-99.99	-99.99	0.624134
setup	0	2018-03-25 23:00:00	11.9971	436.179	254.31	25.4311	362.357	0	13.0528	0	0	0	0	20.58	16.31	26.81	20.5754	20.3919	20.2176	-99.99	20.213	19.8461	19.1892	18.6281	18.1565	14.9667	-99.99	-99.99	0.558552
setup	0	2018-03-26 23:00:00	11.9956	435.716	279.42	27.9422	356.835	0	17.1805	0	0	0	0	20.48	16.57	26.03	20.4764	20.3307	20.1923	-99.99	20.1887	19.8974	19.2956	18.742	18.2607	15.007	-99.99	-99.99	0.474245
setup	0	2018-03-27 23:00:00	11.9941	435.232	223.88	22.3883	371.575	0	13.1174	0	0	0	0	20.38	16.91	25.95	20.3768	20.2501	20.1298	-99.99	20.1266	19.8732	19.3362	18.8199	18.3503	15.0481	-99.99	-99.99	0.463902
setup	0	2018-03-28 23:00:00	11.9925	434.726	212.77	21.2773	373.023	0	17.2946	0	0	0	0	20.29	16.77	25.46	20.2872	20.1744	20.0672	-99.99	20.0644	19.8388	19.3499	18.867	18.4125	15.0896	-99.99	-99.99	0.501045
setup	0	2018-03-29 23:00:00	11.991	434.2	196.57	19.6573	377.164	0	12.9145	0	0	0	0	20.3	16.29	25.96	20.2969	20.1736	20.0565	-99.99	20.0534	19.8068	19.3373	18.8855	18.4486	15.1312	-99.99	-99.99	0.545735
setup	0	2018-03-30 23:00:00	11.9895	433.653	250.14	25.0145	359.563	0	12.7087	0	0	0	0	20	15.93	26.04	19.9982	19.9245	19.8545	-99.99	19.8527	19.7052	19.3132	18.8913	18.4674	15.1725	-99.99	-99.99	0.540512
setup	0	2018-03-31 23:00:00	11.988	433.086	256.62	25.6626	359.634	0	12.9251	0	0	0	0	20.39	15.58	26.69	20.3861	20.2307	20.0831	-99.99	20.0792	19.7685	19.2976	18.8785	18.4676	15.2135	-99.99	-99.99	0.59334
setup	0	2018-04-01 23:00:00	11.9864	432.5	264.72	26.4727	357.609	0	12.9557	0	0	0	0	20.5	16.21	26.82	20.4963	20.3474	20.206	-99.99	20.2023	19.9046	19.38	18.9127	18.4829	15.254	-99.99	-99.99	0.605332
setup	0	2018-04-02 23:00:00	11.9849	431.894	239.96	23.9967	365.273	0	13.0714	0	0	0	0	20.63	16.57	26.73	20.6261	20.4707	20.323	-99.99	20.3192	20.0084	19.4589	18.9688	18.5253	15.2944	-99.99	-99.99	0.626871
setup	0	2018-04-03 23:00:00	11.9834	431.269	231.98	23.1987	364.612	0	16.9924	0	0	0	0	20.15	16.7	25.88	20.1485	20.0876	20.0298	-99.99	20.0282	19.9064	19.4827	19.0204	18.5783	15.3349	-99.99	-99.99	0.591299
setup	0	2018-04-04 23:00:00	11.9819	430.626	241.93	24.1938	363.825	0	13.1712	0	0	0	0	20.56	16.39	26.83	20.5561	20.3992	20.2501	-99.99	20.2461	19.9323	19.451	19.0208	18.6034	15.3754	-99.99	-99.99	0.641749
setup	0	2018-04-05 23:00:00	11.9804	429.965	251.42	25.1429	360.2	0	13.1248	0	0	0	0	20.66	16.15	27.23	20.6562	20.5029	20.3573	-99.99	20.3534	20.0469	19.5186	19.0539	18.6258	15.4157	-99.99	-99.99	0.709346
setup	0	2018-04-06 23:00:00	11.9789	429.286	249.45	24.946	362.617	0	13.3105	0	0	0	0	20.68	15.86	27.43	20.6765	20.534	20.3987	-99.99	20.3952	20.1103	19.5815	19.1039	18.6665	15.4559	-99.99	-99.99	0.66272
setup	0	2018-04-07 23:00:00	11.9774	428.591	269.81	26.9821	358.837	0	13.3458	0	0	0	0	20.91	16.88	27.29	20.9059	20.7401	20.5826	-99.99	20.5785	20.2471	19.6735	19.1689	18.7195	15.4961	-99.99	-99.99	0.634702
setup	0	2018-04-08 23:00:00	11.9759	427.879	248.29	24.8301	360.381	0	16.9322	0	0	0	0	20.24	16.36	26.53	20.239	20.1988	20.1606	-99.99	20.1596	20.0789	19.6794	19.2221	18.7795	15.5366	-99.99	-99.99	0.612868
setup	0	2018-04-09 23:00:00	11.9744	427.151	228.51	22.8521	367.924	0	13.4346	0	0	0	0	20.56	15.64	27.7	20.5567	20.4242	20.2982	-99.99	20.2949	20.0298	19.6038	19.2029	18.797	15.5771	-99.99	-99.99	0.657143
setup	0	2018-04-10 23:00:00	11.9729	426.408	280.8	28.0709	354.478	0	15.6904	0	0	0	0	21.1	16.05	28.39	21.0949	20.8911	20.6975	-99.99	20.6924	20.285	19.6974	19.2276	18.8054	15.6172	-99.99	-99.99	0.725217
setup	0	2018-04-11 23:00:00	11.9714	425.651	236.61	23.651	369.022	0	25.2332	0	0	0	0	20.56	16.98	25.93	20.5487	20.095	19.6639	-99.99	19.6526	18.7454	19.2008	19.1114	18.7938	15.6569	-99.99	-99.99	0.418267
setup	0	2018-04-12 23:00:00	11.9699	424.879	270.62	27.0473	358.387	0	17.9973	0	0	0	0	20.33	16.85	25.72	20.3258	20.1553	19.9934	-99.99	19.9892	19.6483	19.2007	18.9181	18.6277	15.6948	-99.99	-99.99	0.443709
setup	0	2018-04-13 23:00:00	11.9685	424.094	235.1	23.4938	364.734	0	12.8109	0	0	0	0	19.77	16.76	24.22	19.7691	19.7325	19.6978	-99.99	19.6968	19.6236	19.2956	18.9359	18.5808	15.7308	-99.99	-99.99	0.406715
setup	0	2018-04-14 23:00:00	11.967	423.296	204.9	20.4721	373.502	0	16.6408	0	0	0	0	19.82	16.42	24.46	19.8182	19.7455	19.6764	-99.99	19.6746	19.5292	19.2291	18.9085	18.5679	15.7661	-99.99	-99.99	0.41274
setup	0	2018-04-15 23:00:00	11.9656	422.486	246.44	24.6171	354.571	0	16.1918	0	0	0	0	18.73	16.49	22.05	18.7327	18.8401	18.9422	-99.99	18.9449	19.1595	19.1117	18.8612	18.5425	15.8008	-99.99	-99.99	0.350775
setup	0	2018-04-16 23:00:00	11.9641	421.665	240.77	24.0442	360.543	0	17.4944	0	0	0	0	19.84	14.96	26.07	19.8359	19.6683	19.5092	-99.99	19.505	19.17	18.9049	18.712	18.4544	15.8344	-99.99	-99.99	0.548523
setup	0	2018-04-17 23:00:00	11.9627	420.833	139.07	13.8835	388.781	0	49.0811	0	0	0	0	19.26	16.72	22.94	19.2631	19.3859	19.5026	-99.99	19.5056	19.7547	19.0977	18.7006	18.3851	15.8664	-99.99	-99.99	0.380678
setup	0	2018-04-18 23:00:00	11.9612	419.991	220.06	21.9603	370.345	0	54.8986	0	0	0	0	20.02	16.03	24.77	20.0251	20.2286	20.4218	-99.99	20.4269	20.8285	19.531	18.8677	18.4469	15.8979	-99.99	-99.99	0.510329
setup	0	2018-04-19 23:00:00	11.9598	419.139	169.85	16.9418	379.451	0	91.691	0	0	0	0	18.97	16.6	22.66	18.9719	19.0486	19.1214	-99.99	19.1234	19.1515	19.5188	19.1151	18.6615	15.9308	-99.99	-99.99	0.285137
setup	0	2018-04-20 23:00:00	11.9584	418.279	249.45	24.8678	360.703	0	53.168	0	0	0	0	19.35	16.93	22.75	19.3501	19.4007	19.5382	-99.99	19.543	19.7318	19.168	18.9257	18.6446	15.9648	-99.99	-99.99	0.289945
setup	0	2018-04-21 23:00:00	11.957	417.411	225.04	22.4196	369.793	0	14.8884	0	0	0	0	19.9	17.27	24.45	19.9	19.8966	19.8873	-99.99	19.887	19.8738	19.521	19.0638	18.6662	15.9978	-99.99	-99.99	0.360213
setup	0	2018-04-22 23:00:00	11.9556	416.536	211.85	21.0893	374.029	0	18.617	0	0	0	0	20.21	16.72	24.5	20.21	20.154	20.0021	-99.99	19.9968	19.7837	19.4276	19.0702	18.7144	16.0311	-99.99	-99.99	0.429576
setup	0	2018-04-23 23:00:00	11.9542	415.655	226.08	22.4857	371.187	0	59.8992	0	0	0	0	20.18	16.49	25.1	20.1802	20.3306	20.739	-99.99	20.7531	21.3024	19.7881	19.1267	18.7278	16.064	-99.99	-99.99	0.463698
setup	0	2018-04-24 23:00:00	11.9529	414.768	90.59	9.00056	402.503	0	42.6438	0	0	0	0	19.27	16.71	22.85	19.27	19.2551	19.2145	-99.99	19.2131	19.1805	19.6984	19.3658	18.9153	16.0976	-99.99	-99.99	0.303604
setup	0	2018-04-25 23:00:00	11.9515	413.876	203.52	20.1963	371.597	0	14.5145	0	0	0	0	19.54	16.14	24.85	19.54	19.5256	19.4865	-99.99	19.4852	19.4303	19.3396	19.1648	18.8845	16.1318	-99.99	-99.99	0.433909
setup	0	2018-04-26 23:00:00	11.9501	412.981	225.62	22.3583	369.891	0	17.5405	0	0	0	0	20.07	16.08	25.72	20.07	20.007	19.836	-99.99	19.8301	19.5903	19.3039	19.064	18.7875	16.1642	-99.99	-99.99	0.428162
setup	0	2018-04-27 23:00:00	11.9488	412.081	227.7	22.5286	362.444	0	17.1707	0	0	0	0	19.14	15.71	24.34	19.1401	19.1719	19.2584	-99.99	19.2614	19.3824	19.2691	19.0262	18.7345	16.1952	-99.99	-99.99	0.407285
setup	0	2018-04-28 23:00:00	11.9475	411.18	220.18	21.7453	365.321	0	12.4997	0	0	0	0	19.29	15.43	24.36	19.29	19.279	19.2489	-99.99	19.2479	19.2057	19.1017	18.9238	18.671	16.2249	-99.99	-99.99	0.417457
setup	0	2018-04-29 23:00:00	11.9462	410.277	215.32	21.222	361.436	0	11.7152	0	0	0	0	18.5	15.42	22.58	18.5001	18.5535	18.6984	-99.99	18.7034	18.9067	18.9544	18.8185	18.5887	16.2534	-99.99	-99.99	0.366854
setup	0	2018-04-30 23:00:00	11.9449	409.373	220.41	21.6739	359.915	0	15.6602	0	0	0	0	18.56	14.06	23.42	18.5601	18.5724	18.606	-99.99	18.6072	18.6542	18.7013	18.6423	18.4659	16.2804	-99.99	-99.99	0.412911
setup	0	2018-05-01 23:00:00	11.9436	408.469	196.34	19.2576	367.604	0	33.6802	0	0	0	0	18.46	15.11	23.28	18.4598	18.2938	17.8433	-99.99	17.8277	17.2077	18.0355	18.3164	18.2675	16.3054	-99.99	-99.99	0.289353
setup	0	2018-05-02 23:00:00	11.9423	407.565	213	20.8323	352.344	0	11.724	0	0	0	0	17.32	13.9	21.32	17.3201	17.3707	17.508	-99.99	17.5128	17.7052	17.8813	17.9881	17.9578	16.327	-99.99	-99.99	0.401379
setup	0	2018-05-03 23:00:00	11.941	406.663	275.71	26.8812	343.848	0	11.9922	0	0	0	0	18.73	14.33	24.35	18.7299	18.6385	18.3905	-99.99	18.3819	18.034	17.86	17.8303	17.7538	16.3453	-99.99	-99.99	0.425505
setup	0	2018-05-04 23:00:00	11.9398	405.763	255.23	24.7989	354.03	0	12.3701	0	0	0	0	19.24	13.95	25.26	19.2399	19.1439	18.8831	-99.99	18.874	18.5081	18.0888	17.8555	17.6863	16.3622	-99.99	-99.99	0.457268
setup	0	2018-05-05 23:00:00	11.9386	404.867	247.95	24.0013	357.247	0	12.8821	0	0	0	0	19.29	14.67	24.71	19.29	19.2209	19.0335	-99.99	19.027	18.764	18.3167	17.9831	17.7451	16.3789	-99.99	-99.99	0.41713
setup	0	2018-05-06 23:00:00	11.9373	403.974	262.64	25.3201	353.214	0	13.0258	0	0	0	0	19.35	14.69	24.19	19.35	19.2874	19.1177	-99.99	19.1118	18.8736	18.451	18.1094	17.8514	16.3966	-99.99	-99.99	0.415935
setup	0	2018-05-07 23:00:00	11.9361	403.086	200.51	19.246	370.705	0	13.0123	0	0	0	0	19.21	15.98	24.08	19.21	19.1689	19.0575	-99.99	19.0536	18.8973	18.5432	18.2178	17.9563	16.4154	-99.99	-99.99	0.363047
setup	0	2018-05-08 23:00:00	11.935	402.203	215.32	20.5711	363.316	0	12.9511	0	0	0	0	18.76	14.75	23.45	18.76	18.7544	18.7389	-99.99	18.7384	18.7166	18.5138	18.2667	18.0314	16.4351	-99.99	-99.99	0.369481
setup	0	2018-05-09 23:00:00	11.9338	401.327	221.57	21.0633	361.179	0	17.1596	0	0	0	0	18.88	14.8	24.28	18.88	18.8508	18.7714	-99.99	18.7687	18.6572	18.4584	18.2583	18.0534	16.4551	-99.99	-99.99	0.42157
setup	0	2018-05-10 23:00:00	11.9326	400.457	205.95	19.476	368.143	0	18.1053	0	0	0	0	19.12	15.16	24.48	19.12	19.0727	18.9445	-99.99	18.94	18.7601	18.4903	18.2651	18.0577	16.475	-99.99	-99.99	0.392404
setup	0	2018-05-11 23:00:00	11.9315	399.596	182.11	17.1273	370.235	0	18.6102	0	0	0	0	18.28	15.11	22.42	18.2801	18.3154	18.4112	-99.99	18.4145	18.5488	18.474	18.2827	18.0751	16.4948	-99.99	-99.99	0.310221
setup	0	2018-05-12 23:00:00	11.9304	398.742	271.32	25.3722	350.844	0	15.447	0	0	0	0	19.44	14.49	25.35	19.44	19.3431	19.0803	-99.99	19.0711	18.7024	18.4009	18.2281	18.0543	16.5144	-99.99	-99.99	0.442857
setup	0	2018-05-13 23:00:00	11.9293	397.899	239.15	22.2324	364.638	0	17.488	0	0	0	0	19.96	16.09	25.6	19.9599	19.8566	19.5761	-99.99	19.5664	19.173	18.6549	18.3151	18.0732	16.5336	-99.99	-99.99	0.407685
setup	0	2018-05-14 23:00:00	11.9282	397.065	265.3	24.5151	356.119	0	22.6112	0	0	0	0	19.8	15.91	25.1	19.8	19.7366	19.5646	-99.99	19.5587	19.3173	18.8448	18.4618	18.1758	16.5533	-99.99	-99.99	0.405097
setup	0	2018-05-15 23:00:00	11.9272	396.241	245.86	22.5798	353.755	0	20.0136	0	0	0	0	19.21	14.64	24.93	19.2101	19.1983	19.1664	-99.99	19.1653	19.1203	18.8517	18.5499	18.2804	16.5742	-99.99	-99.99	0.521123
setup	0	2018-05-16 23:00:00	11.9261	395.429	229.32	20.931	361.279	0	21.6726	0	0	0	0	19.21	15.9	24.78	19.21	19.1875	19.1263	-99.99	19.1241	19.0383	18.8184	18.5715	18.3312	16.5958	-99.99	-99.99	0.408775
setup	0	2018-05-17 23:00:00	11.9251	394.63	264.03	23.9509	348.593	0	23.32	0	0	0	0	19.02	15.42	24.5	19.02	19.0086	18.9776	-99.99	18.9765	18.9328	18.7665	18.5619	18.3442	16.6175	-99.99	-99.99	0.438191
setup	0	2018-05-18 23:00:00	11.9241	393.843	260.56	23.4921	344.434	0	25.2028	0	0	0	0	18.52	14.34	24.37	18.5201	18.5415	18.5996	-99.99	18.6016	18.6828	18.6478	18.5119	18.3251	16.6389	-99.99	-99.99	0.485306
setup	0	2018-05-19 23:00:00	11.9232	393.07	227.47	20.3863	356.164	0	27.6063	0	0	0	0	18.85	14.46	25.12	18.85	18.8249	18.7565	-99.99	18.7541	18.6582	18.5496	18.4305	18.2688	16.6595	-99.99	-99.99	0.527032
setup	0	2018-05-20 23:00:00	11.9222	392.311	113.73	10.1337	391.553	0	30.8066	0	0	0	0	18.77	13.84	24.92	18.7701	18.7556	18.7163	-99.99	18.715	18.6598	18.5299	18.3856	18.2182	16.6791	-99.99	-99.99	0.535985
setup	0	2018-05-21 23:00:00	11.9213	391.566	147.86	13.1017	383.008	0	34.752	0	0	0	0	18.89	15.42	23.69	18.89	18.8689	18.8114	-99.99	18.8094	18.729	18.5562	18.375	18.1929	16.6981	-99.99	-99.99	0.372656
setup	0	2018-05-22 23:00:00	11.9204	390.838	179.1	15.7864	371.248	0	35.0877	0	0	0	0	18.55	15.2	23.57	18.5501	18.5562	18.5728	-99.99	18.5734	18.5966	18.5049	18.3554	18.1818	16.7166	-99.99	-99.99	0.387721
setup	0	2018-05-23 23:00:00	11.9195	390.125	217.98	19.1194	359.755	0	37.999	0	0	0	0	18.71	14.75	24.12	18.71	18.6889	18.6314	-99.99	18.6294	18.5487	18.4319	18.3057	18.1516	16.7346	-99.99	-99.99	0.435878
setup	0	2018-05-24 23:00:00	11.9186	389.429	214.05	18.6904	362.438	0	42.4225	0	0	0	0	18.99	15.01	24.9	18.99	18.9468	18.8293	-99.99	18.8253	18.6606	18.4494	18.2842	18.1223	16.752	-99.99	-99.99	0.464449
setup	0	2018-05-25 23:00:00	11.9178	388.751	211.62	18.4038	363.389	0	46.464	0	0	0	0	19.05	14.35	24.99	19.05	19.0104	18.9027	-99.99	18.899	18.7478	18.502	18.3015	18.1219	16.7691	-99.99	-99.99	0.487814
setup	0	2018-05-26 23:00:00	11.917	388.09	231.17	20.0332	355.952	0	49.382	0	0	0	0	18.8	14.95	24.43	18.8001	18.789	18.7589	-99.99	18.7579	18.7157	18.5341	18.3324	18.1439	16.786	-99.99	-99.99	0.451855
setup	0	2018-05-27 23:00:00	11.9162	387.448	213.7	18.4641	360.808	0	51.4028	0	0	0	0	18.71	14.94	24.25	18.7101	18.6993	18.6701	-99.99	18.6691	18.628	18.4934	18.3294	18.1568	16.803	-99.99	-99.99	0.43963
setup	0	2018-05-28 23:00:00	11.9154	386.825	286.24	24.6725	330.115	0	50.6991	0	0	0	0	18.25	13.36	25.26	18.2501	18.2681	18.3168	-99.99	18.3185	18.3865	18.3717	18.2795	18.1392	16.8198	-99.99	-99.99	0.592194
setup	0	2018-05-29 23:00:00	11.9147	386.222	271.55	23.3644	330.251	0	53.1978	0	0	0	0	17.5	11.95	24.47	17.5002	17.5656	17.7434	-99.99	17.7495	17.9986	18.175	18.1747	18.0771	16.8358	-99.99	-99.99	0.565751
setup	0	2018-05-30 23:00:00	11.914	385.638	265.76	22.8398	343.746	0	53.0098	0	0	0	0	18.87	12.96	25.85	18.87	18.7911	18.5768	-99.99	18.5693	18.269	18.1085	18.0561	17.9744	16.8506	-99.99	-99.99	0.552253
setup	0	2018-05-31 23:00:00	11.9133	385.076	166.84	14.3311	377.803	0	59.1061	0	0	0	0	19.01	14.98	23.92	19.01	18.9608	18.8271	-99.99	18.8225	18.6352	18.3316	18.1106	17.9505	16.8643	-99.99	-99.99	0.386601
setup	0	2018-06-01 23:00:00	11.9127	384.534	209.42	17.9853	369.182	0	54.566	0	0	0	0	19.74	14.92	25.45	19.74	19.6352	19.3508	-99.99	19.3409	18.942	18.481	18.1999	18.0061	16.8781	-99.99	-99.99	0.471451
setup	0	2018-06-02 23:00:00	11.912	384.014	201.55	17.3063	370.423	0	59.338	0	0	0	0	19.62	15.59	25.3	19.62	19.5571	19.3865	-99.99	19.3806	19.1411	18.6966	18.3523	18.1127	16.8928	-99.99	-99.99	0.470246
setup	0	2018-06-03 23:00:00	11.9114	383.515	170.19	14.611	377.222	0	58.1273	0	0	0	0	19.16	15.26	24.85	19.1601	19.1423	19.094	-99.99	19.0923	19.0245	18.7494	18.4641	18.2301	16.9088	-99.99	-99.99	0.43838
setup	0	2018-06-04 23:00:00	11.9109	383.04	93.14	7.99486	397.469	0	55.0464	0	0	0	0	18.67	15.4	23.83	18.6701	18.6854	18.727	-99.99	18.7285	18.7868	18.6854	18.4945	18.2969	16.9257	-99.99	-99.99	0.400498
setup	0	2018-06-05 23:00:00	11.9103	382.586	142.43	12.2238	376.971	0	43.4128	0	0	0	0	17.89	14.23	23.02	17.8901	17.9511	18.1167	-99.99	18.1224	18.3544	18.4788	18.4243	18.2884	16.9428	-99.99	-99.99	0.455122
setup	0	2018-06-06 23:00:00	11.9098	382.156	131.32	11.2686	377.916	0	48.817	0	0	0	0	17.51	13.7	22.98	17.5101	17.5709	17.7357	-99.99	17.7414	17.9725	18.2062	18.2623	18.1931	16.9591	-99.99	-99.99	0.485582
setup	0	2018-06-07 23:00:00	11.9093	381.75	116.86	10.0264	380.665	0	46.6249	0	0	0	0	17.14	12.87	22.97	17.1402	17.2065	17.3867	-99.99	17.3929	17.6456	17.9405	18.0616	18.0405	16.9735	-99.99	-99.99	0.476485
setup	0	2018-06-08 23:00:00	11.9089	381.367	181.88	15.6029	360.579	0	44.5923	0	0	0	0	17.4	12.57	23.44	17.4001	17.4211	17.4779	-99.99	17.4799	17.5597	17.749	17.8647	17.8664	16.9856	-99.99	-99.99	0.481348
setup	0	2018-06-09 23:00:00	11.9085	381.009	138.38	11.8697	377.443	0	50.217	0	0	0	0	17.83	12.77	24.65	17.8301	17.8117	17.7619	-99.99	17.7601	17.6903	17.7032	17.7398	17.7237	16.9956	-99.99	-99.99	0.518919
setup	0	2018-06-10 23:00:00	11.9081	380.674	162.91	13.9721	367.914	0	45.3284	0	0	0	0	17.78	12.2	25.49	17.7801	17.7741	17.7578	-99.99	17.7573	17.7344	17.7068	17.6872	17.6438	17.0041	-99.99	-99.99	0.604131
setup	0	2018-06-11 23:00:00	11.9077	380.365	233.25	20.0027	340.058	0	45.6297	0	0	0	0	17.64	10.86	25.49	17.6401	17.6444	17.6559	-99.99	17.6563	17.6724	17.6703	17.6481	17.5998	17.0118	-99.99	-99.99	0.704389
setup	0	2018-06-12 23:00:00	11.9074	380.08	146.82	12.5895	376.542	0	49.5342	0	0	0	0	18.12	12.64	24.57	18.1201	18.0861	17.994	-99.99	17.9908	17.8618	17.7308	17.6453	17.5763	17.0189	-99.99	-99.99	0.515734
setup	0	2018-06-13 23:00:00	11.907	379.821	184.54	15.8225	365.49	0	48.9592	0	0	0	0	18.3	14.01	24.77	18.3	18.2641	18.1665	-99.99	18.1631	18.0262	17.8302	17.6921	17.5951	17.0259	-99.99	-99.99	0.49538
setup	0	2018-06-14 23:00:00	11.9068	379.587	131.9	11.3082	382.206	0	52.0698	0	0	0	0	18.26	13.45	24.5	18.2601	18.2347	18.1659	-99.99	18.1636	18.067	17.8895	17.7467	17.6391	17.0333	-99.99	-99.99	0.508664
setup	0	2018-06-15 23:00:00	11.9065	379.378	211.38	18.1209	357.959	0	47.4072	0	0	0	0	18.57	13.71	24.91	18.57	18.5214	18.3896	-99.99	18.385	18.2	17.9619	17.8004	17.6853	17.0412	-99.99	-99.99	0.53442
setup	0	2018-06-16 23:00:00	11.9063	379.196	166.03	14.2323	372.213	0	53.9632	0	0	0	0	18.44	14.04	24.78	18.4401	18.4154	18.3486	-99.99	18.3463	18.2525	18.0475	17.8732	17.7437	17.0496	-99.99	-99.99	0.510332
setup	0	2018-06-17 23:00:00	11.9061	379.038	82.03	7.03132	394.571	0	50.6587	0	0	0	0	17.55	14.76	22.57	17.5501	17.6043	17.7513	-99.99	17.7564	17.9626	18.0085	17.9104	17.7962	17.0586	-99.99	-99.99	0.391867
setup	0	2018-06-18 23:00:00	11.906	378.907	150.53	12.9023	373.559	0	38.5599	0	0	0	0	17.76	14.27	22.86	17.7601	17.7642	17.7753	-99.99	17.7757	17.7913	17.8383	17.8344	17.7781	17.0678	-99.99	-99.99	0.421612
setup	0	2018-06-19 23:00:00	11.9059	378.802	128.43	11.0085	379.737	0	47.713	0	0	0	0	17.66	13.53	23.45	17.6601	17.6687	17.6921	-99.99	17.693	17.7257	17.7607	17.7618	17.7202	17.0763	-99.99	-99.99	0.478257
setup	0	2018-06-20 23:00:00	11.9058	378.723	225.73	19.3499	350.702	0	44.3119	0	0	0	0	18.58	13.34	25.37	18.58	18.5051	18.3018	-99.99	18.2947	18.0095	17.7979	17.7248	17.6695	17.0839	-99.99	-99.99	0.633002
setup	0	2018-06-21 23:00:00	11.9057	378.67	209.07	17.9234	358.853	0	53.2963	0	0	0	0	18.81	13.86	25.59	18.81	18.7472	18.5766	-99.99	18.5707	18.3313	18.0077	17.8107	17.692	17.0913	-99.99	-99.99	0.607184
setup	0	2018-06-22 23:00:00	11.9057	378.643	139.88	11.9932	381.004	0	53.4974	0	0	0	0	18.58	13.16	25.21	18.5801	18.5516	18.4745	-99.99	18.4718	18.3634	18.1189	17.9163	17.7739	17.0993	-99.99	-99.99	0.581453
setup	0	2018-06-23 23:00:00	11.9057	378.643	165.1	14.1575	373.82	0	47.7347	0	0	0	0	18.83	13.86	25.31	18.83	18.7822	18.6523	-99.99	18.6478	18.4656	18.1982	17.997	17.8526	17.1083	-99.99	-99.99	0.602165
setup	0	2018-06-24 23:00:00	11.9057	378.668	142.08	12.1856	379.181	0	50.2425	0	0	0	0	18.38	14.44	24.22	18.3801	18.382	18.3872	-99.99	18.3873	18.3945	18.2506	18.0733	17.9268	17.1181	-99.99	-99.99	0.536593
setup	0	2018-06-25 23:00:00	11.9058	378.719	131.9	11.3148	379.405	0	47.1976	0	0	0	0	18.01	13.47	23.99	18.0101	18.0287	18.0793	-99.99	18.081	18.1518	18.1462	18.0659	17.9598	17.1285	-99.99	-99.99	0.635854
setup	0	2018-06-26 23:00:00	11.9059	378.797	168.69	14.4743	369.063	0	43.2541	0	0	0	0	18.28	13.6	24.8	18.2801	18.2617	18.212	-99.99	18.2103	18.1405	18.0769	18.0177	17.9375	17.1388	-99.99	-99.99	0.588006
setup	0	2018-06-27 23:00:00	11.906	378.9	218.79	18.7783	348.082	0	48.1473	0	0	0	0	18.29	13.24	26.26	18.2901	18.2729	18.2261	-99.99	18.2245	18.1587	18.0656	17.9916	17.9099	17.1486	-99.99	-99.99	0.767514
setup	0	2018-06-28 23:00:00	11.9062	379.029	234.06	20.0953	346.502	0	45.0164	0	0	0	0	18.65	11.88	26.31	18.6501	18.6039	18.4786	-99.99	18.4743	18.2984	18.1073	17.9925	17.8978	17.158	-99.99	-99.99	0.744312
setup	0	2018-06-29 23:00:00	11.9064	379.183	194.03	16.6646	364.087	0	45.782	0	0	0	0	18.72	14.53	24.85	18.72	18.6898	18.6078	-99.99	18.605	18.4901	18.2635	18.0707	17.9326	17.1675	-99.99	-99.99	0.559786
setup	0	2018-06-30 23:00:00	11.9066	379.363	208.38	17.9045	359.973	0	46.8844	0	0	0	0	18.92	14.23	25.78	18.92	18.8731	18.7458	-99.99	18.7414	18.5627	18.3121	18.1298	17.9909	17.1774	-99.99	-99.99	0.613665
setup	0	2018-07-01 23:00:00	11.9068	379.568	212.77	18.2903	357.381	0	46.7767	0	0	0	0	18.66	13.7	25.42	18.6601	18.6445	18.6022	-99.99	18.6007	18.5412	18.3623	18.1892	18.0464	17.188	-99.99	-99.99	0.589642
setup	0	2018-07-02 23:00:00	11.9071	379.799	126.58	10.8869	383.987	0	45.4596	0	0	0	0	18.29	13.5	24.77	18.2901	18.3018	18.3335	-99.99	18.3346	18.3789	18.3218	18.2057	18.0822	17.1991	-99.99	-99.99	0.548195
setup	0	2018-07-03 23:00:00	11.9074	380.054	105.52	9.08089	391.79	0	40.9472	0	0	0	0	18.43	13.93	24.77	18.4301	18.4183	18.3864	-99.99	18.3853	18.3407	18.2679	18.1807	18.0793	17.2102	-99.99	-99.99	0.533144
setup	0	2018-07-04 23:00:00	11.9078	380.333	111.77	9.62504	385.241	0	38.8641	0	0	0	0	17.67	13.87	23.48	17.6701	17.7236	17.8687	-99.99	17.8737	18.0771	18.1793	18.1446	18.0599	17.221	-99.99	-99.99	0.52415
setup	0	2018-07-05 23:00:00	11.9082	380.637	176.79	15.2353	360.476	0	40.1013	0	0	0	0	17.63	12.13	24.9	17.6301	17.6539	17.7183	-99.99	17.7205	17.8107	17.9507	18.0122	17.9853	17.2312	-99.99	-99.99	0.694621
setup	0	2018-07-06 23:00:00	11.9086	380.965	261.94	22.5914	326.045	0	41.3851	0	0	0	0	17.5	10.49	25.55	17.5002	17.5236	17.5873	-99.99	17.5895	17.6786	17.8097	17.8808	17.8739	17.2399	-99.99	-99.99	0.789301
setup	0	2018-07-07 23:00:00	11.909	381.316	179.34	15.4811	361.013	0	41.5667	0	0	0	0	17.9	12.99	24.92	17.9001	17.8899	17.8624	-99.99	17.8614	17.823	17.819	17.8138	17.7848	17.2473	-99.99	-99.99	0.709888
setup	0	2018-07-08 23:00:00	11.9095	381.691	206.41	17.8352	352.45	0	39.538	0	0	0	0	18.06	12.59	25.15	18.0601	18.0405	17.9875	-99.99	17.9856	17.9112	17.8355	17.791	17.7443	17.2537	-99.99	-99.99	0.710088
setup	0	2018-07-09 23:00:00	11.91	382.089	192.29	16.6328	358.408	0	38.0821	0	0	0	0	17.97	12.77	24.55	17.9701	17.9655	17.9531	-99.99	17.9526	17.9352	17.8696	17.8006	17.7374	17.2598	-99.99	-99.99	0.633588
setup	0	2018-07-10 23:00:00	11.9105	382.509	133.75	11.5827	381.627	0	36.8719	0	0	0	0	18.39	13.36	25.11	18.39	18.3488	18.237	-99.99	18.2331	18.0763	17.913	17.8162	17.7449	17.2659	-99.99	-99.99	0.624057
setup	0	2018-07-11 23:00:00	11.911	382.951	141.96	12.3092	376.747	0	32.5278	0	0	0	0	18.04	13.59	24.12	18.0401	18.0431	18.0511	-99.99	18.0514	18.0627	17.9734	17.8648	17.7765	17.2721	-99.99	-99.99	0.602884
setup	0	2018-07-12 23:00:00	11.9116	383.415	120.79	10.4881	385.411	0	31.6536	0	0	0	0	18.26	13.63	24.49	18.2601	18.2359	18.1702	-99.99	18.168	18.0759	17.9631	17.8761	17.8	17.2787	-99.99	-99.99	0.603645
setup	0	2018-07-13 23:00:00	11.9122	383.901	113.62	9.88027	388.309	0	29.0134	0	0	0	0	18.31	13.72	24.76	18.3101	18.2875	18.2262	-99.99	18.2241	18.138	18.0043	17.901	17.8185	17.2854	-99.99	-99.99	0.588187
setup	0	2018-07-14 23:00:00	11.9128	384.407	107.83	9.39195	385.979	0	27.8562	0	0	0	0	17.54	13.44	23.36	17.5401	17.5865	17.7125	-99.99	17.7168	17.8934	17.9592	17.911	17.8386	17.2923	-99.99	-99.99	0.541255
setup	0	2018-07-15 23:00:00	11.9135	384.933	108.64	9.47903	390.268	0	28.8165	0	0	0	0	18.48	13.02	26.75	18.48	18.4177	18.2483	-99.99	18.2425	18.0049	17.8718	17.844	17.8072	17.299	-99.99	-99.99	0.766146
setup	0	2018-07-16 23:00:00	11.9142	385.48	205.02	17.922	351.036	0	24.3069	0	0	0	0	17.83	12.29	25.72	17.8301	17.8495	17.9019	-99.99	17.9037	17.9771	17.9416	17.8679	17.799	17.3053	-99.99	-99.99	0.755932
setup	0	2018-07-17 23:00:00	11.9149	386.046	270.97	23.7348	323.213	0	23.5534	0	0	0	0	17.93	11.17	27.05	17.9301	17.9223	17.9009	-99.99	17.9002	17.8701	17.8517	17.8316	17.7887	17.3116	-99.99	-99.99	0.90517
setup	0	2018-07-18 23:00:00	11.9156	386.63	159.78	14.0257	365.152	0	19.9078	0	0	0	0	17.51	11.09	24.8	17.5101	17.5431	17.6325	-99.99	17.6356	17.7611	17.8281	17.8111	17.7672	17.3175	-99.99	-99.99	0.796749
setup	0	2018-07-19 23:00:00	11.9164	387.233	134.21	11.8083	377.223	0	19.23	0	0	0	0	17.86	11.55	25.27	17.8601	17.8479	17.8149	-99.99	17.8137	17.7674	17.7611	17.7583	17.7319	17.3229	-99.99	-99.99	0.775687
setup	0	2018-07-20 23:00:00	11.9172	387.854	163.37	14.4092	365.324	0	20.1484	0	0	0	0	17.44	13.46	23.28	17.4401	17.4753	17.5707	-99.99	17.5741	17.7081	17.7744	17.7518	17.7104	17.3279	-99.99	-99.99	0.635003
setup	0	2018-07-21 23:00:00	11.918	388.492	98.11	8.67586	388.866	0	21.5945	0	0	0	0	17.46	13.27	24.29	17.4601	17.4735	17.5099	-99.99	17.5112	17.5622	17.6455	17.6836	17.675	17.3326	-99.99	-99.99	0.601549
setup	0	2018-07-22 23:00:00	11.9189	389.146	225.27	19.9757	345.779	0	18.8621	0	0	0	0	17.76	12.84	24.49	17.7601	17.7443	17.7015	-99.99	17.7	17.6401	17.6227	17.6307	17.6222	17.3366	-99.99	-99.99	0.639282
setup	0	2018-07-23 23:00:00	11.9197	389.816	129.47	11.5142	378.221	0	21.1293	0	0	0	0	17.6	12.49	24.49	17.6001	17.6047	17.6174	-99.99	17.6178	17.6355	17.6317	17.6178	17.5959	17.34	-99.99	-99.99	0.682058
setup	0	2018-07-24 23:00:00	11.9206	390.502	140.34	12.5192	374.527	0	18.3934	0	0	0	0	17.67	12.39	24.52	17.6701	17.6654	17.6528	-99.99	17.6524	17.6346	17.6183	17.6031	17.5812	17.3432	-99.99	-99.99	0.708942
setup	0	2018-07-25 23:00:00	11.9215	391.202	100.08	8.9566	390.493	0	17.451	0	0	0	0	17.88	12.82	24.52	17.8801	17.8603	17.8068	-99.99	17.805	17.7299	17.6526	17.6079	17.5759	17.3461	-99.99	-99.99	0.671584
setup	0	2018-07-26 23:00:00	11.9224	391.916	186.74	16.7687	361.034	0	16.0999	0	0	0	0	18.25	12.85	25.4	18.25	18.2051	18.0832	-99.99	18.0789	17.9079	17.7303	17.6417	17.5918	17.3491	-99.99	-99.99	0.756753
setup	0	2018-07-27 23:00:00	11.9234	392.644	203.98	18.3814	357.562	0	16.8519	0	0	0	0	18.63	13.87	25.27	18.63	18.5716	18.413	-99.99	18.4075	18.1852	17.905	17.7379	17.6481	17.3525	-99.99	-99.99	0.754817
setup	0	2018-07-28 23:00:00	11.9244	393.384	233.48	21.1171	349.52	0	13.581	0	0	0	0	19.64	12.43	28.06	19.64	19.5083	19.1509	-99.99	19.1385	18.6371	18.1166	17.867	17.7432	17.3569	-99.99	-99.99	1.00504
setup	0	2018-07-29 23:00:00	11.9254	394.137	167.07	15.1682	377.105	0	14.7113	0	0	0	0	19.55	13.6	26.4	19.55	19.4765	19.2768	-99.99	19.2699	18.9899	18.4836	18.1194	17.9155	17.3629	-99.99	-99.99	0.776102
setup	0	2018-07-30 23:00:00	11.9264	394.9	187.9	17.1266	369.4	0	15.1269	0	0	0	0	19.31	14.51	25.89	19.31	19.2693	19.1587	-99.99	19.1548	18.9996	18.6375	18.3231	18.114	17.3713	-99.99	-99.99	0.705964
setup	0	2018-07-31 23:00:00	11.9274	395.675	129.93	11.8909	388.195	0	15.4721	0	0	0	0	19.15	14.58	25.52	19.15	19.1223	19.0471	-99.99	19.0445	18.9389	18.6825	18.4411	18.2575	17.3817	-99.99	-99.99	0.662876
setup	0	2018-08-01 23:00:00	11.9285	396.459	213.47	19.6179	362.618	0	15.8165	0	0	0	0	19.7	14.49	26.81	19.7	19.6228	19.4132	-99.99	19.4059	19.1118	18.7537	18.5165	18.3452	17.3935	-99.99	-99.99	0.771771
setup	0	2018-08-02 23:00:00	11.9296	397.252	276.06	25.4782	344.533	0	15.4883	0	0	0	0	20.59	14.29	29.15	20.5899	20.4569	20.0959	-99.99	20.0834	19.5769	18.9896	18.6515	18.4413	17.4062	-99.99	-99.99	0.94554
setup	0	2018-08-03 23:00:00	11.9307	398.054	182	16.8704	376.177	0	14.0331	0	0	0	0	20.4	14.33	28.48	20.4	20.3245	20.1195	-99.99	20.1124	19.8248	19.2869	18.8764	18.6059	17.4205	-99.99	-99.99	0.93883
setup	0	2018-08-04 23:00:00	11.9318	398.863	223.53	20.8117	354.284	0	13.2828	0	0	0	0	19.52	13.95	27.56	19.5201	19.5259	19.5418	-99.99	19.5423	19.5643	19.3262	19.0247	18.7723	17.4368	-99.99	-99.99	0.963596
setup	0	2018-08-05 23:00:00	11.9329	399.68	137.91	12.8975	382.454	0	12.3703	0	0	0	0	18.87	12.93	26.86	18.8701	18.9062	19.0041	-99.99	19.0075	19.1447	19.1482	19.014	18.8358	17.4544	-99.99	-99.99	0.869128
setup	0	2018-08-06 23:00:00	11.9341	400.502	250.84	23.5647	341.211	0	11.4022	0	0	0	0	19.03	13.42	27.24	19.0301	19.0282	19.0232	-99.99	19.023	19.016	18.9966	18.9231	18.7956	17.4718	-99.99	-99.99	0.927013
setup	0	2018-08-07 23:00:00	11.9353	401.33	286.13	27.0015	318.933	0	9.51821	0	0	0	0	19.06	11.66	28.09	19.0601	19.0479	19.0147	-99.99	19.0135	18.9668	18.9057	18.8367	18.7251	17.4882	-99.99	-99.99	1.21377
setup	0	2018-08-08 23:00:00	11.9364	402.163	271.09	25.6977	333.007	0	9.53746	0	0	0	0	19.57	12.96	27.66	19.57	19.5206	19.3863	-99.99	19.3816	19.1935	18.9758	18.8202	18.6799	17.5036	-99.99	-99.99	1.10234
setup	0	2018-08-09 23:00:00	11.9377	403	238.11	22.6727	351.999	0	9.85015	0	0	0	0	19.7	14.18	27.14	19.7	19.6567	19.539	-99.99	19.535	19.37	19.0964	18.8751	18.6977	17.5187	-99.99	-99.99	0.901291
setup	0	2018-08-10 23:00:00	11.9389	403.84	156.54	14.9717	379.276	0	9.64335	0	0	0	0	19.51	13.65	27.73	19.5101	19.4863	19.4219	-99.99	19.4197	19.3292	19.1183	18.9191	18.7416	17.5341	-99.99	-99.99	0.9461
setup	0	2018-08-11 23:00:00	11.9401	404.682	219.02	21.0386	348.326	0	8.59945	0	0	0	0	18.48	12.27	26.88	18.4801	18.5376	18.6935	-99.99	18.6989	18.9173	18.9876	18.8991	18.7575	17.5497	-99.99	-99.99	0.973702
setup	0	2018-08-12 23:00:00	11.9414	405.526	190.1	18.3383	363.55	0	8.23181	0	0	0	0	18.9	12.9	26.92	18.9001	18.8914	18.8679	-99.99	18.8671	18.8343	18.8334	18.7944	18.6991	17.5648	-99.99	-99.99	0.898404
setup	0	2018-08-13 23:00:00	11.9426	406.371	127.73	12.3725	383.894	0	7.06447	0	0	0	0	18.56	12.09	26.79	18.5601	18.5804	18.6354	-99.99	18.6373	18.7144	18.7488	18.7142	18.6265	17.5788	-99.99	-99.99	0.951595
setup	0	2018-08-14 23:00:00	11.9439	407.216	281.5	27.3757	325.345	0	5.57656	0	0	0	0	18.86	12.4	27.33	18.8601	18.8435	18.7984	-99.99	18.7969	18.7337	18.6856	18.6376	18.5558	17.5917	-99.99	-99.99	1.04095
setup	0	2018-08-15 23:00:00	11.9452	408.06	156.89	15.3154	374.57	0	7.02155	0	0	0	0	18.78	12.78	27.01	18.7801	18.7762	18.7657	-99.99	18.7654	18.7507	18.6883	18.6074	18.5112	17.6037	-99.99	-99.99	0.934476
setup	0	2018-08-16 23:00:00	11.9465	408.903	133.98	13.126	383.62	0	6.69894	0	0	0	0	18.96	12.43	27.56	18.96	18.9364	18.8723	-99.99	18.8701	18.7801	18.6698	18.5806	18.4844	17.6151	-99.99	-99.99	1.0139
setup	0	2018-08-17 23:00:00	11.9478	409.744	92.79	9.12128	398.76	0	6.49533	0	0	0	0	18.79	13.86	25.27	18.7901	18.7925	18.7991	-99.99	18.7993	18.8087	18.7242	18.6005	18.483	17.6261	-99.99	-99.99	0.756587
setup	0	2018-08-18 23:00:00	11.9492	410.582	119.87	11.8201	386.365	0	6.06778	0	0	0	0	18.2	13.82	24.31	18.2001	18.2435	18.3612	-99.99	18.3653	18.5303	18.6118	18.5692	18.4794	17.6371	-99.99	-99.99	0.670927
setup	0	2018-08-19 23:00:00	11.9505	411.416	195.42	19.3249	361.606	0	5.85623	0	0	0	0	18.68	13.77	25.49	18.68	18.659	18.6019	-99.99	18.6	18.52	18.4949	18.4789	18.4231	17.6475	-99.99	-99.99	0.808711
setup	0	2018-08-20 23:00:00	11.9518	412.246	167.3	16.5866	370.626	0	5.33593	0	0	0	0	18.65	12.83	26.19	18.65	18.6379	18.6049	-99.99	18.6037	18.5573	18.491	18.4384	18.3718	17.6571	-99.99	-99.99	0.880885
setup	0	2018-08-21 23:00:00	11.9532	413.071	196.11	19.4869	364.079	0	5.50866	0	0	0	0	19.19	13.02	26.92	19.19	19.1348	18.9848	-99.99	18.9796	18.7694	18.5587	18.4419	18.3526	17.666	-99.99	-99.99	0.881089
setup	0	2018-08-22 23:00:00	11.9546	413.89	243.2	24.2129	349.846	0	3.29399	0	0	0	0	19.8	13	27.97	19.8	19.7116	19.4717	-99.99	19.4634	19.1269	18.7412	18.5234	18.3888	17.675	-99.99	-99.99	0.98333
setup	0	2018-08-23 23:00:00	11.956	414.702	105.98	10.5683	399.802	0	5.39687	0	0	0	0	19.79	14.29	26.55	19.7874	19.6822	19.5823	-99.99	19.5797	19.3695	18.9849	18.6892	18.4986	17.6848	-99.99	-99.99	0.865743
setup	0	2018-08-24 23:00:00	11.9574	415.507	195.88	19.5576	369.724	0	5.72138	0	0	0	0	20.13	14.45	27.53	20.1264	19.9784	19.8378	-99.99	19.8341	19.5382	19.1213	18.828	18.629	17.696	-99.99	-99.99	0.945898
setup	0	2018-08-25 23:00:00	11.9588	416.304	192.52	19.2395	368.264	0	5.84275	0	0	0	0	19.8	13.2	28.18	19.7983	19.7292	19.6636	-99.99	19.6619	19.5235	19.2128	18.9482	18.7485	17.7088	-99.99	-99.99	0.982553
setup	0	2018-08-26 23:00:00	11.9602	417.092	184.19	18.417	374.741	0	6.1442	0	0	0	0	19.96	14.35	26.6	19.9579	19.8729	19.7921	-99.99	19.79	19.6201	19.3149	19.0497	18.8464	17.7227	-99.99	-99.99	0.835217
setup	0	2018-08-27 23:00:00	11.9616	417.871	227.47	22.7486	360.41	0	6.67552	0	0	0	0	20.06	15.13	26.56	20.0578	19.9686	19.8839	-99.99	19.8817	19.7034	19.3953	19.1366	18.9328	17.7377	-99.99	-99.99	0.856588
setup	0	2018-08-28 23:00:00	11.9631	418.64	119.63	11.9638	391.341	0	6.70401	0	0	0	0	18.99	14.87	24.44	18.9924	19.0879	19.1787	-99.99	19.1811	19.3719	19.3514	19.1834	19.0002	17.7535	-99.99	-99.99	0.688613
setup	0	2018-08-29 23:00:00	11.9645	419.399	142.2	14.2209	380.68	0	6.4688	0	0	0	0	18.59	14.23	24.53	18.5923	18.6826	18.7684	-99.99	18.7706	18.951	19.0928	19.0798	18.9756	17.7693	-99.99	-99.99	0.763024
setup	0	2018-08-30 23:00:00	11.9659	420.146	213.93	21.3943	355.455	0	5.59487	0	0	0	0	18.95	13.06	26.4	18.9496	18.9305	18.9124	-99.99	18.9119	18.8737	18.9082	18.9255	18.8659	17.7841	-99.99	-99.99	0.918801
setup	0	2018-08-31 23:00:00	11.9674	420.881	98.11	9.81159	398.35	0	6.52548	0	0	0	0	19.02	13.64	25.63	19.0197	19.0061	18.9931	-99.99	18.9928	18.9657	18.9183	18.8599	18.775	17.7972	-99.99	-99.99	0.807607
setup	0	2018-09-01 23:00:00	11.9689	421.603	148.33	14.8338	383.949	0	6.76289	0	0	0	0	19.61	13.81	26.9	19.6073	19.4967	19.3917	-99.99	19.389	19.168	18.957	18.8379	18.7329	17.8094	-99.99	-99.99	0.893058
setup	0	2018-09-02 23:00:00	11.9703	422.313	127.85	12.7857	391.671	0	6.77531	0	0	0	0	19.64	14.46	26.31	19.6382	19.5647	19.495	-99.99	19.4931	19.3463	19.0947	18.8993	18.7514	17.8213	-99.99	-99.99	0.840179
setup	0	2018-09-03 23:00:00	11.9718	423.008	199.58	19.959	365.284	0	6.81783	0	0	0	0	19.68	14.5	26.55	19.6783	19.608	19.5413	-99.99	19.5395	19.399	19.1587	18.9616	18.804	17.8335	-99.99	-99.99	0.956214
setup	0	2018-09-04 23:00:00	11.9733	423.69	134.79	13.4797	392.753	0	7.36632	0	0	0	0	20.22	14.41	27.62	20.2163	20.0664	19.924	-99.99	19.9203	19.6206	19.2609	19.0282	18.859	17.8462	-99.99	-99.99	0.879505
setup	0	2018-09-05 23:00:00	11.9748	424.357	245.75	24.5761	351.35	0	7.35284	0	0	0	0	20.03	13.69	27.87	20.028	19.9466	19.8693	-99.99	19.8672	19.7043	19.3866	19.1309	18.9388	17.8597	-99.99	-99.99	0.983796
setup	0	2018-09-06 23:00:00	11.9763	425.008	223.3	22.331	359.595	0	7.35275	0	0	0	0	19.98	14.22	27.58	19.9784	19.9139	19.8526	-99.99	19.851	19.722	19.4555	19.215	19.0209	17.874	-99.99	-99.99	0.949308
setup	0	2018-09-07 23:00:00	11.9778	425.643	285.43	28.5442	336.8	0	5.93008	0	0	0	0	20.36	13.11	28.97	20.3568	20.2254	20.1006	-99.99	20.0974	19.8347	19.4999	19.2668	19.0813	17.8891	-99.99	-99.99	1.09926
setup	0	2018-09-08 23:00:00	11.9793	426.263	274.9	27.4911	342.153	0	7.52646	0	0	0	0	20.82	14.29	29.44	20.8158	20.6483	20.4891	-99.99	20.4849	20.1501	19.6935	19.3784	19.1563	17.9048	-99.99	-99.99	1.17622
setup	0	2018-09-09 23:00:00	11.9808	426.865	289.48	28.949	342.831	0	7.1429	0	0	0	0	21.51	13.41	30.41	21.504	21.2621	21.0324	-99.99	21.0263	20.5428	19.9285	19.5367	19.2753	17.9216	-99.99	-99.99	1.20656
setup	0	2018-09-10 23:00:00	11.9823	427.45	295.73	29.574	344.797	0	7.92039	0	0	0	0	22	15.38	30.74	21.9938	21.7462	21.5109	-99.99	21.5047	21.0098	20.2855	19.7818	19.4543	17.94	-99.99	-99.99	1.21037
setup	0	2018-09-11 23:00:00	11.9838	428.018	286.13	28.6139	340.398	0	7.60155	0	0	0	0	21.23	14.92	29.97	21.2282	21.1564	21.0882	-99.99	21.0864	20.9425	20.4649	20.0114	19.6691	17.9608	-99.99	-99.99	1.23466
setup	0	2018-09-12 23:00:00	11.9853	428.568	302.79	30.2798	331.699	0	6.14624	0	0	0	0	20.94	13.88	29.7	20.9387	20.8873	20.8385	-99.99	20.8372	20.7342	20.4295	20.1037	19.8116	17.9837	-99.99	-99.99	1.23098
setup	0	2018-09-13 23:00:00	11.9868	429.099	266.92	26.6927	352.4	0	7.84082	0	0	0	0	21.38	14.37	30	21.3767	21.2424	21.1149	-99.99	21.1116	20.8433	20.4607	20.1478	19.8762	18.0075	-99.99	-99.99	1.11595
setup	0	2018-09-14 23:00:00	11.9884	429.612	287.05	28.7056	345.215	0	4.83228	0	0	0	0	22.19	15.16	30.95	22.1841	21.9486	21.7248	-99.99	21.7189	21.2481	20.6528	20.2486	19.9451	18.0318	-99.99	-99.99	1.34724
setup	0	2018-09-15 23:00:00	11.9899	430.105	314.36	31.4366	322.102	0	5.17784	0	0	0	0	21.3	13.46	30.5	21.299	21.2597	21.2224	-99.99	21.2214	21.1424	20.7671	20.3836	20.0595	18.057	-99.99	-99.99	1.46462
setup	0	2018-09-16 23:00:00	11.9914	430.58	314.47	31.4475	322.799	0	5.44161	0	0	0	0	21.49	14.19	31.2	21.4875	21.389	21.2953	-99.99	21.2928	21.0957	20.7522	20.4308	20.1362	18.0832	-99.99	-99.99	1.46329
setup	0	2018-09-17 23:00:00	11.9929	431.034	314.59	31.4372	322.244	0	4.00361	0	0	0	0	21.54	13.6	31.59	21.5375	21.4361	21.3397	-99.99	21.3372	21.1343	20.7793	20.465	20.1786	18.1097	-99.99	-99.99	1.4947
setup	0	2018-09-18 23:00:00	11.9945	431.469	298.51	29.8247	331.498	0	5.3125	0	0	0	0	21.27	14.15	30.71	21.2689	21.2241	21.1815	-99.99	21.1804	21.0908	20.8101	20.5056	20.2178	18.1364	-99.99	-99.99	1.34998
setup	0	2018-09-19 23:00:00	11.996	431.884	309.73	30.9386	326.388	0	7.40984	0	0	0	0	21.06	13.92	30.29	21.0593	21.0323	21.0066	-99.99	21.0059	20.9517	20.7493	20.4997	20.236	18.1631	-99.99	-99.99	1.31131
setup	0	2018-09-20 23:00:00	11.9975	432.278	314.13	31.3692	325.825	0	6.09645	0	0	0	0	21.45	12.93	30.74	21.4473	21.3373	21.2328	-99.99	21.23	21.0101	20.7161	20.4696	20.2221	18.1896	-99.99	-99.99	1.38036
setup	0	2018-09-21 23:00:00	11.9991	432.652	260.67	26.0217	356.7	0	7.87415	0	0	0	0	21.88	15.44	30.35	21.8764	21.7313	21.5934	-99.99	21.5898	21.3	20.8686	20.5241	20.2367	18.2155	-99.99	-99.99	1.1589
setup	0	2018-09-22 23:00:00	12.0006	433.005	184.19	18.3793	378.95	0	7.68189	0	0	0	0	21.25	14.66	29.61	21.2495	21.2294	21.2102	-99.99	21.2097	21.1693	20.8989	20.5872	20.2943	18.2418	-99.99	-99.99	1.1696
setup	0	2018-09-23 23:00:00	12.0021	433.338	253.61	25.2935	349.352	0	7.56529	0	0	0	0	21.03	14.7	29.9	21.0296	21.0141	20.9994	-99.99	20.999	20.968	20.7997	20.5694	20.3142	18.2682	-99.99	-99.99	1.24717
setup	0	2018-09-24 23:00:00	12.0036	433.65	305.91	30.491	333.472	0	7.59069	0	0	0	0	20.99	14.36	29.61	20.99	20.9746	20.933	-99.99	20.9316	20.8732	20.7161	20.5183	20.2884	18.2942	-99.99	-99.99	1.13819
setup	0	2018-09-25 23:00:00	12.0052	433.941	261.83	26.0784	355.055	0	8.06538	0	0	0	0	21.51	15.1	29.68	21.5099	21.448	21.2799	-99.99	21.2741	21.0384	20.7369	20.493	20.257	18.3194	-99.99	-99.99	1.09083
setup	0	2018-09-26 23:00:00	12.0067	434.211	288.56	28.7159	344.839	0	8.34688	0	0	0	0	21.87	14.65	30.91	21.8699	21.7891	21.5699	-99.99	21.5624	21.2548	20.8351	20.5268	20.2642	18.3442	-99.99	-99.99	1.23391
setup	0	2018-09-27 23:00:00	12.0082	434.46	195.88	19.4729	373.62	0	8.04245	0	0	0	0	20.35	16.16	26.47	20.3501	20.4232	20.6219	-99.99	20.6287	20.9073	20.8597	20.5963	20.3184	18.3691	-99.99	-99.99	0.820002
setup	0	2018-09-28 23:00:00	12.0098	434.688	242.39	24.0675	365.085	0	8.50146	0	0	0	0	21.61	15.81	29.62	21.6099	21.5219	21.2832	-99.99	21.2749	20.94	20.6749	20.4992	20.2948	18.3939	-99.99	-99.99	0.971545
setup	0	2018-09-29 23:00:00	12.0113	434.895	280.69	27.831	342.065	0	8.11072	0	0	0	0	20.9	14.72	29.09	20.9	20.9008	20.9029	-99.99	20.903	20.9057	20.722	20.4979	20.2684	18.418	-99.99	-99.99	1.10645
setup	0	2018-09-30 23:00:00	12.0128	435.081	312.16	30.9003	319.852	0	4.24969	0	0	0	0	21.05	13.83	30.34	21.0499	21.0191	20.9352	-99.99	20.9323	20.8145	20.6335	20.452	20.2454	18.4415	-99.99	-99.99	1.42203
setup	0	2018-10-01 23:00:00	12.0143	435.247	310.77	30.704	323.696	0	4.07873	0	0	0	0	20.52	12.95	29.24	20.52	20.5363	20.5806	-99.99	20.5821	20.6441	20.5715	20.4116	20.213	18.4643	-99.99	-99.99	1.21151
setup	0	2018-10-02 23:00:00	12.0158	435.392	267.15	26.3363	345.337	0	5.75334	0	0	0	0	20.81	14.51	29.06	20.81	20.7877	20.7273	-99.99	20.7252	20.6407	20.5083	20.3527	20.1678	18.4864	-99.99	-99.99	1.11394
setup	0	2018-10-03 23:00:00	12.0174	435.516	246.21	24.2108	356.145	0	8.18856	0	0	0	0	21.28	14.58	30.09	21.2799	21.2184	21.0516	-99.99	21.0458	20.8118	20.5324	20.3277	20.1329	18.5076	-99.99	-99.99	1.14948
setup	0	2018-10-04 23:00:00	12.0189	435.62	228.85	22.4391	362.428	0	8.4451	0	0	0	0	21.43	14.95	30.11	21.4299	21.3725	21.2167	-99.99	21.2113	20.9928	20.6482	20.3748	20.1455	18.5284	-99.99	-99.99	1.19704
setup	0	2018-10-05 23:00:00	12.0204	435.704	308.69	30.169	339.377	0	8.74445	0	0	0	0	21.88	15.5	30.54	21.8799	21.7949	21.5642	-99.99	21.5562	21.2325	20.7851	20.4573	20.2009	18.5494	-99.99	-99.99	1.13856
setup	0	2018-10-06 23:00:00	12.0219	435.768	273.28	26.6104	353.948	0	9.02831	0	0	0	0	22.07	15.68	30.67	22.0699	21.9882	21.7666	-99.99	21.7589	21.4479	20.9571	20.5806	20.2934	18.5711	-99.99	-99.99	1.12733
setup	0	2018-10-07 23:00:00	12.0234	435.812	269.35	26.1201	354.926	0	9.1934	0	0	0	0	22.12	15.67	30.35	22.1199	22.0487	21.8555	-99.99	21.8488	21.5776	21.1025	20.7126	20.4077	18.5938	-99.99	-99.99	1.15102
setup	0	2018-10-08 23:00:00	12.0249	435.837	247.14	23.8568	361.726	0	9.6051	0	0	0	0	21.65	16.34	29.26	21.6499	21.6292	21.5728	-99.99	21.5708	21.4916	21.1691	20.8204	20.5179	18.6178	-99.99	-99.99	1.01912
setup	0	2018-10-09 23:00:00	12.0264	435.843	222.26	21.3468	366.805	0	9.44946	0	0	0	0	21.23	15.89	29.02	21.23	21.2312	21.2346	-99.99	21.2347	21.2393	21.0748	20.8326	20.5746	18.6425	-99.99	-99.99	1.01098
setup	0	2018-10-10 23:00:00	12.0278	435.829	283.58	27.0851	339.173	0	9.31484	0	0	0	0	20.94	14.32	29.13	20.94	20.9466	20.9646	-99.99	20.9653	20.9903	20.9185	20.7647	20.5564	18.6672	-99.99	-99.99	1.1269
setup	0	2018-10-11 23:00:00	12.0293	435.798	293.42	27.8552	334.415	0	9.54606	0	0	0	0	21.17	14.16	30.04	21.1699	21.1432	21.0706	-99.99	21.0681	20.9662	20.8274	20.6806	20.4937	18.6909	-99.99	-99.99	1.21771
setup	0	2018-10-12 23:00:00	12.0308	435.748	304.99	28.7632	333.553	0	8.10488	0	0	0	0	21.91	13.62	31.01	21.9098	21.8229	21.5869	-99.99	21.5787	21.2476	20.8886	20.6563	20.4477	18.7136	-99.99	-99.99	1.32426
setup	0	2018-10-13 23:00:00	12.0323	435.68	295.04	27.6277	344.995	0	11.0029	0	0	0	0	22.8	16.03	31.68	22.7998	22.6685	22.3121	-99.99	22.2998	21.8001	21.177	20.7729	20.4879	18.7359	-99.99	-99.99	1.33932
setup	0	2018-10-14 23:00:00	12.0337	435.595	304.29	28.2778	339.463	0	9.2148	0	0	0	0	22.53	15.88	31.29	22.5299	22.4566	22.2579	-99.99	22.251	21.972	21.4168	20.963	20.6258	18.7592	-99.99	-99.99	1.32561
setup	0	2018-10-15 23:00:00	12.0352	435.492	269.12	24.8078	352.026	0	12.61	0	0	0	0	22.87	16.34	31.88	22.8698	22.773	22.5103	-99.99	22.5011	22.1325	21.5621	21.116	20.7732	18.784	-99.99	-99.99	1.43778
setup	0	2018-10-16 23:00:00	12.0366	435.374	239.04	21.8474	366.904	0	13.926	0	0	0	0	22.93	16.23	31.67	22.9298	22.8454	22.616	-99.99	22.6081	22.2863	21.7264	21.2695	20.9133	18.8104	-99.99	-99.99	1.33773
setup	0	2018-10-17 23:00:00	12.038	435.239	260.9	23.6325	359.179	0	15.5964	0	0	0	0	22.98	16.66	31.27	22.9799	22.9031	22.6947	-99.99	22.6875	22.395	21.8639	21.4112	21.0478	18.8382	-99.99	-99.99	1.3316
setup	0	2018-10-18 23:00:00	12.0395	435.088	242.62	21.7726	369.188	0	18.3528	0	0	0	0	22.59	17.4	29.69	22.5899	22.5568	22.4668	-99.99	22.4637	22.3375	21.9414	21.5275	21.1677	18.8673	-99.99	-99.99	1.05724
setup	0	2018-10-19 23:00:00	12.0409	434.922	205.25	18.2423	379.225	0	20.5334	0	0	0	0	22.23	17.21	28.83	22.2299	22.2174	22.1833	-99.99	22.1821	22.1341	21.8792	21.5593	21.238	18.8972	-99.99	-99.99	1.01905
setup	0	2018-10-20 23:00:00	12.0423	434.742	263.22	23.1645	353.695	0	23.5427	0	0	0	0	21.92	16.13	29.58	21.9199	21.916	21.9051	-99.99	21.9048	21.8893	21.7367	21.5093	21.2373	18.9272	-99.99	-99.99	1.13193
setup	0	2018-10-21 23:00:00	12.0437	434.548	264.37	23.033	349.792	0	25.7651	0	0	0	0	21.75	15.69	29.73	21.7499	21.747	21.739	-99.99	21.7387	21.7274	21.6124	21.4267	21.1857	18.9564	-99.99	-99.99	1.18889
setup	0	2018-10-22 23:00:00	12.0451	434.34	247.02	21.3042	349.854	0	29.6493	0	0	0	0	20.48	14.6	28.33	20.4801	20.5728	20.8246	-99.99	20.8333	21.1862	21.3726	21.3007	21.1041	18.9844	-99.99	-99.99	1.01811
setup	0	2018-10-23 23:00:00	12.0465	434.119	134.21	11.458	386.115	0	32.5523	0	0	0	0	19.51	14.9	26.46	19.5101	19.6397	19.9915	-99.99	20.0036	20.4971	20.9475	21.0475	20.9401	19.0106	-99.99	-99.99	0.85615
setup	0	2018-10-24 23:00:00	12.0478	433.885	142.08	12.0084	386.116	0	34.4281	0	0	0	0	20.09	13.26	28.25	20.09	20.1126	20.1741	-99.99	20.1762	20.2624	20.5423	20.7072	20.6792	19.0336	-99.99	-99.99	0.949622
setup	0	2018-10-25 23:00:00	12.0492	433.64	135.37	11.3287	389.488	0	46.027	0	0	0	0	19.84	15.8	26.22	19.84	19.8933	20.0377	-99.99	20.0428	20.2457	20.4501	20.509	20.4503	19.053	-99.99	-99.99	0.637453
setup	0	2018-10-26 23:00:00	12.0505	433.383	181.88	15.0751	376.846	0	45.8157	0	0	0	0	20.32	14.81	27.37	20.3199	20.3091	20.2796	-99.99	20.2785	20.2372	20.2926	20.3317	20.2795	19.0697	-99.99	-99.99	0.710646
setup	0	2018-10-27 23:00:00	12.0519	433.115	174.48	14.3283	378.253	0	53.3724	0	0	0	0	20.31	15.24	26.95	20.3099	20.3094	20.3081	-99.99	20.308	20.3061	20.2873	20.246	20.1636	19.0843	-99.99	-99.99	0.74356
setup	0	2018-10-28 23:00:00	12.0532	432.838	161.86	13.175	383.089	0	57.3869	0	0	0	0	20.65	16.17	27.63	20.6499	20.619	20.5353	-99.99	20.5324	20.4149	20.2937	20.2037	20.1029	19.0977	-99.99	-99.99	0.858655
setup	0	2018-10-29 23:00:00	12.0545	432.551	214.97	17.3533	369.841	0	60.5589	0	0	0	0	21.18	16.39	28.34	21.1799	21.1127	20.9306	-99.99	20.9242	20.6687	20.3885	20.2194	20.0881	19.1104	-99.99	-99.99	0.804814
setup	0	2018-10-30 23:00:00	12.0558	432.255	291.91	23.3835	336.966	0	71.5968	0	0	0	0	21.27	15.7	29.01	21.2699	21.2131	21.059	-99.99	21.0536	20.8373	20.516	20.2917	20.1269	19.1231	-99.99	-99.99	1.04302
setup	0	2018-10-31 23:00:00	12.0571	431.951	297.35	23.6526	340.155	0	75.2828	0	0	0	0	21.48	15.37	29.26	21.4799	21.4163	21.2436	-99.99	21.2377	20.9954	20.6395	20.3834	20.197	19.1364	-99.99	-99.99	0.958828
setup	0	2018-11-01 23:00:00	12.0583	431.64	225.04	17.7886	369.58	0	84.291	0	0	0	0	21.5	16.67	28.03	21.4999	21.4523	21.323	-99.99	21.3185	21.1373	20.7912	20.5022	20.2903	19.1506	-99.99	-99.99	0.773011
setup	0	2018-11-02 23:00:00	12.0596	431.322	259.52	20.4021	357.665	0	90.1103	0	0	0	0	21.63	17.12	28.57	21.6299	21.575	21.4259	-99.99	21.4207	21.2116	20.8721	20.5977	20.3854	19.1658	-99.99	-99.99	0.833052
setup	0	2018-11-03 23:00:00	12.0608	430.997	248.76	19.466	358.606	0	95.9328	0	0	0	0	21.53	16.73	28.66	21.5299	21.4909	21.385	-99.99	21.3813	21.2326	20.935	20.6765	20.4661	19.182	-99.99	-99.99	0.895202
setup	0	2018-11-04 23:00:00	12.0621	430.667	288.32	22.4777	334.496	0	94.6708	0	0	0	0	21.08	15.78	28.23	21.0799	21.079	21.0766	-99.99	21.0765	21.0729	20.9152	20.7157	20.5234	19.1988	-99.99	-99.99	1.06966
setup	0	2018-11-05 23:00:00	12.0633	430.332	311.93	24.2504	323.231	0	90.7912	0	0	0	0	21.57	15.33	30.22	21.5698	21.512	21.355	-99.99	21.3496	21.1292	20.8811	20.7036	20.5358	19.2159	-99.99	-99.99	1.25091
setup	0	2018-11-06 23:00:00	12.0645	429.993	295.27	22.9131	336.573	0	81.8376	0	0	0	0	21.93	16.09	30.38	21.9298	21.8594	21.6684	-99.99	21.6618	21.3938	21.0236	20.7616	20.5605	19.2329	-99.99	-99.99	1.16521
setup	0	2018-11-07 23:00:00	12.0656	429.65	300.94	23.3329	341.612	0	90.8317	0	0	0	0	22.67	16.36	31	22.6698	22.5539	22.2396	-99.99	22.2287	21.7877	21.2353	20.8811	20.637	19.2504	-99.99	-99.99	1.17387
setup	0	2018-11-08 23:00:00	12.0668	429.305	293.18	22.7228	346.769	0	95.4493	0	0	0	0	22.87	16.85	31.18	22.8698	22.7695	22.4973	-99.99	22.4878	22.1059	21.5053	21.0718	20.775	19.269	-99.99	-99.99	1.16621
setup	0	2018-11-09 23:00:00	12.0679	428.957	276.41	21.4176	351.977	0	98.2949	0	0	0	0	22.5	16.68	30.5	22.4999	22.4495	22.3127	-99.99	22.308	22.116	21.6593	21.2509	20.9402	19.2894	-99.99	-99.99	1.08112
setup	0	2018-11-10 23:00:00	12.0691	428.608	248.99	19.2884	358.675	0	84.664	0	0	0	0	22.37	16.95	30.03	22.3699	22.3287	22.2171	-99.99	22.2132	22.0566	21.6997	21.3566	21.0676	19.3115	-99.99	-99.99	1.12932
setup	0	2018-11-11 23:00:00	12.0702	428.257	249.8	19.347	358.704	0	71.0627	0	0	0	0	22.2	16.83	29.43	22.1999	22.1711	22.093	-99.99	22.0903	21.9806	21.7012	21.4106	21.1445	19.3346	-99.99	-99.99	1.05596
setup	0	2018-11-12 23:00:00	12.0712	427.907	253.96	19.6656	356.31	0	63.7386	0	0	0	0	22.12	16.24	29.97	22.1199	22.0908	22.012	-99.99	22.0092	21.8985	21.6615	21.4187	21.1779	19.358	-99.99	-99.99	1.06315
setup	0	2018-11-13 23:00:00	12.0723	427.557	265.53	20.5583	350.518	0	69.4253	0	0	0	0	21.46	16.04	28.93	21.4599	21.4852	21.5536	-99.99	21.556	21.6519	21.5822	21.3994	21.1808	19.3815	-99.99	-99.99	0.911588
setup	0	2018-11-14 23:00:00	12.0734	427.208	262.06	20.2871	352.227	0	93.7941	0	0	0	0	21.67	15.98	29.18	21.6699	21.6541	21.6113	-99.99	21.6098	21.5498	21.4517	21.3177	21.1368	19.4043	-99.99	-99.99	0.945897
setup	0	2018-11-15 23:00:00	12.0744	426.861	259.31	20.0725	349.713	0	89.7611	0	0	0	0	22.12	15.66	30.54	22.1198	22.0638	21.9119	-99.99	21.9066	21.6934	21.446	21.2662	21.082	19.4262	-99.99	-99.99	1.19192
setup	0	2018-11-16 23:00:00	12.0754	426.517	313.78	24.2879	323.588	0	61.5907	0	0	0	0	22.19	14.38	30.95	22.1898	22.1399	22.0044	-99.99	21.9997	21.8095	21.5122	21.2787	21.0686	19.4473	-99.99	-99.99	1.3412
setup	0	2018-11-17 23:00:00	12.0764	426.175	194.26	15.0367	382.036	0	49.5276	0	0	0	0	22.33	17.18	30	22.3299	22.2832	22.1564	-99.99	22.152	21.9744	21.6443	21.3492	21.104	19.4684	-99.99	-99.99	0.898095
setup	0	2018-11-18 23:00:00	12.0773	425.837	272.82	21.1189	353.364	0	49.8064	0	0	0	0	23	16.92	30.76	22.9998	22.9	22.6292	-99.99	22.6198	22.2398	21.7575	21.4243	21.1654	19.4898	-99.99	-99.99	1.16396
setup	0	2018-11-19 23:00:00	12.0783	425.503	237.99	18.425	365.857	0	47.2901	0	0	0	0	21.9	17.54	28.43	21.9	21.9209	21.9778	-99.99	21.9798	22.0594	21.8479	21.5371	21.2584	19.512	-99.99	-99.99	0.798129
setup	0	2018-11-20 23:00:00	12.0792	425.175	186.05	14.4066	380.946	0	49.2868	0	0	0	0	21.54	17.06	28.25	21.5399	21.5598	21.6135	-99.99	21.6154	21.6907	21.6541	21.4978	21.2888	19.5348	-99.99	-99.99	0.746556
setup	0	2018-11-21 23:00:00	12.0801	424.852	192.76	14.9302	378.248	0	53.1033	0	0	0	0	21.36	17.32	28.25	21.3599	21.3766	21.4217	-99.99	21.4233	21.4866	21.4914	21.3973	21.2337	19.5571	-99.99	-99.99	0.693022
setup	0	2018-11-22 23:00:00	12.0809	424.535	212.54	16.468	371.651	0	70.7543	0	0	0	0	21.7	17.35	28.2	21.6999	21.6756	21.6095	-99.99	21.6072	21.5146	21.4116	21.3025	21.1515	19.5782	-99.99	-99.99	0.802711
setup	0	2018-11-23 23:00:00	12.0818	424.224	252.11	19.5426	355.725	0	80.75	0	0	0	0	21.73	17.08	28.3	21.7299	21.7074	21.6464	-99.99	21.6442	21.5586	21.4062	21.2585	21.0945	19.598	-99.99	-99.99	0.896546
setup	0	2018-11-24 23:00:00	12.0826	423.921	258.36	20.0379	352.851	0	78.9497	0	0	0	0	21.65	17.05	28.21	21.6499	21.6351	21.5948	-99.99	21.5934	21.5369	21.3941	21.2362	21.066	19.6171	-99.99	-99.99	0.889645
setup	0	2018-11-25 23:00:00	12.0834	423.626	254.66	19.7638	354.824	0	65.3864	0	0	0	0	21.77	16.76	29.09	21.7699	21.74	21.6588	-99.99	21.656	21.542	21.3681	21.2102	21.0443	19.6357	-99.99	-99.99	0.905625
setup	0	2018-11-26 23:00:00	12.0842	423.339	233.71	18.1519	362.528	0	58.6637	0	0	0	0	21.86	16.74	28.65	21.8599	21.8274	21.7394	-99.99	21.7363	21.6128	21.4017	21.2135	21.036	19.6538	-99.99	-99.99	0.916099
setup	0	2018-11-27 23:00:00	12.0849	423.06	230.724	17.9361	361.735	0	58.7757	0	0	0	0	21.51	16.48	28.79	21.5099	21.5086	21.5051	-99.99	21.505	21.5	21.3769	21.2139	21.0408	19.6717	-99.99	-99.99	0.872332
setup	0	2018-11-28 23:00:00	12.0856	422.791	241.23	18.7723	361.502	0	51.9434	0	0	0	0	22.12	16.19	29.51	22.1198	22.0569	21.8861	-99.99	21.8801	21.6405	21.3792	21.198	21.0311	19.6893	-99.99	-99.99	0.93921
setup	0	2018-11-29 23:00:00	12.0863	422.532	252.11	19.6423	355.704	0	47.4116	0	0	0	0	21.34	17.3	26.99	21.34	21.3657	21.4356	-99.99	21.438	21.536	21.4378	21.2437	21.0531	19.7068	-99.99	-99.99	0.748073
setup	0	2018-11-30 23:00:00	12.087	422.284	261.13	20.3725	352.157	0	53.1191	0	0	0	0	21.79	17.19	28.53	21.7899	21.7512	21.6462	-99.99	21.6426	21.4953	21.3366	21.2011	21.0488	19.7242	-99.99	-99.99	0.890976
setup	0	2018-12-01 23:00:00	12.0876	422.046	195.42	15.2693	374.736	0	57.539	0	0	0	0	21.16	17.31	27.45	21.16	21.1853	21.2541	-99.99	21.2565	21.3529	21.315	21.1869	21.033	19.7412	-99.99	-99.99	0.680391
setup	0	2018-12-02 23:00:00	12.0883	421.819	228.97	17.9214	361.548	0	56.2302	0	0	0	0	21.25	16.26	28.33	21.2499	21.2442	21.2289	-99.99	21.2283	21.2066	21.1743	21.1068	20.9901	19.7577	-99.99	-99.99	0.792287
setup	0	2018-12-03 23:00:00	12.0888	421.604	232.9	18.2637	364.159	0	80.7878	0	0	0	0	21.67	16.69	28.73	21.6699	21.6283	21.5154	-99.99	21.5115	21.3532	21.1853	21.0637	20.9376	19.7733	-99.99	-99.99	0.777104
setup	0	2018-12-04 23:00:00	12.0894	421.401	255.12	20.0485	358.767	0	91.1073	0	0	0	0	21.59	17.59	27.45	21.5899	21.5707	21.5184	-99.99	21.5166	21.4434	21.265	21.0901	20.9336	19.7882	-99.99	-99.99	0.664366
setup	0	2018-12-05 23:00:00	12.0899	421.21	249.8	19.6763	359.759	0	101.539	0	0	0	0	22.23	17.38	29.12	22.2298	22.1523	21.9421	-99.99	21.9348	21.6398	21.3163	21.1139	20.9517	19.8032	-99.99	-99.99	0.886962
setup	0	2018-12-06 23:00:00	12.0904	421.032	276.06	21.8007	350.114	0	96.2303	0	0	0	0	22.07	17.05	28.98	22.0699	22.0287	21.9171	-99.99	21.9132	21.7565	21.4482	21.1979	21.004	19.8183	-99.99	-99.99	0.862931
setup	0	2018-12-07 23:00:00	12.0909	420.867	256.74	20.332	355.246	0	98.2526	0	0	0	0	21.94	17.54	28.22	21.9399	21.9146	21.846	-99.99	21.8437	21.7475	21.5054	21.2705	21.0726	19.8342	-99.99	-99.99	0.863568
setup	0	2018-12-08 23:00:00	12.0913	420.716	213.7	16.9755	370.253	0	94.788	0	0	0	0	21.46	17.06	27.76	21.4599	21.4712	21.5018	-99.99	21.5028	21.5456	21.4522	21.2892	21.1162	19.8505	-99.99	-99.99	0.702922
setup	0	2018-12-09 23:00:00	12.0917	420.578	263.8	21.0252	353.797	0	85.282	0	0	0	0	21.79	17	28.84	21.7899	21.7562	21.6648	-99.99	21.6616	21.5334	21.3848	21.2536	21.1091	19.8669	-99.99	-99.99	0.790925
setup	0	2018-12-10 23:00:00	12.0921	420.454	168.92	13.5117	379.676	0	93.5697	0	0	0	0	20.29	17.1	24.39	20.2901	20.3978	20.6902	-99.99	20.7004	21.1105	21.2982	21.2311	21.0954	19.8829	-99.99	-99.99	0.480315
setup	0	2018-12-11 23:00:00	12.0925	420.345	243.78	19.5756	349.119	0	79.7285	0	0	0	0	19.62	17.03	23.19	19.6201	19.7326	20.0381	-99.99	20.0487	20.4772	20.9014	21.0339	20.9972	19.8981	-99.99	-99.99	0.496124
setup	0	2018-12-12 23:00:00	12.0928	420.25	273.75	22.0743	342.687	0	81.6664	0	0	0	0	21.06	15.38	27.79	21.0598	20.9991	20.8342	-99.99	20.8285	20.5971	20.6442	20.7739	20.7949	19.911	-99.99	-99.99	0.790366
setup	0	2018-12-13 23:00:00	12.0931	420.169	215.32	17.4405	366.926	0	85.9381	0	0	0	0	21	17.09	26.93	20.9999	20.9861	20.9485	-99.99	20.9472	20.8946	20.7978	20.7343	20.673	19.9215	-99.99	-99.99	0.626082
setup	0	2018-12-14 23:00:00	12.0934	420.104	259.75	21.14	347.077	0	81.839	0	0	0	0	19.79	17.13	24.07	19.7901	19.8847	20.1417	-99.99	20.1506	20.511	20.7159	20.7113	20.6442	19.931	-99.99	-99.99	0.438252
setup	0	2018-12-15 23:00:00	12.0936	420.053	205.14	16.7805	365.189	0	77.8804	0	0	0	0	19.94	16.79	25.45	19.94	19.9757	20.0726	-99.99	20.0759	20.2118	20.44	20.5541	20.5574	19.9397	-99.99	-99.99	0.475767
setup	0	2018-12-16 23:00:00	12.0938	420.018	275.94	22.6938	343.801	0	73.6481	0	0	0	0	21.25	15.62	28.42	21.2498	21.1607	20.919	-99.99	20.9106	20.5715	20.4181	20.4349	20.4356	19.9468	-99.99	-99.99	0.785022
setup	0	2018-12-17 23:00:00	12.094	419.998	287.05	23.7422	337.593	0	77.1788	0	0	0	0	21.18	16.24	28.07	21.1799	21.1407	21.0343	-99.99	21.0306	20.8813	20.6418	20.4977	20.4153	19.9528	-99.99	-99.99	0.822638
setup	0	2018-12-18 23:00:00	12.0941	419.993	278.14	23.1434	341.216	0	75.8073	0	0	0	0	21.45	15.72	29.02	21.4498	21.3935	21.2405	-99.99	21.2352	21.0206	20.7471	20.578	20.4704	19.9591	-99.99	-99.99	0.895588
setup	0	2018-12-19 23:00:00	12.0942	420.004	229.2	19.1914	358.961	0	71.2224	0	0	0	0	20.76	16.32	26.75	20.7599	20.7811	20.8387	-99.99	20.8407	20.9213	20.8263	20.6701	20.5474	19.9661	-99.99	-99.99	0.675853
setup	0	2018-12-20 23:00:00	12.0943	420.03	256.85	21.6484	345.816	0	67.5281	0	0	0	0	21	15.84	27.86	20.9999	20.9786	20.9207	-99.99	20.9187	20.8374	20.7472	20.6674	20.5842	19.9739	-99.99	-99.99	0.856255
setup	0	2018-12-21 23:00:00	12.0943	420.072	244.24	20.7268	354.05	0	63.8618	0	0	0	0	21.67	15.6	28.95	21.6698	21.5961	21.3959	-99.99	21.389	21.1082	20.8321	20.6904	20.5955	19.9817	-99.99	-99.99	0.945182
setup	0	2018-12-22 23:00:00	12.0943	420.129	251.18	21.4676	355.306	0	59.7146	0	0	0	0	21.82	16.56	29.01	21.8198	21.7605	21.5993	-99.99	21.5937	21.3677	21.0289	20.8004	20.6571	19.9899	-99.99	-99.99	0.866712
setup	0	2018-12-23 23:00:00	12.0943	420.201	259.98	22.3834	351.874	0	59.1741	0	0	0	0	21.7	16.8	28.42	21.6999	21.6645	21.5686	-99.99	21.5653	21.4306	21.1507	20.9188	20.7566	19.9991	-99.99	-99.99	0.839367
setup	0	2018-12-24 23:00:00	12.0943	420.289	268.77	23.3157	345.757	0	55.5862	0	0	0	0	21.7	15.93	28.89	21.6999	21.6637	21.5656	-99.99	21.5622	21.4245	21.1856	20.9914	20.8409	20.0094	-99.99	-99.99	0.937738
setup	0	2018-12-25 23:00:00	12.0942	420.392	262.87	22.9812	348.321	0	50.711	0	0	0	0	21.58	15.61	28.85	21.5799	21.5576	21.4972	-99.99	21.4951	21.4103	21.2196	21.0449	20.9004	20.0204	-99.99	-99.99	0.898944
setup	0	2018-12-26 23:00:00	12.0941	420.511	263.56	23.2244	343.388	0	45.6473	0	0	0	0	21.41	15.06	28.75	21.4099	21.4001	21.3735	-99.99	21.3726	21.3352	21.2079	21.0689	20.938	20.032	-99.99	-99.99	0.992201
setup	0	2018-12-27 23:00:00	12.0939	420.644	248.29	22.0554	350.762	0	41.6227	0	0	0	0	21.22	16.15	28.28	21.2199	21.2243	21.2362	-99.99	21.2366	21.2532	21.1867	21.0736	20.9536	20.0437	-99.99	-99.99	0.876839
setup	0	2018-12-28 23:00:00	12.0937	420.793	280.46	25.1165	336.946	0	39.1435	0	0	0	0	21.32	15.18	29.09	21.3199	21.3039	21.2605	-99.99	21.259	21.1981	21.1179	21.0392	20.9423	20.0553	-99.99	-99.99	0.968337
setup	0	2018-12-29 23:00:00	12.0935	420.956	288.67	26.0642	335.812	0	35.748	0	0	0	0	21.73	15.81	29.34	21.7298	21.6834	21.5574	-99.99	21.5531	21.3764	21.1751	21.0412	20.9293	20.0665	-99.99	-99.99	1.01925
setup	0	2018-12-30 23:00:00	12.0933	421.133	269.47	24.5308	345.723	0	32.8843	0	0	0	0	21.74	15.68	29.01	21.7399	21.7062	21.6148	-99.99	21.6116	21.4834	21.2637	21.0901	20.9537	20.0777	-99.99	-99.99	0.952315
setup	0	2018-12-31 23:00:00	12.093	421.325	273.86	25.1347	344.09	0	30.479	0	0	0	0	21.15	16.06	28.14	21.1499	21.1714	21.2298	-99.99	21.2318	21.3135	21.2581	21.1263	20.9931	20.0892	-99.99	-99.99	0.792669
setup	0	2019-01-01 23:00:00	12.0927	421.532	262.41	24.2792	348.054	0	27.3901	0	0	0	0	21.71	16.61	29.16	21.7098	21.666	21.547	-99.99	21.5429	21.376	21.217	21.1056	20.9963	20.1008	-99.99	-99.99	0.945225
setup	0	2019-01-02 23:00:00	12.0924	421.752	291.91	27.2241	334.216	0	24.5026	0	0	0	0	22.02	15.21	30.41	22.0198	21.9597	21.7966	-99.99	21.7909	21.5619	21.2915	21.1278	21.0018	20.1123	-99.99	-99.99	1.12625
setup	0	2019-01-03 23:00:00	12.092	421.985	272.36	25.5987	346.931	0	21.8037	0	0	0	0	22.03	15.08	29.98	22.0298	21.9866	21.8692	-99.99	21.8652	21.7005	21.421	21.2062	21.0478	20.1239	-99.99	-99.99	0.996615
setup	0	2019-01-04 23:00:00	12.0916	422.232	204.79	19.3932	373.269	0	21.0098	0	0	0	0	21.11	18.14	26.78	21.11	21.1605	21.2975	-99.99	21.3022	21.4946	21.465	21.2883	21.1207	20.1362	-99.99	-99.99	0.558013
setup	0	2019-01-05 23:00:00	12.0912	422.491	224.23	21.3883	365.095	0	23.584	0	0	0	0	21.17	17.01	27.93	21.1699	21.1769	21.1959	-99.99	21.1966	21.2231	21.2541	21.2178	21.1237	20.149	-99.99	-99.99	0.670764
setup	0	2019-01-06 23:00:00	12.0908	422.763	272.59	26.1808	343.427	0	17.6397	0	0	0	0	20.87	16.73	25.71	20.87	20.901	20.9852	-99.99	20.9881	21.1063	21.1748	21.1481	21.07	20.1611	-99.99	-99.99	0.73384
setup	0	2019-01-07 23:00:00	12.0903	423.048	297.81	28.7894	327.2	0	12.3595	0	0	0	0	22.03	15.36	30.09	22.0298	21.9382	21.6898	-99.99	21.6812	21.3325	21.1171	21.062	20.9994	20.1723	-99.99	-99.99	1.23867
setup	0	2019-01-08 23:00:00	12.0898	423.344	205.71	20.0066	363.494	0	14.5767	0	0	0	0	20.87	15.87	27.8	20.87	20.919	21.052	-99.99	21.0566	21.2431	21.2252	21.1063	20.9913	20.1827	-99.99	-99.99	0.911438
setup	0	2019-01-09 23:00:00	12.0893	423.651	262.41	25.6631	343.833	0	13.3724	0	0	0	0	21.46	16.22	28.5	21.4599	21.4281	21.3419	-99.99	21.3389	21.2181	21.1335	21.0673	20.9833	20.1931	-99.99	-99.99	1.01706
setup	0	2019-01-10 23:00:00	12.0887	423.97	261.48	25.7006	342.222	0	12.2762	0	0	0	0	20.73	15.47	27.04	20.73	20.7716	20.8845	-99.99	20.8884	21.0466	21.0977	21.0473	20.9649	20.203	-99.99	-99.99	0.880034
setup	0	2019-01-11 23:00:00	12.0881	424.298	262.75	25.9401	348.488	0	12.028	0	0	0	0	21.66	16.06	28.5	21.6598	21.6	21.4375	-99.99	21.4319	21.2042	21.0567	20.9945	20.9274	20.2126	-99.99	-99.99	0.935183
setup	0	2019-01-12 23:00:00	12.0875	424.637	293.65	29.1014	328.832	0	7.84427	0	0	0	0	21.23	14.73	28.63	21.2299	21.2276	21.2212	-99.99	21.221	21.2119	21.1097	21.0095	20.9181	20.2216	-99.99	-99.99	1.06105
setup	0	2019-01-13 23:00:00	12.0868	424.985	277.56	27.594	337.326	0	11.2105	0	0	0	0	20.94	14.37	29.02	20.9399	20.9543	20.9932	-99.99	20.9946	21.0491	21.0483	20.9942	20.9166	20.2305	-99.99	-99.99	0.940503
setup	0	2019-01-14 23:00:00	12.0862	425.343	257.09	25.6226	351.178	0	11.3922	0	0	0	0	21.72	15.72	28.98	21.7198	21.662	21.5051	-99.99	21.4997	21.2799	21.0896	20.9849	20.9017	20.2392	-99.99	-99.99	0.953546
setup	0	2019-01-15 23:00:00	12.0855	425.708	207.68	20.7353	364.512	0	10.8215	0	0	0	0	20.4	16.22	25.76	20.4037	20.5547	20.6981	-99.99	20.7019	21.0036	21.1005	21.0223	20.9236	20.2478	-99.99	-99.99	0.687514
setup	0	2019-01-16 23:00:00	12.0847	426.082	229.885	22.977	359.139	0	11.7541	0	0	0	0	21.31	16.14	28.41	21.3078	21.2252	21.1468	-99.99	21.1447	20.9796	20.9348	20.9329	20.8918	20.2563	-99.99	-99.99	0.892971
setup	0	2019-01-17 23:00:00	12.084	426.463	302.56	30.2518	328.488	0	7.82425	0	0	0	0	21.61	15.94	28.85	21.6076	21.5155	21.428	-99.99	21.4256	21.2415	21.0411	20.9355	20.8601	20.2642	-99.99	-99.99	1.08404
setup	0	2019-01-18 23:00:00	12.0832	426.85	294.8	29.476	333.355	0	8.01536	0	0	0	0	22.69	15.72	31.23	22.6838	22.4407	22.2098	-99.99	22.2037	21.7177	21.242	21.0167	20.8927	20.272	-99.99	-99.99	1.3399
setup	0	2019-01-19 23:00:00	12.0824	427.244	299.66	29.9619	330.653	0	7.57929	0	0	0	0	22.65	15.51	31.04	22.6461	22.4937	22.349	-99.99	22.3452	22.0406	21.5453	21.2113	21.0149	20.2806	-99.99	-99.99	1.36484
setup	0	2019-01-20 23:00:00	12.0816	427.644	312.04	31.1998	323.421	0	7.66168	0	0	0	0	23.26	15.67	32.24	23.2543	23.0301	22.8171	-99.99	22.8115	22.3633	21.7801	21.4075	21.1807	20.2911	-99.99	-99.99	1.57779
setup	0	2019-01-21 23:00:00	12.0807	428.049	287.63	28.7592	336.724	0	7.44391	0	0	0	0	22.97	16.1	30.11	22.9671	22.8561	22.7506	-99.99	22.7478	22.5258	22.0372	21.6356	21.3712	20.3037	-99.99	-99.99	1.4287
setup	0	2019-01-22 23:00:00	12.0798	428.457	285.08	28.5042	339.425	0	8.40192	0	0	0	0	22.11	16.73	27.99	22.1108	22.1474	22.1821	-99.99	22.183	22.256	22.0642	21.7787	21.5392	20.3186	-99.99	-99.99	1.1477
setup	0	2019-01-23 23:00:00	12.0789	428.87	228.28	22.825	365.289	0	10.0036	0	0	0	0	22.34	17.32	29.33	22.3386	22.2856	22.2352	-99.99	22.2339	22.1279	21.9604	21.7846	21.6069	20.3347	-99.99	-99.99	1.07838
setup	0	2019-01-24 23:00:00	12.078	429.286	302.09	30.2051	329.794	0	6.902	0	0	0	0	22.27	15.56	30.26	22.2687	22.2227	22.1789	-99.99	22.1778	22.0855	21.9215	21.7701	21.6137	20.3511	-99.99	-99.99	1.29206
setup	0	2019-01-25 23:00:00	12.0771	429.704	306.14	30.6101	334.687	0	9.61139	0	0	0	0	23.43	15.49	31.95	23.4241	23.1917	22.971	-99.99	22.9652	22.5008	22.0448	21.7979	21.6189	20.3672	-99.99	-99.99	1.45315
setup	0	2019-01-26 23:00:00	12.0761	430.124	286.47	28.6434	347.513	0	10.2826	0	0	0	0	23.3	17.95	30.79	23.2969	23.1755	23.0603	-99.99	23.0572	22.8148	22.3403	21.9668	21.7103	20.3837	-99.99	-99.99	1.27515
setup	0	2019-01-27 23:00:00	12.0751	430.545	300.7	30.0662	340.667	0	7.18515	0	0	0	0	23.28	15.89	31.5	23.2769	23.1591	23.0471	-99.99	23.0441	22.8082	22.4068	22.0851	21.834	20.4015	-99.99	-99.99	1.33941
setup	0	2019-01-28 23:00:00	12.0741	430.967	260.9	26.0868	353.793	0	6.92848	0	0	0	0	22.77	15.96	30.49	22.7695	22.7513	22.734	-99.99	22.7335	22.6971	22.4511	22.1722	21.9291	20.4205	-99.99	-99.99	1.25339
setup	0	2019-01-29 23:00:00	12.0731	431.388	299.66	29.9623	338.507	0	7.19329	0	0	0	0	23.07	16.21	31.7	23.0676	22.9736	22.8843	-99.99	22.882	22.6941	22.4238	22.1919	21.9778	20.4402	-99.99	-99.99	1.35588
setup	0	2019-01-30 23:00:00	12.072	431.808	299.78	29.9744	336.363	0	6.85546	0	0	0	0	23.18	15.46	32.2	23.1774	23.0784	22.9843	-99.99	22.9818	22.7837	22.474	22.2245	22.0073	20.46	-99.99	-99.99	1.45666
setup	0	2019-01-31 23:00:00	12.071	432.227	309.84	30.9803	336.321	0	9.37979	0	0	0	0	23.75	16.12	32.48	23.7456	23.5736	23.4102	-99.99	23.4059	23.0621	22.6134	22.2977	22.0545	20.4801	-99.99	-99.99	1.51332
setup	0	2019-02-01 23:00:00	12.0699	432.643	284.04	28.4007	344.897	0	7.29157	0	0	0	0	23.47	16.07	31.72	23.4678	23.3841	23.3045	-99.99	23.3024	23.1349	22.7519	22.4122	22.1415	20.5007	-99.99	-99.99	1.48745
setup	0	2019-02-02 23:00:00	12.0688	433.056	320.03	31.9993	325.258	0	6.5858	0	0	0	0	24.22	16.12	32.89	24.2147	24.006	23.8078	-99.99	23.8026	23.3856	22.8643	22.5044	22.2293	20.5223	-99.99	-99.99	1.80119
setup	0	2019-02-03 23:00:00	12.0676	433.466	321.07	32.1033	320.773	0	6.51471	0	0	0	0	24.33	16.42	33.35	24.3256	24.1529	23.9888	-99.99	23.9845	23.6391	23.0785	22.6547	22.3417	20.5448	-99.99	-99.99	1.89516
setup	0	2019-02-04 23:00:00	12.0665	433.871	305.8	30.5384	334.506	0	8.22601	0	0	0	0	23.94	16.82	32.51	23.9379	23.8588	23.7836	-99.99	23.7816	23.6232	23.2011	22.7997	22.4753	20.5687	-99.99	-99.99	1.65627
setup	0	2019-02-05 23:00:00	12.0653	434.271	295.61	29.5112	342.274	0	10.5334	0	0	0	0	23.15	16.91	30.59	23.1509	23.191	23.2291	-99.99	23.2301	23.3101	23.146	22.8588	22.5704	20.5937	-99.99	-99.99	1.35853
setup	0	2019-02-06 23:00:00	12.0641	434.665	298.62	29.7998	337.706	0	7.50755	0	0	0	0	22.78	16.38	30.31	22.781	22.8261	22.869	-99.99	22.8701	22.9602	22.9416	22.7909	22.5724	20.6191	-99.99	-99.99	1.34684
setup	0	2019-02-07 23:00:00	12.063	435.053	277.56	27.6846	355.841	0	10.6894	0	0	0	0	23.38	17.09	30.56	23.3778	23.2925	23.2116	-99.99	23.2094	23.0392	22.8617	22.7018	22.5081	20.6437	-99.99	-99.99	1.22423
setup	0	2019-02-08 23:00:00	12.0617	435.433	183.96	18.3377	389.369	0	10.7563	0	0	0	0	23.29	18.32	29.94	23.2899	23.2673	23.2061	-99.99	23.2039	23.118	22.9079	22.6898	22.471	20.6672	-99.99	-99.99	1.19942
setup	0	2019-02-09 23:00:00	12.0605	435.806	269.47	26.8421	358.475	0	10.7525	0	0	0	0	23.34	17.75	30.78	23.3399	23.3072	23.2186	-99.99	23.2155	23.091	22.8761	22.6707	22.4571	20.6902	-99.99	-99.99	1.24815
setup	0	2019-02-10 23:00:00	12.0593	436.17	292.72	29.1325	345.151	0	10.5306	0	0	0	0	22.85	17.37	30.35	22.8499	22.8601	22.8877	-99.99	22.8886	22.9272	22.8254	22.6483	22.4428	20.7126	-99.99	-99.99	1.25419
setup	0	2019-02-11 23:00:00	12.058	436.525	297.81	29.6079	332.47	0	7.22705	0	0	0	0	23.24	15.61	32.17	23.2399	23.1954	23.0747	-99.99	23.0705	22.9009	22.7215	22.5763	22.4006	20.7345	-99.99	-99.99	1.65741
setup	0	2019-02-12 23:00:00	12.0567	436.869	307.65	30.5477	330.589	0	7.03125	0	0	0	0	22.84	15.77	31.67	22.8399	22.8414	22.8455	-99.99	22.8457	22.8513	22.7269	22.5554	22.3664	20.7555	-99.99	-99.99	1.50739
setup	0	2019-02-13 23:00:00	12.0555	437.204	279.18	27.6794	343.949	0	6.92881	0	0	0	0	22.77	14.95	31.31	22.7699	22.7646	22.75	-99.99	22.7495	22.7291	22.6399	22.5056	22.335	20.7759	-99.99	-99.99	1.45015
setup	0	2019-02-14 23:00:00	12.0542	437.527	260.21	25.753	356.678	0	6.71047	0	0	0	0	23.3	16.33	30.98	23.2999	23.2482	23.1078	-99.99	23.1029	22.9062	22.6691	22.4818	22.3017	20.7956	-99.99	-99.99	1.43596
setup	0	2019-02-15 23:00:00	12.0528	437.838	297.58	29.3904	347.585	0	9.30729	0	0	0	0	24.11	16.42	32.93	24.1098	24.0004	23.7035	-99.99	23.6932	23.2767	22.8087	22.525	22.3103	20.8149	-99.99	-99.99	1.54719
setup	0	2019-02-16 23:00:00	12.0515	438.136	247.83	24.4175	368.239	0	10.7116	0	0	0	0	23.51	18.23	30.09	23.5099	23.491	23.4396	-99.99	23.4378	23.3657	23.0208	22.67	22.3975	20.8345	-99.99	-99.99	1.27676
setup	0	2019-02-17 23:00:00	12.0502	438.422	290.18	28.5095	353.63	0	10.1205	0	0	0	0	24.3	17.53	32.14	24.2998	24.1967	23.917	-99.99	23.9073	23.5148	23.0528	22.7364	22.4836	20.8551	-99.99	-99.99	1.5134
setup	0	2019-02-18 23:00:00	12.0488	438.693	320.6	31.3957	334.543	0	6.87009	0	0	0	0	24.78	16.19	34.24	24.7798	24.6591	24.3315	-99.99	24.3202	23.8604	23.2545	22.8573	22.5717	20.8764	-99.99	-99.99	1.86577
setup	0	2019-02-19 23:00:00	12.0475	438.951	307.53	30.0032	350.328	0	10.1842	0	0	0	0	25.16	17.48	32.97	25.1598	25.0424	24.7239	-99.99	24.7129	24.2662	23.5755	23.0692	22.7196	20.899	-99.99	-99.99	1.71105
setup	0	2019-02-20 23:00:00	12.0461	439.193	302.9	29.4253	348.38	0	10.9093	0	0	0	0	23.49	18.09	30.71	23.49	23.5378	23.6677	-99.99	23.6722	23.8541	23.6306	23.2425	22.8977	20.9235	-99.99	-99.99	1.32911
setup	0	2019-02-21 23:00:00	12.0447	439.42	249.91	24.16	365.126	0	10.8494	0	0	0	0	23.37	17.57	30.51	23.37	23.3801	23.4075	-99.99	23.4085	23.4469	23.383	23.1969	22.9529	20.9492	-99.99	-99.99	1.35976
setup	0	2019-02-22 23:00:00	12.0433	439.631	246.21	23.6722	368.365	0	11.0927	0	0	0	0	23.38	16.91	30.92	23.3799	23.3722	23.3513	-99.99	23.3506	23.3212	23.2376	23.0991	22.9017	20.9746	-99.99	-99.99	1.30779
setup	0	2019-02-23 23:00:00	12.0419	439.825	267.15	25.5282	360.39	0	11.2817	0	0	0	0	22.72	17.21	29.75	22.72	22.7649	22.8869	-99.99	22.8911	23.0622	23.1124	23.0099	22.8299	20.9987	-99.99	-99.99	1.11607
setup	0	2019-02-24 23:00:00	12.0405	440.002	213.93	20.3032	381.182	0	11.6767	0	0	0	0	23.24	17.89	30.13	23.2399	23.2153	23.1483	-99.99	23.146	23.0523	22.9804	22.8886	22.7351	21.0215	-99.99	-99.99	1.18317
setup	0	2019-02-25 23:00:00	12.0391	440.162	281.61	26.5248	355.049	0	11.5167	0	0	0	0	22.61	17.38	28.91	22.61	22.6454	22.7413	-99.99	22.7446	22.8791	22.9029	22.8105	22.6551	21.0428	-99.99	-99.99	1.09443
setup	0	2019-02-26 23:00:00	12.0377	440.303	314.36	29.3639	336.79	0	8.26291	0	0	0	0	23.2	16.29	31.38	23.1999	23.1575	23.0425	-99.99	23.0386	22.8771	22.7683	22.6931	22.5651	21.0629	-99.99	-99.99	1.45762
setup	0	2019-02-27 23:00:00	12.0362	440.427	290.06	26.8488	351.534	0	10.3511	0	0	0	0	23.63	16.77	31.55	23.6299	23.5678	23.3994	-99.99	23.3935	23.1573	22.8724	22.6792	22.5093	21.0816	-99.99	-99.99	1.43664
setup	0	2019-02-28 23:00:00	12.0348	440.531	317.83	29.1305	339.991	0	8.837	0	0	0	0	24.45	16.08	33.34	24.4498	24.3316	24.0109	-99.99	23.9998	23.5498	23.0435	22.744	22.528	21.0999	-99.99	-99.99	1.72032
setup	0	2019-03-01 23:00:00	12.0333	440.615	323.27	29.3161	340.163	0	9.76688	0	0	0	0	25.53	17.02	35.09	25.5297	25.3562	24.8851	-99.99	24.8688	24.208	23.4114	22.9348	22.6361	21.1187	-99.99	-99.99	1.98049
setup	0	2019-03-02 23:00:00	12.0319	440.68	280.46	25.1466	360.834	0	16.5147	0	0	0	0	25.88	17.26	34.86	25.8798	25.7277	25.3148	-99.99	25.3005	24.7212	23.8458	23.2397	22.8536	21.1395	-99.99	-99.99	2.02024
setup	0	2019-03-03 23:00:00	12.0304	440.725	314.36	27.8485	352.578	0	18.3434	0	0	0	0	25.75	18.29	34.22	25.7498	25.6428	25.3523	-99.99	25.3422	24.9345	24.1659	23.5495	23.1238	21.1632	-99.99	-99.99	1.84903
setup	0	2019-03-04 23:00:00	12.0289	440.75	273.28	23.9039	364.788	0	19.4205	0	0	0	0	24.19	18.82	29.98	24.19	24.2313	24.3433	-99.99	24.3472	24.5041	24.2171	23.7586	23.3614	21.1899	-99.99	-99.99	1.43267
setup	0	2019-03-05 23:00:00	12.0275	440.753	263.45	22.7403	365.374	0	20.8171	0	0	0	0	23.48	18.46	29.63	23.48	23.5323	23.6743	-99.99	23.6792	23.8781	23.9045	23.7135	23.4404	21.2184	-99.99	-99.99	1.29279
setup	0	2019-03-06 23:00:00	12.026	440.736	320.26	27.266	340.53	0	18.7554	0	0	0	0	24.58	17.14	32.39	24.5799	24.4988	24.2789	-99.99	24.2713	23.9627	23.7271	23.5714	23.366	21.2463	-99.99	-99.99	1.74207
setup	0	2019-03-07 23:00:00	12.0245	440.697	322.69	27.0866	337.923	0	24.9906	0	0	0	0	25.48	17.84	34.07	25.4798	25.3512	25.0023	-99.99	24.9902	24.5007	23.9396	23.5944	23.3236	21.273	-99.99	-99.99	2.04059
setup	0	2019-03-08 23:00:00	12.023	440.636	312.04	25.8167	336.963	0	29.6449	0	0	0	0	24.66	17.11	33.36	24.6599	24.6364	24.5726	-99.99	24.5704	24.4805	24.0965	23.7142	23.3918	21.2996	-99.99	-99.99	1.96326
setup	0	2019-03-09 23:00:00	12.0215	440.554	299.43	24.4137	342.626	0	30.9814	0	0	0	0	24.2	16.93	32.76	24.2	24.201	24.2038	-99.99	24.2039	24.2077	24.0165	23.7399	23.4523	21.3268	-99.99	-99.99	1.82739
setup	0	2019-03-10 23:00:00	12.02	440.449	325.46	26.1494	326.283	0	40.3044	0	0	0	0	23.2	15.77	31.16	23.2	23.267	23.4489	-99.99	23.4552	23.71	23.7943	23.6622	23.4376	21.354	-99.99	-99.99	1.69396
setup	0	2019-03-11 23:00:00	12.0185	440.323	313.78	24.8453	337.511	0	42.4186	0	0	0	0	24.07	16.53	32.87	24.0699	24.0245	23.9012	-99.99	23.8969	23.7241	23.6117	23.5089	23.3361	21.38	-99.99	-99.99	1.77069
setup	0	2019-03-12 23:00:00	12.017	440.173	320.03	24.9776	331.383	0	43.8292	0	0	0	0	24.06	16.37	33.2	24.0599	24.0303	23.9499	-99.99	23.9471	23.8341	23.6355	23.4532	23.254	21.4043	-99.99	-99.99	1.86296
setup	0	2019-03-13 23:00:00	12.0154	440.002	315.28	24.2626	333.83	0	47.1599	0	0	0	0	23.43	15.85	33	23.43	23.4535	23.5173	-99.99	23.5195	23.6087	23.5595	23.4095	23.2127	21.4277	-99.99	-99.99	1.69946
setup	0	2019-03-14 23:00:00	12.0139	439.808	293.42	22.2744	348.871	0	55.9298	0	0	0	0	23.51	16.12	32.26	23.51	23.5081	23.5032	-99.99	23.503	23.4961	23.4424	23.325	23.1534	21.4501	-99.99	-99.99	1.54312
setup	0	2019-03-15 23:00:00	12.0124	439.591	297.46	22.2877	346.319	0	66.0134	0	0	0	0	23.87	15.76	32.61	23.8699	23.8314	23.7269	-99.99	23.7232	23.5766	23.403	23.2569	23.0881	21.4715	-99.99	-99.99	1.6792
setup	0	2019-03-16 23:00:00	12.0109	439.351	292.14	21.6192	355.912	0	68.1464	0	0	0	0	24.01	16.64	32.28	24.0099	23.971	23.8655	-99.99	23.8618	23.7138	23.469	23.2576	23.0608	21.4919	-99.99	-99.99	1.50631
setup	0	2019-03-17 23:00:00	12.0094	439.089	318.87	23.3243	348.504	0	77.4405	0	0	0	0	24.93	17.35	33.46	24.9299	24.8195	24.5201	-99.99	24.5098	24.0899	23.6099	23.3081	23.0788	21.5121	-99.99	-99.99	1.71377
setup	0	2019-03-18 23:00:00	12.0078	438.804	302.9	21.9186	351.04	0	67.854	0	0	0	0	24.56	17.49	32.76	24.5599	24.5138	24.3887	-99.99	24.3844	24.2087	23.798	23.441	23.1648	21.5326	-99.99	-99.99	1.70265
setup	0	2019-03-19 23:00:00	12.0063	438.496	317.83	22.7736	345.152	0	60.5706	0	0	0	0	24.66	16.3	33.39	24.6599	24.6005	24.4393	-99.99	24.4338	24.2075	23.8315	23.5185	23.2548	21.5542	-99.99	-99.99	1.75897
setup	0	2019-03-20 23:00:00	12.0048	438.166	288.56	20.4942	360.655	0	55.365	0	0	0	0	24.87	17.71	33.47	24.8699	24.8037	24.6239	-99.99	24.6177	24.3656	23.9494	23.6072	23.331	21.5765	-99.99	-99.99	1.69114
setup	0	2019-03-21 23:00:00	12.0032	437.813	316.09	22.2753	348.177	0	50.6493	0	0	0	0	25.21	16.79	34.19	25.2099	25.1224	24.8849	-99.99	24.8766	24.5433	24.0594	23.699	23.4136	21.5995	-99.99	-99.99	1.86916
setup	0	2019-03-22 23:00:00	12.0017	437.437	309.38	21.8046	351.187	0	44.9923	0	0	0	0	25.04	17.25	33.91	25.0399	24.9855	24.8377	-99.99	24.8326	24.6252	24.1957	23.8176	23.5116	21.6235	-99.99	-99.99	1.81065
setup	0	2019-03-23 23:00:00	12.0002	437.04	291.91	20.5756	357.658	0	47.8529	0	0	0	0	24.35	16.89	33.19	24.35	24.3535	24.3628	-99.99	24.3632	24.3761	24.1659	23.877	23.5949	21.6484	-99.99	-99.99	1.61123
setup	0	2019-03-24 23:00:00	11.9986	436.62	279.42	19.6977	358.348	0	46.8124	0	0	0	0	24.16	17.55	32.96	24.16	24.1603	24.1612	-99.99	24.1613	24.1625	24.0442	23.844	23.6091	21.6736	-99.99	-99.99	1.65349
setup	0	2019-03-25 23:00:00	11.9971	436.179	296.31	20.8911	349.475	0	36.4781	0	0	0	0	24.94	15.48	34.19	24.9399	24.8586	24.6377	-99.99	24.6301	24.3202	23.9987	23.7849	23.5711	21.6983	-99.99	-99.99	1.97815
setup	0	2019-03-26 23:00:00	11.9956	435.716	311.7	21.9795	344.772	0	32.2426	0	0	0	0	25.43	16.97	34.71	25.4299	25.3353	25.0785	-99.99	25.0696	24.7094	24.2111	23.8575	23.5833	21.7224	-99.99	-99.99	2.07236
setup	0	2019-03-27 23:00:00	11.9941	435.232	286.59	20.2123	354.885	0	41.9201	0	0	0	0	24.23	16.95	32.34	24.23	24.2587	24.3367	-99.99	24.3394	24.4484	24.2636	23.9566	23.6658	21.747	-99.99	-99.99	1.71299
setup	0	2019-03-28 23:00:00	11.9925	434.726	283.47	19.9961	357.572	0	43.4986	0	0	0	0	23.83	16.51	32.2	23.83	23.8571	23.9306	-99.99	23.9332	24.0362	24.0332	23.89	23.6764	21.7719	-99.99	-99.99	1.54596
setup	0	2019-03-29 23:00:00	11.991	434.2	291.68	20.5798	358.588	0	40.147	0	0	0	0	24.84	16.5	33.54	24.8399	24.7613	24.5478	-99.99	24.5404	24.241	23.9708	23.7961	23.6068	21.7961	-99.99	-99.99	1.73977
setup	0	2019-03-30 23:00:00	11.9895	433.653	291.56	20.5767	362.874	0	43.4755	0	0	0	0	24.76	18.13	32.97	24.76	24.7183	24.6051	-99.99	24.6011	24.4424	24.1221	23.8395	23.5955	21.8194	-99.99	-99.99	1.58083
setup	0	2019-03-31 23:00:00	11.988	433.086	306.03	21.6045	357.934	0	43.26	0	0	0	0	24.73	18.47	33.17	24.73	24.6921	24.5892	-99.99	24.5856	24.4413	24.1526	23.8801	23.6308	21.8426	-99.99	-99.99	1.56913
setup	0	2019-04-01 23:00:00	11.9864	432.5	279.42	19.733	367.946	0	42.8316	0	0	0	0	24.55	18.21	32.8	24.55	24.5273	24.4658	-99.99	24.4637	24.3772	24.1467	23.8998	23.6593	21.866	-99.99	-99.99	1.49001
setup	0	2019-04-02 23:00:00	11.9849	431.894	286.7	20.2554	364.959	0	41.6997	0	0	0	0	24.6	18.28	33	24.6	24.568	24.4811	-99.99	24.4781	24.3562	24.1248	23.8963	23.6686	21.8894	-99.99	-99.99	1.52175
setup	0	2019-04-03 23:00:00	11.9834	431.269	263.56	18.6295	373.934	0	43.0068	0	0	0	0	23.9	18.35	31.75	23.9001	23.9279	24.0036	-99.99	24.0062	24.1122	24.0551	23.879	23.6666	21.9125	-99.99	-99.99	1.24183
setup	0	2019-04-04 23:00:00	11.9819	430.626	206.76	14.6228	388.409	0	42.3138	0	0	0	0	23.12	18.4	29.85	23.1201	23.1904	23.3811	-99.99	23.3877	23.6552	23.821	23.7699	23.6138	21.9351	-99.99	-99.99	1.06599
setup	0	2019-04-05 23:00:00	11.9804	429.965	245.63	17.3829	376.766	0	36.783	0	0	0	0	23.37	17.57	31.02	23.37	23.3805	23.4087	-99.99	23.4097	23.4493	23.5502	23.5705	23.4778	21.9561	-99.99	-99.99	1.14863
setup	0	2019-04-06 23:00:00	11.9789	429.286	291.1	20.6159	359.873	0	41.1506	0	0	0	0	23.8	17.79	31.69	23.8	23.7716	23.6946	-99.99	23.692	23.584	23.504	23.4451	23.3398	21.975	-99.99	-99.99	1.36135
setup	0	2019-04-07 23:00:00	11.9774	428.591	257.32	18.239	367.537	0	30.6577	0	0	0	0	23.73	17.08	32.12	23.73	23.7149	23.6738	-99.99	23.6724	23.6146	23.5035	23.395	23.2656	21.9922	-99.99	-99.99	1.48516
setup	0	2019-04-08 23:00:00	11.9759	427.879	311.23	22.0814	354.153	0	30.7979	0	0	0	0	24.49	17.24	33.41	24.4899	24.4108	24.1961	-99.99	24.1887	23.8875	23.5747	23.389	23.2352	22.0087	-99.99	-99.99	1.55505
setup	0	2019-04-09 23:00:00	11.9744	427.151	269.93	19.1722	370.09	0	33.3995	0	0	0	0	24.19	17.99	31.38	24.19	24.1657	24.0999	-99.99	24.0976	24.0052	23.7365	23.4814	23.2782	22.025	-99.99	-99.99	1.39176
setup	0	2019-04-10 23:00:00	11.9729	426.408	283.23	20.1419	360.501	0	26.9659	0	0	0	0	23.34	18.89	29.31	23.3401	23.3849	23.5064	-99.99	23.5106	23.681	23.6731	23.515	23.3341	22.0419	-99.99	-99.99	1.26775
setup	0	2019-04-11 23:00:00	11.9714	425.651	254.19	18.102	373.353	0	35.6871	0	0	0	0	23.18	18.08	29.99	23.1801	23.2041	23.2692	-99.99	23.2715	23.3628	23.4383	23.4089	23.3005	22.0589	-99.99	-99.99	1.09843
setup	0	2019-04-12 23:00:00	11.9699	424.879	265.99	18.9722	368.214	0	28.2993	0	0	0	0	23.64	18.35	31.07	23.64	23.6125	23.5379	-99.99	23.5353	23.4307	23.3587	23.3048	23.2115	22.0747	-99.99	-99.99	1.3007
setup	0	2019-04-13 23:00:00	11.9685	424.094	217.28	15.5253	387.994	0	31.5515	0	0	0	0	24.16	17.83	31.76	24.16	24.0979	23.9294	-99.99	23.9235	23.6872	23.4352	23.2874	23.1615	22.0894	-99.99	-99.99	1.35721
setup	0	2019-04-14 23:00:00	11.967	423.296	270.04	19.3332	367.926	0	26.9755	0	0	0	0	24.2	18.32	31.89	24.2	24.1549	24.0325	-99.99	24.0283	23.8566	23.5718	23.3535	23.1851	22.1039	-99.99	-99.99	1.45928
setup	0	2019-04-15 23:00:00	11.9656	422.486	285.937	20.5163	359.134	0	23.2116	0	0	0	0	23.98	17.39	32.3	23.98	23.9573	23.8956	-99.99	23.8934	23.8066	23.5994	23.4059	23.2369	22.1188	-99.99	-99.99	1.50647
setup	0	2019-04-16 23:00:00	11.9641	421.665	300.59	21.6202	347.382	0	7.61834	0	0	0	0	24.13	17.07	33.25	24.13	24.0909	23.9846	-99.99	23.9809	23.8318	23.6092	23.4292	23.2695	22.1342	-99.99	-99.99	1.73553
setup	0	2019-04-17 23:00:00	11.9627	420.833	302.21	21.7952	339.192	0	0.768479	0	0	0	0	23.66	14.83	33.25	23.6601	23.662	23.6672	-99.99	23.6673	23.6743	23.5711	23.4343	23.288	22.1497	-99.99	-99.99	1.82554
setup	0	2019-04-18 23:00:00	11.9612	419.991	286.7	20.738	359.113	0	0.584073	0	0	0	0	24.68	16.72	33.65	24.68	24.5916	24.352	-99.99	24.3437	24.0077	23.664	23.4544	23.2941	22.1651	-99.99	-99.99	1.72583
setup	0	2019-04-19 23:00:00	11.9598	419.139	269.12	19.5298	373.354	0	16.1033	0	0	0	0	24.73	18.12	33.33	24.73	24.6697	24.506	-99.99	24.5003	24.2707	23.8782	23.5786	23.3651	22.1808	-99.99	-99.99	1.48412
setup	0	2019-04-20 23:00:00	11.9584	418.279	285.89	20.8209	366.982	0	17.9781	0	0	0	0	24.59	17.83	32.66	24.59	24.5507	24.444	-99.99	24.4403	24.2905	23.9727	23.6912	23.4695	22.1976	-99.99	-99.99	1.46164
setup	0	2019-04-21 23:00:00	11.957	417.411	255	18.6437	374.938	0	21.4787	0	0	0	0	23.18	18.99	28.56	23.1801	23.2653	23.4963	-99.99	23.5043	23.8283	23.9053	23.744	23.5492	22.2155	-99.99	-99.99	1.02228
setup	0	2019-04-22 23:00:00	11.9556	416.536	255	18.7229	376.965	0	22.8504	0	0	0	0	23.89	17.89	31.69	23.89	23.8596	23.7772	-99.99	23.7743	23.6585	23.6283	23.6008	23.5017	22.2334	-99.99	-99.99	1.20466
setup	0	2019-04-23 23:00:00	11.9542	415.655	182.81	13.4843	397.171	0	26.4965	0	0	0	0	23.38	18.12	30.89	23.3801	23.4068	23.4794	-99.99	23.4819	23.5836	23.6008	23.535	23.4246	22.25	-99.99	-99.99	1.09719
setup	0	2019-04-24 23:00:00	11.9529	414.768	238.46	17.6769	374.293	0	31.767	0	0	0	0	22.39	18.88	27.8	22.3902	22.487	22.75	-99.99	22.7591	23.1281	23.4063	23.4341	23.3542	22.2654	-99.99	-99.99	0.950787
setup	0	2019-04-25 23:00:00	11.9515	413.876	182.11	13.5724	395.537	0	31.5445	0	0	0	0	23.26	17.69	31.51	23.26	23.2334	23.161	-99.99	23.1585	23.0569	23.1294	23.2177	23.2059	22.2792	-99.99	-99.99	1.1442
setup	0	2019-04-26 23:00:00	11.9501	412.981	200.86	15.0565	388.951	0	42.3985	0	0	0	0	22.33	17.64	29.49	22.3301	22.4019	22.5967	-99.99	22.6035	22.8767	23.0773	23.119	23.0813	22.2908	-99.99	-99.99	0.774281
setup	0	2019-04-27 23:00:00	11.9488	412.081	242.39	18.2825	379.181	0	41.2907	0	0	0	0	22.69	18.73	28.53	22.6901	22.7046	22.7442	-99.99	22.7456	22.8013	22.9279	22.9869	22.9708	22.3007	-99.99	-99.99	0.781918
setup	0	2019-04-28 23:00:00	11.9475	411.18	259.98	19.5777	377.255	0	102.904	0	0	0	0	23.58	18.47	30.76	23.58	23.5149	23.3384	-99.99	23.3323	23.0847	22.9339	22.9067	22.8757	22.3091	-99.99	-99.99	0.985934
setup	0	2019-04-29 23:00:00	11.9462	410.277	260.79	19.6445	375.402	0	97.4214	0	0	0	0	23.18	18.75	30.27	23.1801	23.1781	23.1727	-99.99	23.1725	23.1648	23.053	22.9469	22.8645	22.3165	-99.99	-99.99	0.912164
setup	0	2019-04-30 23:00:00	11.9449	409.373	241.93	18.2657	380.208	0	70.1676	0	0	0	0	23.15	18.39	30.18	23.1501	23.1434	23.1255	-99.99	23.1248	23.0996	23.0319	22.9564	22.8809	22.3241	-99.99	-99.99	0.925839
setup	0	2019-05-01 23:00:00	11.9436	408.469	288.09	21.9339	364.907	0	46.6101	0	0	0	0	23.29	17.86	30.5	23.29	23.2689	23.2115	-99.99	23.2095	23.129	23.0277	22.9528	22.8828	22.3316	-99.99	-99.99	1.0349
setup	0	2019-05-02 23:00:00	11.9423	407.565	278.03	21.3564	364.225	0	36.2992	0	0	0	0	22.96	18.06	30.46	22.9601	22.9714	23.0021	-99.99	23.0032	23.0462	23.0216	22.958	22.8874	22.3391	-99.99	-99.99	1.05464
setup	0	2019-05-03 23:00:00	11.941	406.663	232.67	18.0398	376.605	0	31.7246	0	0	0	0	22.86	17.08	30.74	22.8601	22.8677	22.8883	-99.99	22.889	22.9178	22.9354	22.9183	22.8714	22.3464	-99.99	-99.99	1.10157
setup	0	2019-05-04 23:00:00	11.9398	405.763	200.74	15.7175	384.413	0	28.7542	0	0	0	0	22.11	16.82	29.61	22.1101	22.1757	22.3535	-99.99	22.3597	22.609	22.808	22.8534	22.8301	22.3532	-99.99	-99.99	0.905204
