source	id	datetime	species	area_cover[-]	area_fraction[-]	n_tree[ha-1]	vol_tree[m3ha-1]	h_max[m]	h_min[m]	diam_ground[m]	diam_breast[m]	depth[m]	sla[m2kg-1]	lai[-]	crown_diam_ratio[-]	sap_fol_ratio[-]	branch_fraction[-]	DW_stem_wood[kgm-2]	DW_branch_wood[kgm-2]	DW_root_wood[kgm-2]
setup	0	2018-01-01 23:00:00	ANGA	1	1	0	0	1	0	0	0	1	424	1.06	1	0	0	0	0	0
setup	0	2018-01-02 23:00:00	ANGA	1	1	0	0	1	0	0	0	1	424	1.06	1	0	0	0	0	0
setup	0	2018-01-03 23:00:00	ANGA	1	1	0	0	1	0	0	0	1	424	1.06	1	0	0	0	0	0
setup	0	2018-01-04 23:00:00	ANGA	1	1	0	0	1	0	0	0	1	424	1.06	1	0	0	0	0	0
setup	0	2018-01-05 23:00:00	ANGA	1	1	0	0	1	0	0	0	1	424	1.06	1	0	0	0	0	0
setup	0	2018-01-06 23:00:00	ANGA	1	1	0	0	1	0	0	0	1	424	1.06	1	0	0	0	0	0
setup	0	2018-01-07 23:00:00	ANGA	1	1	0	0	1	0	0	0	1	424	1.06	1	0	0	0	0	0
setup	0	2018-01-08 23:00:00	ANGA	1	1	0	0	1	0	0	0	1	424	1.06	1	0	0	0	0	0
setup	0	2018-01-09 23:00:00	ANGA	1	1	0	0	1	0	0	0	1	424	1.06	1	0	0	0	0	0
setup	0	2018-01-10 23:00:00	ANGA	1	1	0	0	1	0	0	0	1	424	1.05941	1	0	0	0	0	0
setup	0	2018-01-11 23:00:00	ANGA	1	1	0	0	1	0	0	0	1	424	1.05873	1	0	0	0	0	0
setup	0	2018-01-12 23:00:00	ANGA	1	1	0	0	1	0	0	0	1	424	1.05794	1	0	0	0	0	0
setup	0	2018-01-13 23:00:00	ANGA	1	1	0	0	1	0	0	0	1	424	1.05702	1	0	0	0	0	0
setup	0	2018-01-14 23:00:00	ANGA	1	1	0	0	1	0	0	0	1	424	1.05597	1	0	0	0	0	0
setup	0	2018-01-15 23:00:00	ANGA	1	1	0	0	1	0	0	0	1	424	1.05477	1	0	0	0	0	0
setup	0	2018-01-16 23:00:00	ANGA	1	1	0	0	1	0	0	0	1	424	1.05339	1	0	0	0	0	0
setup	0	2018-01-17 23:00:00	ANGA	1	1	0	0	1	0	0	0	1	424	1.05182	1	0	0	0	0	0
setup	0	2018-01-18 23:00:00	ANGA	1	1	0	0	1	0	0	0	1	424	1.05003	1	0	0	0	0	0
setup	0	2018-01-19 23:00:00	ANGA	1	1	0	0	1	0	0	0	1	424	1.04799	1	0	0	0	0	0
setup	0	2018-01-20 23:00:00	ANGA	1	1	0	0	1	0	0	0	1	424	1.04569	1	0	0	0	0	0
setup	0	2018-01-21 23:00:00	ANGA	1	1	0	0	1	0	0	0	1	424	1.04308	1	0	0	0	0	0
setup	0	2018-01-22 23:00:00	ANGA	1	1	0	0	1	0	0	0	1	424	1.04015	1	0	0	0	0	0
setup	0	2018-01-23 23:00:00	ANGA	1	1	0	0	1	0	0	0	1	424	1.03685	1	0	0	0	0	0
setup	0	2018-01-24 23:00:00	ANGA	1	1	0	0	1	0	0	0	1	424	1.03315	1	0	0	0	0	0
setup	0	2018-01-25 23:00:00	ANGA	1	1	0	0	1	0	0	0	1	424	1.02902	1	0	0	0	0	0
setup	0	2018-01-26 23:00:00	ANGA	1	1	0	0	1	0	0	0	1	424	1.02442	1	0	0	0	0	0
setup	0	2018-01-27 23:00:00	ANGA	1	1	0	0	1	0	0	0	1	424	1.0193	1	0	0	0	0	0
setup	0	2018-01-28 23:00:00	ANGA	1	1	0	0	1	0	0	0	1	424	1.01362	1	0	0	0	0	0
setup	0	2018-01-29 23:00:00	ANGA	1	1	0	0	1	0	0	0	1	424	1.00734	1	0	0	0	0	0
setup	0	2018-01-30 23:00:00	ANGA	1	1	0	0	1	0	0	0	1	424	1.00042	1	0	0	0	0	0
setup	0	2018-01-31 23:00:00	ANGA	1	1	0	0	1	0	0	0	1	424	0.992808	1	0	0	0	0	0
setup	0	2018-02-01 23:00:00	ANGA	1	1	0	0	1	0	0	0	1	424	0.984462	1	0	0	0	0	0
setup	0	2018-02-02 23:00:00	ANGA	1	1	0	0	1	0	0	0	1	424	0.975335	1	0	0	0	0	0
setup	0	2018-02-03 23:00:00	ANGA	1	1	0	0	1	0	0	0	1	424	0.965382	1	0	0	0	0	0
setup	0	2018-02-04 23:00:00	ANGA	1	1	0	0	1	0	0	0	1	424	0.95456	1	0	0	0	0	0
setup	0	2018-02-05 23:00:00	ANGA	1	1	0	0	1	0	0	0	1	424	0.942825	1	0	0	0	0	0
setup	0	2018-02-06 23:00:00	ANGA	1	1	0	0	1	0	0	0	1	424	0.93014	1	0	0	0	0	0
setup	0	2018-02-07 23:00:00	ANGA	1	1	0	0	1	0	0	0	1	424	0.916464	1	0	0	0	0	0
setup	0	2018-02-08 23:00:00	ANGA	1	1	0	0	1	0	0	0	1	424	0.901765	1	0	0	0	0	0
setup	0	2018-02-09 23:00:00	ANGA	1	1	0	0	1	0	0	0	1	424	0.886014	1	0	0	0	0	0
setup	0	2018-02-10 23:00:00	ANGA	1	1	0	0	1	0	0	0	1	424	0.869184	1	0	0	0	0	0
setup	0	2018-02-11 23:00:00	ANGA	1	1	0	0	1	0	0	0	1	424	0.851256	1	0	0	0	0	0
setup	0	2018-02-12 23:00:00	ANGA	1	1	0	0	1	0	0	0	1	424	0.832219	1	0	0	0	0	0
setup	0	2018-02-13 23:00:00	ANGA	1	1	0	0	1	0	0	0	1	424	0.812064	1	0	0	0	0	0
setup	0	2018-02-14 23:00:00	ANGA	1	1	0	0	1	0	0	0	1	424	0.790794	1	0	0	0	0	0
setup	0	2018-02-15 23:00:00	ANGA	1	1	0	0	1	0	0	0	1	424	0.76842	1	0	0	0	0	0
setup	0	2018-02-16 23:00:00	ANGA	1	1	0	0	1	0	0	0	1	424	0.744958	1	0	0	0	0	0
setup	0	2018-02-17 23:00:00	ANGA	1	1	0	0	1	0	0	0	1	424	0.720439	1	0	0	0	0	0
setup	0	2018-02-18 23:00:00	ANGA	1	1	0	0	1	0	0	0	1	424	0.694901	1	0	0	0	0	0
setup	0	2018-02-19 23:00:00	ANGA	1	1	0	0	1	0	0	0	1	424	0.668391	1	0	0	0	0	0
setup	0	2018-02-20 23:00:00	ANGA	1	1	0	0	1	0	0	0	1	424	0.64097	1	0	0	0	0	0
setup	0	2018-02-21 23:00:00	ANGA	1	1	0	0	1	0	0	0	1	424	0.612708	1	0	0	0	0	0
setup	0	2018-02-22 23:00:00	ANGA	1	1	0	0	1	0	0	0	1	424	0.583685	1	0	0	0	0	0
setup	0	2018-02-23 23:00:00	ANGA	1	1	0	0	1	0	0	0	1	424	0.553994	1	0	0	0	0	0
setup	0	2018-02-24 23:00:00	ANGA	1	1	0	0	1	0	0	0	1	424	0.523738	1	0	0	0	0	0
setup	0	2018-02-25 23:00:00	ANGA	1	1	0	0	1	0	0	0	1	424	0.493029	1	0	0	0	0	0
setup	0	2018-02-26 23:00:00	ANGA	1	1	0	0	1	0	0	0	1	424	0.46199	1	0	0	0	0	0
setup	0	2018-02-27 23:00:00	ANGA	1	1	0	0	1	0	0	0	1	424	0.430754	1	0	0	0	0	0
setup	0	2018-02-28 23:00:00	ANGA	1	1	0	0	1	0	0	0	1	424	0.399461	1	0	0	0	0	0
setup	0	2018-03-01 23:00:00	ANGA	1	1	0	0	1	0	0	0	1	424	0.368258	1	0	0	0	0	0
setup	0	2018-03-02 23:00:00	ANGA	1	1	0	0	1	0	0	0	1	424	0.337301	1	0	0	0	0	0
setup	0	2018-03-03 23:00:00	ANGA	1	1	0	0	1	0	0	0	1	424	0.30675	1	0	0	0	0	0
setup	0	2018-03-04 23:00:00	ANGA	1	1	0	0	1	0	0	0	1	424	0.276768	1	0	0	0	0	0
setup	0	2018-03-05 23:00:00	ANGA	1	1	0	0	1	0	0	0	1	424	0.247521	1	0	0	0	0	0
setup	0	2018-03-06 23:00:00	ANGA	1	1	0	0	1	0	0	0	1	424	0.219177	1	0	0	0	0	0
setup	0	2018-03-07 23:00:00	ANGA	1	1	0	0	1	0	0	0	1	424	0.191904	1	0	0	0	0	0
setup	0	2018-03-08 23:00:00	ANGA	1	1	0	0	1	0	0	0	1	424	0.165866	1	0	0	0	0	0
setup	0	2018-03-09 23:00:00	ANGA	1	1	0	0	1	0	0	0	1	424	0.141224	1	0	0	0	0	0
setup	0	2018-03-10 23:00:00	ANGA	1	1	0	0	1	0	0	0	1	424	0.118135	1	0	0	0	0	0
setup	0	2018-03-11 23:00:00	ANGA	1	1	0	0	1	0	0	0	1	424	0.0967465	1	0	0	0	0	0
setup	0	2018-03-12 23:00:00	ANGA	1	1	0	0	1	0	0	0	1	424	0.0771998	1	0	0	0	0	0
setup	0	2018-03-13 23:00:00	ANGA	1	1	0	0	1	0	0	0	1	424	0.0596246	1	0	0	0	0	0
setup	0	2018-03-14 23:00:00	ANGA	1	1	0	0	1	0	0	0	1	424	0.0441396	1	0	0	0	0	0
setup	0	2018-03-15 23:00:00	ANGA	1	1	0	0	1	0	0	0	1	424	0.0308505	1	0	0	0	0	0
setup	0	2018-03-16 23:00:00	ANGA	1	1	0	0	1	0	0	0	1	424	0.0198488	1	0	0	0	0	0
setup	0	2018-03-17 23:00:00	ANGA	1	1	0	0	1	0	0	0	1	424	0.011211	1	0	0	0	0	0
setup	0	2018-03-18 23:00:00	ANGA	1	1	0	0	1	0	0	0	1	424	0.00499733	1	0	0	0	0	0
setup	0	2018-03-19 23:00:00	ANGA	1	1	0	0	1	0	0	0	1	424	0.00125154	1	0	0	0	0	0
setup	0	2018-03-20 23:00:00	ANGA	1	1	0	0	1	0	0	0	1	424	0	1	0	0	0	0	0
setup	0	2018-03-21 23:00:00	ANGA	1	1	0	0	1	0	0	0	1	424	0	1	0	0	0	0	0
setup	0	2018-03-22 23:00:00	ANGA	1	1	0	0	1	0	0	0	1	424	0	1	0	0	0	0	0
setup	0	2018-03-23 23:00:00	ANGA	1	1	0	0	1	0	0	0	1	424	0	1	0	0	0	0	0
setup	0	2018-03-24 23:00:00	ANGA	1	1	0	0	1	0	0	0	1	424	0	1	0	0	0	0	0
setup	0	2018-03-25 23:00:00	ANGA	1	1	0	0	1	0	0	0	1	424	0	1	0	0	0	0	0
setup	0	2018-03-26 23:00:00	ANGA	1	1	0	0	1	0	0	0	1	424	0	1	0	0	0	0	0
setup	0	2018-03-27 23:00:00	ANGA	1	1	0	0	1	0	0	0	1	424	0	1	0	0	0	0	0
setup	0	2018-03-28 23:00:00	ANGA	1	1	0	0	1	0	0	0	1	424	0	1	0	0	0	0	0
setup	0	2018-03-29 23:00:00	ANGA	1	1	0	0	1	0	0	0	1	424	0	1	0	0	0	0	0
setup	0	2018-03-30 23:00:00	ANGA	1	1	0	0	1	0	0	0	1	424	0	1	0	0	0	0	0
setup	0	2018-03-31 23:00:00	ANGA	1	1	0	0	1	0	0	0	1	424	0	1	0	0	0	0	0
setup	0	2018-04-01 23:00:00	ANGA	1	1	0	0	1	0	0	0	1	424	0	1	0	0	0	0	0
setup	0	2018-04-02 23:00:00	ANGA	1	1	0	0	1	0	0	0	1	424	0	1	0	0	0	0	0
setup	0	2018-04-03 23:00:00	ANGA	1	1	0	0	1	0	0	0	1	424	0	1	0	0	0	0	0
setup	0	2018-04-04 23:00:00	ANGA	1	1	0	0	1	0	0	0	1	424	0	1	0	0	0	0	0
setup	0	2018-04-05 23:00:00	ANGA	1	1	0	0	1	0	0	0	1	424	0	1	0	0	0	0	0
setup	0	2018-04-06 23:00:00	ANGA	1	1	0	0	1	0	0	0	1	424	0	1	0	0	0	0	0
setup	0	2018-04-07 23:00:00	ANGA	1	1	0	0	1	0	0	0	1	424	0	1	0	0	0	0	0
setup	0	2018-04-08 23:00:00	ANGA	1	1	0	0	1	0	0	0	1	424	0	1	0	0	0	0	0
setup	0	2018-04-09 23:00:00	ANGA	1	1	0	0	1	0	0	0	1	424	0.00125787	1	0	0	0	0	0
setup	0	2018-04-10 23:00:00	ANGA	1	1	0	0	1	0	0	0	1	424	0.00158813	1	0	0	0	0	0
setup	0	2018-04-11 23:00:00	ANGA	1	1	0	0	1	0	0	0	1	424	0.00199588	1	0	0	0	0	0
setup	0	2018-04-12 23:00:00	ANGA	1	1	0	0	1	0	0	0	1	424	0.00249675	1	0	0	0	0	0
setup	0	2018-04-13 23:00:00	ANGA	1	1	0	0	1	0	0	0	1	424	0.00310893	1	0	0	0	0	0
setup	0	2018-04-14 23:00:00	ANGA	1	1	0	0	1	0	0	0	1	424	0.00385339	1	0	0	0	0	0
setup	0	2018-04-15 23:00:00	ANGA	1	1	0	0	1	0	0	0	1	424	0.00475411	1	0	0	0	0	0
setup	0	2018-04-16 23:00:00	ANGA	1	1	0	0	1	0	0	0	1	424	0.00583835	1	0	0	0	0	0
setup	0	2018-04-17 23:00:00	ANGA	1	1	0	0	1	0	0	0	1	424	0.00713685	1	0	0	0	0	0
setup	0	2018-04-18 23:00:00	ANGA	1	1	0	0	1	0	0	0	1	424	0.00868396	1	0	0	0	0	0
setup	0	2018-04-19 23:00:00	ANGA	1	1	0	0	1	0	0	0	1	424	0.0105178	1	0	0	0	0	0
setup	0	2018-04-20 23:00:00	ANGA	1	1	0	0	1	0	0	0	1	424	0.0126802	1	0	0	0	0	0
setup	0	2018-04-21 23:00:00	ANGA	1	1	0	0	1	0	0	0	1	424	0.0152168	1	0	0	0	0	0
setup	0	2018-04-22 23:00:00	ANGA	1	1	0	0	1	0	0	0	1	424	0.0181766	1	0	0	0	0	0
setup	0	2018-04-23 23:00:00	ANGA	1	1	0	0	1	0	0	0	1	424	0.0216123	1	0	0	0	0	0
setup	0	2018-04-24 23:00:00	ANGA	1	1	0	0	1	0	0	0	1	424	0.0255789	1	0	0	0	0	0
setup	0	2018-04-25 23:00:00	ANGA	1	1	0	0	1	0	0	0	1	424	0.0301341	1	0	0	0	0	0
setup	0	2018-04-26 23:00:00	ANGA	1	1	0	0	1	0	0	0	1	424	0.035337	1	0	0	0	0	0
setup	0	2018-04-27 23:00:00	ANGA	1	1	0	0	1	0	0	0	1	424	0.0412474	1	0	0	0	0	0
setup	0	2018-04-28 23:00:00	ANGA	1	1	0	0	1	0	0	0	1	424	0.0479246	1	0	0	0	0	0
setup	0	2018-04-29 23:00:00	ANGA	1	1	0	0	1	0	0	0	1	424	0.0554262	1	0	0	0	0	0
setup	0	2018-04-30 23:00:00	ANGA	1	1	0	0	1	0	0	0	1	424	0.0638068	1	0	0	0	0	0
setup	0	2018-05-01 23:00:00	ANGA	1	1	0	0	1	0	0	0	1	424	0.0731162	1	0	0	0	0	0
setup	0	2018-05-02 23:00:00	ANGA	1	1	0	0	1	0	0	0	1	424	0.083398	1	0	0	0	0	0
setup	0	2018-05-03 23:00:00	ANGA	1	1	0	0	1	0	0	0	1	424	0.0946874	1	0	0	0	0	0
setup	0	2018-05-04 23:00:00	ANGA	1	1	0	0	1	0	0	0	1	424	0.10701	1	0	0	0	0	0
setup	0	2018-05-05 23:00:00	ANGA	1	1	0	0	1	0	0	0	1	424	0.120379	1	0	0	0	0	0
setup	0	2018-05-06 23:00:00	ANGA	1	1	0	0	1	0	0	0	1	424	0.134795	1	0	0	0	0	0
setup	0	2018-05-07 23:00:00	ANGA	1	1	0	0	1	0	0	0	1	424	0.150241	1	0	0	0	0	0
setup	0	2018-05-08 23:00:00	ANGA	1	1	0	0	1	0	0	0	1	424	0.166687	1	0	0	0	0	0
setup	0	2018-05-09 23:00:00	ANGA	1	1	0	0	1	0	0	0	1	424	0.184081	1	0	0	0	0	0
setup	0	2018-05-10 23:00:00	ANGA	1	1	0	0	1	0	0	0	1	424	0.202353	1	0	0	0	0	0
setup	0	2018-05-11 23:00:00	ANGA	1	1	0	0	1	0	0	0	1	424	0.221415	1	0	0	0	0	0
setup	0	2018-05-12 23:00:00	ANGA	1	1	0	0	1	0	0	0	1	424	0.241157	1	0	0	0	0	0
setup	0	2018-05-13 23:00:00	ANGA	1	1	0	0	1	0	0	0	1	424	0.261449	1	0	0	0	0	0
setup	0	2018-05-14 23:00:00	ANGA	1	1	0	0	1	0	0	0	1	424	0.282143	1	0	0	0	0	0
setup	0	2018-05-15 23:00:00	ANGA	1	1	0	0	1	0	0	0	1	424	0.303072	1	0	0	0	0	0
setup	0	2018-05-16 23:00:00	ANGA	1	1	0	0	1	0	0	0	1	424	0.324054	1	0	0	0	0	0
setup	0	2018-05-17 23:00:00	ANGA	1	1	0	0	1	0	0	0	1	424	0.344893	1	0	0	0	0	0
setup	0	2018-05-18 23:00:00	ANGA	1	1	0	0	1	0	0	0	1	424	0.365382	1	0	0	0	0	0
setup	0	2018-05-19 23:00:00	ANGA	1	1	0	0	1	0	0	0	1	424	0.385305	1	0	0	0	0	0
setup	0	2018-05-20 23:00:00	ANGA	1	1	0	0	1	0	0	0	1	424	0.404442	1	0	0	0	0	0
setup	0	2018-05-21 23:00:00	ANGA	1	1	0	0	1	0	0	0	1	424	0.422575	1	0	0	0	0	0
setup	0	2018-05-22 23:00:00	ANGA	1	1	0	0	1	0	0	0	1	424	0.439487	1	0	0	0	0	0
setup	0	2018-05-23 23:00:00	ANGA	1	1	0	0	1	0	0	0	1	424	0.454971	1	0	0	0	0	0
setup	0	2018-05-24 23:00:00	ANGA	1	1	0	0	1	0	0	0	1	424	0.46883	1	0	0	0	0	0
setup	0	2018-05-25 23:00:00	ANGA	1	1	0	0	1	0	0	0	1	424	0.480887	1	0	0	0	0	0
setup	0	2018-05-26 23:00:00	ANGA	1	1	0	0	1	0	0	0	1	424	0.490982	1	0	0	0	0	0
setup	0	2018-05-27 23:00:00	ANGA	1	1	0	0	1	0	0	0	1	424	0.49898	1	0	0	0	0	0
setup	0	2018-05-28 23:00:00	ANGA	1	1	0	0	1	0	0	0	1	424	0.504772	1	0	0	0	0	0
setup	0	2018-05-29 23:00:00	ANGA	1	1	0	0	1	0	0	0	1	424	0.50828	1	0	0	0	0	0
setup	0	2018-05-30 23:00:00	ANGA	1	1	0	0	1	0	0	0	1	424	0.509454	1	0	0	0	0	0
setup	0	2018-05-31 23:00:00	ANGA	1	1	0	0	1	0	0	0	1	424	0.509454	1	0	0	0	0	0
setup	0	2018-06-01 23:00:00	ANGA	1	1	0	0	1	0	0	0	1	424	0.509454	1	0	0	0	0	0
setup	0	2018-06-02 23:00:00	ANGA	1	1	0	0	1	0	0	0	1	424	0.509454	1	0	0	0	0	0
setup	0	2018-06-03 23:00:00	ANGA	1	1	0	0	1	0	0	0	1	424	0.509454	1	0	0	0	0	0
setup	0	2018-06-04 23:00:00	ANGA	1	1	0	0	1	0	0	0	1	424	0.509454	1	0	0	0	0	0
setup	0	2018-06-05 23:00:00	ANGA	1	1	0	0	1	0	0	0	1	424	0.509454	1	0	0	0	0	0
setup	0	2018-06-06 23:00:00	ANGA	1	1	0	0	1	0	0	0	1	424	0.509454	1	0	0	0	0	0
setup	0	2018-06-07 23:00:00	ANGA	1	1	0	0	1	0	0	0	1	424	0.509454	1	0	0	0	0	0
setup	0	2018-06-08 23:00:00	ANGA	1	1	0	0	1	0	0	0	1	424	0.509454	1	0	0	0	0	0
setup	0	2018-06-09 23:00:00	ANGA	1	1	0	0	1	0	0	0	1	424	0.509454	1	0	0	0	0	0
setup	0	2018-06-10 23:00:00	ANGA	1	1	0	0	1	0	0	0	1	424	0.509454	1	0	0	0	0	0
setup	0	2018-06-11 23:00:00	ANGA	1	1	0	0	1	0	0	0	1	424	0.509454	1	0	0	0	0	0
setup	0	2018-06-12 23:00:00	ANGA	1	1	0	0	1	0	0	0	1	424	0.509454	1	0	0	0	0	0
setup	0	2018-06-13 23:00:00	ANGA	1	1	0	0	1	0	0	0	1	424	0.509454	1	0	0	0	0	0
setup	0	2018-06-14 23:00:00	ANGA	1	1	0	0	1	0	0	0	1	424	0.509454	1	0	0	0	0	0
setup	0	2018-06-15 23:00:00	ANGA	1	1	0	0	1	0	0	0	1	424	0.509454	1	0	0	0	0	0
setup	0	2018-06-16 23:00:00	ANGA	1	1	0	0	1	0	0	0	1	424	0.509454	1	0	0	0	0	0
setup	0	2018-06-17 23:00:00	ANGA	1	1	0	0	1	0	0	0	1	424	0.509454	1	0	0	0	0	0
setup	0	2018-06-18 23:00:00	ANGA	1	1	0	0	1	0	0	0	1	424	0.509171	1	0	0	0	0	0
setup	0	2018-06-19 23:00:00	ANGA	1	1	0	0	1	0	0	0	1	424	0.508843	1	0	0	0	0	0
setup	0	2018-06-20 23:00:00	ANGA	1	1	0	0	1	0	0	0	1	424	0.508463	1	0	0	0	0	0
setup	0	2018-06-21 23:00:00	ANGA	1	1	0	0	1	0	0	0	1	424	0.508024	1	0	0	0	0	0
setup	0	2018-06-22 23:00:00	ANGA	1	1	0	0	1	0	0	0	1	424	0.50752	1	0	0	0	0	0
setup	0	2018-06-23 23:00:00	ANGA	1	1	0	0	1	0	0	0	1	424	0.506941	1	0	0	0	0	0
setup	0	2018-06-24 23:00:00	ANGA	1	1	0	0	1	0	0	0	1	424	0.506279	1	0	0	0	0	0
setup	0	2018-06-25 23:00:00	ANGA	1	1	0	0	1	0	0	0	1	424	0.505522	1	0	0	0	0	0
setup	0	2018-06-26 23:00:00	ANGA	1	1	0	0	1	0	0	0	1	424	0.504661	1	0	0	0	0	0
setup	0	2018-06-27 23:00:00	ANGA	1	1	0	0	1	0	0	0	1	424	0.503683	1	0	0	0	0	0
setup	0	2018-06-28 23:00:00	ANGA	1	1	0	0	1	0	0	0	1	424	0.502575	1	0	0	0	0	0
setup	0	2018-06-29 23:00:00	ANGA	1	1	0	0	1	0	0	0	1	424	0.501323	1	0	0	0	0	0
setup	0	2018-06-30 23:00:00	ANGA	1	1	0	0	1	0	0	0	1	424	0.499913	1	0	0	0	0	0
setup	0	2018-07-01 23:00:00	ANGA	1	1	0	0	1	0	0	0	1	424	0.498328	1	0	0	0	0	0
setup	0	2018-07-02 23:00:00	ANGA	1	1	0	0	1	0	0	0	1	424	0.496551	1	0	0	0	0	0
setup	0	2018-07-03 23:00:00	ANGA	1	1	0	0	1	0	0	0	1	424	0.494566	1	0	0	0	0	0
setup	0	2018-07-04 23:00:00	ANGA	1	1	0	0	1	0	0	0	1	424	0.492352	1	0	0	0	0	0
setup	0	2018-07-05 23:00:00	ANGA	1	1	0	0	1	0	0	0	1	424	0.489891	1	0	0	0	0	0
setup	0	2018-07-06 23:00:00	ANGA	1	1	0	0	1	0	0	0	1	424	0.487163	1	0	0	0	0	0
setup	0	2018-07-07 23:00:00	ANGA	1	1	0	0	1	0	0	0	1	424	0.484146	1	0	0	0	0	0
setup	0	2018-07-08 23:00:00	ANGA	1	1	0	0	1	0	0	0	1	424	0.480819	1	0	0	0	0	0
setup	0	2018-07-09 23:00:00	ANGA	1	1	0	0	1	0	0	0	1	424	0.477161	1	0	0	0	0	0
setup	0	2018-07-10 23:00:00	ANGA	1	1	0	0	1	0	0	0	1	424	0.473149	1	0	0	0	0	0
setup	0	2018-07-11 23:00:00	ANGA	1	1	0	0	1	0	0	0	1	424	0.468763	1	0	0	0	0	0
setup	0	2018-07-12 23:00:00	ANGA	1	1	0	0	1	0	0	0	1	424	0.463979	1	0	0	0	0	0
setup	0	2018-07-13 23:00:00	ANGA	1	1	0	0	1	0	0	0	1	424	0.458778	1	0	0	0	0	0
setup	0	2018-07-14 23:00:00	ANGA	1	1	0	0	1	0	0	0	1	424	0.453138	1	0	0	0	0	0
setup	0	2018-07-15 23:00:00	ANGA	1	1	0	0	1	0	0	0	1	424	0.447041	1	0	0	0	0	0
setup	0	2018-07-16 23:00:00	ANGA	1	1	0	0	1	0	0	0	1	424	0.440469	1	0	0	0	0	0
setup	0	2018-07-17 23:00:00	ANGA	1	1	0	0	1	0	0	0	1	424	0.433404	1	0	0	0	0	0
setup	0	2018-07-18 23:00:00	ANGA	1	1	0	0	1	0	0	0	1	424	0.425834	1	0	0	0	0	0
setup	0	2018-07-19 23:00:00	ANGA	1	1	0	0	1	0	0	0	1	424	0.417745	1	0	0	0	0	0
setup	0	2018-07-20 23:00:00	ANGA	1	1	0	0	1	0	0	0	1	424	0.409129	1	0	0	0	0	0
setup	0	2018-07-21 23:00:00	ANGA	1	1	0	0	1	0	0	0	1	424	0.399979	1	0	0	0	0	0
setup	0	2018-07-22 23:00:00	ANGA	1	1	0	0	1	0	0	0	1	424	0.390292	1	0	0	0	0	0
setup	0	2018-07-23 23:00:00	ANGA	1	1	0	0	1	0	0	0	1	424	0.38007	1	0	0	0	0	0
setup	0	2018-07-24 23:00:00	ANGA	1	1	0	0	1	0	0	0	1	424	0.369316	1	0	0	0	0	0
setup	0	2018-07-25 23:00:00	ANGA	1	1	0	0	1	0	0	0	1	424	0.35804	1	0	0	0	0	0
setup	0	2018-07-26 23:00:00	ANGA	1	1	0	0	1	0	0	0	1	424	0.346256	1	0	0	0	0	0
setup	0	2018-07-27 23:00:00	ANGA	1	1	0	0	1	0	0	0	1	424	0.333981	1	0	0	0	0	0
setup	0	2018-07-28 23:00:00	ANGA	1	1	0	0	1	0	0	0	1	424	0.32124	1	0	0	0	0	0
setup	0	2018-07-29 23:00:00	ANGA	1	1	0	0	1	0	0	0	1	424	0.308061	1	0	0	0	0	0
setup	0	2018-07-30 23:00:00	ANGA	1	1	0	0	1	0	0	0	1	424	0.294478	1	0	0	0	0	0
setup	0	2018-07-31 23:00:00	ANGA	1	1	0	0	1	0	0	0	1	424	0.280529	1	0	0	0	0	0
setup	0	2018-08-01 23:00:00	ANGA	1	1	0	0	1	0	0	0	1	424	0.266259	1	0	0	0	0	0
setup	0	2018-08-02 23:00:00	ANGA	1	1	0	0	1	0	0	0	1	424	0.251718	1	0	0	0	0	0
setup	0	2018-08-03 23:00:00	ANGA	1	1	0	0	1	0	0	0	1	424	0.236958	1	0	0	0	0	0
setup	0	2018-08-04 23:00:00	ANGA	1	1	0	0	1	0	0	0	1	424	0.222041	1	0	0	0	0	0
setup	0	2018-08-05 23:00:00	ANGA	1	1	0	0	1	0	0	0	1	424	0.207028	1	0	0	0	0	0
setup	0	2018-08-06 23:00:00	ANGA	1	1	0	0	1	0	0	0	1	424	0.191988	1	0	0	0	0	0
setup	0	2018-08-07 23:00:00	ANGA	1	1	0	0	1	0	0	0	1	424	0.176991	1	0	0	0	0	0
setup	0	2018-08-08 23:00:00	ANGA	1	1	0	0	1	0	0	0	1	424	0.162113	1	0	0	0	0	0
setup	0	2018-08-09 23:00:00	ANGA	1	1	0	0	1	0	0	0	1	424	0.147429	1	0	0	0	0	0
setup	0	2018-08-10 23:00:00	ANGA	1	1	0	0	1	0	0	0	1	424	0.133019	1	0	0	0	0	0
setup	0	2018-08-11 23:00:00	ANGA	1	1	0	0	1	0	0	0	1	424	0.118963	1	0	0	0	0	0
setup	0	2018-08-12 23:00:00	ANGA	1	1	0	0	1	0	0	0	1	424	0.10534	1	0	0	0	0	0
setup	0	2018-08-13 23:00:00	ANGA	1	1	0	0	1	0	0	0	1	424	0.0922324	1	0	0	0	0	0
setup	0	2018-08-14 23:00:00	ANGA	1	1	0	0	1	0	0	0	1	424	0.079718	1	0	0	0	0	0
setup	0	2018-08-15 23:00:00	ANGA	1	1	0	0	1	0	0	0	1	424	0.0678748	1	0	0	0	0	0
setup	0	2018-08-16 23:00:00	ANGA	1	1	0	0	1	0	0	0	1	424	0.0567776	1	0	0	0	0	0
setup	0	2018-08-17 23:00:00	ANGA	1	1	0	0	1	0	0	0	1	424	0.0464981	1	0	0	0	0	0
setup	0	2018-08-18 23:00:00	ANGA	1	1	0	0	1	0	0	0	1	424	0.0371035	1	0	0	0	0	0
setup	0	2018-08-19 23:00:00	ANGA	1	1	0	0	1	0	0	0	1	424	0.0286566	1	0	0	0	0	0
setup	0	2018-08-20 23:00:00	ANGA	1	1	0	0	1	0	0	0	1	424	0.0212143	1	0	0	0	0	0
setup	0	2018-08-21 23:00:00	ANGA	1	1	0	0	1	0	0	0	1	424	0.0148273	1	0	0	0	0	0
setup	0	2018-08-22 23:00:00	ANGA	1	1	0	0	1	0	0	0	1	424	0.00953969	1	0	0	0	0	0
setup	0	2018-08-23 23:00:00	ANGA	1	1	0	0	1	0	0	0	1	424	0.00538819	1	0	0	0	0	0
setup	0	2018-08-24 23:00:00	ANGA	1	1	0	0	1	0	0	0	1	424	0.0024018	1	0	0	0	0	0
setup	0	2018-08-25 23:00:00	ANGA	1	1	0	0	1	0	0	0	1	424	0.000601512	1	0	0	0	0	0
setup	0	2018-08-26 23:00:00	ANGA	1	1	0	0	1	0	0	0	1	424	0	1	0	0	0	0	0
setup	0	2018-08-27 23:00:00	ANGA	1	1	0	0	1	0	0	0	1	424	0	1	0	0	0	0	0
setup	0	2018-08-28 23:00:00	ANGA	1	1	0	0	1	0	0	0	1	424	0	1	0	0	0	0	0
setup	0	2018-08-29 23:00:00	ANGA	1	1	0	0	1	0	0	0	1	424	0	1	0	0	0	0	0
setup	0	2018-08-30 23:00:00	ANGA	1	1	0	0	1	0	0	0	1	424	0	1	0	0	0	0	0
setup	0	2018-08-31 23:00:00	ANGA	1	1	0	0	1	0	0	0	1	424	0	1	0	0	0	0	0
setup	0	2018-09-01 23:00:00	ANGA	1	1	0	0	1	0	0	0	1	424	0	1	0	0	0	0	0
setup	0	2018-09-02 23:00:00	ANGA	1	1	0	0	1	0	0	0	1	424	0	1	0	0	0	0	0
setup	0	2018-09-03 23:00:00	ANGA	1	1	0	0	1	0	0	0	1	424	0	1	0	0	0	0	0
setup	0	2018-09-04 23:00:00	ANGA	1	1	0	0	1	0	0	0	1	424	0	1	0	0	0	0	0
setup	0	2018-09-05 23:00:00	ANGA	1	1	0	0	1	0	0	0	1	424	0	1	0	0	0	0	0
setup	0	2018-09-06 23:00:00	ANGA	1	1	0	0	1	0	0	0	1	424	0	1	0	0	0	0	0
setup	0	2018-09-07 23:00:00	ANGA	1	1	0	0	1	0	0	0	1	424	0	1	0	0	0	0	0
setup	0	2018-09-08 23:00:00	ANGA	1	1	0	0	1	0	0	0	1	424	0	1	0	0	0	0	0
setup	0	2018-09-09 23:00:00	ANGA	1	1	0	0	1	0	0	0	1	424	0	1	0	0	0	0	0
setup	0	2018-09-10 23:00:00	ANGA	1	1	0	0	1	0	0	0	1	424	0	1	0	0	0	0	0
setup	0	2018-09-11 23:00:00	ANGA	1	1	0	0	1	0	0	0	1	424	0	1	0	0	0	0	0
setup	0	2018-09-12 23:00:00	ANGA	1	1	0	0	1	0	0	0	1	424	0	1	0	0	0	0	0
setup	0	2018-09-13 23:00:00	ANGA	1	1	0	0	1	0	0	0	1	424	0	1	0	0	0	0	0
setup	0	2018-09-14 23:00:00	ANGA	1	1	0	0	1	0	0	0	1	424	0	1	0	0	0	0	0
setup	0	2018-09-15 23:00:00	ANGA	1	1	0	0	1	0	0	0	1	424	0	1	0	0	0	0	0
setup	0	2018-09-16 23:00:00	ANGA	1	1	0	0	1	0	0	0	1	424	0.00238879	1	0	0	0	0	0
setup	0	2018-09-17 23:00:00	ANGA	1	1	0	0	1	0	0	0	1	424	0.00301599	1	0	0	0	0	0
setup	0	2018-09-18 23:00:00	ANGA	1	1	0	0	1	0	0	0	1	424	0.00379032	1	0	0	0	0	0
setup	0	2018-09-19 23:00:00	ANGA	1	1	0	0	1	0	0	0	1	424	0.00474152	1	0	0	0	0	0
setup	0	2018-09-20 23:00:00	ANGA	1	1	0	0	1	0	0	0	1	424	0.0059041	1	0	0	0	0	0
setup	0	2018-09-21 23:00:00	ANGA	1	1	0	0	1	0	0	0	1	424	0.00731787	1	0	0	0	0	0
setup	0	2018-09-22 23:00:00	ANGA	1	1	0	0	1	0	0	0	1	424	0.00902841	1	0	0	0	0	0
setup	0	2018-09-23 23:00:00	ANGA	1	1	0	0	1	0	0	0	1	424	0.0110875	1	0	0	0	0	0
setup	0	2018-09-24 23:00:00	ANGA	1	1	0	0	1	0	0	0	1	424	0.0135534	1	0	0	0	0	0
setup	0	2018-09-25 23:00:00	ANGA	1	1	0	0	1	0	0	0	1	424	0.0164915	1	0	0	0	0	0
setup	0	2018-09-26 23:00:00	ANGA	1	1	0	0	1	0	0	0	1	424	0.0199741	1	0	0	0	0	0
setup	0	2018-09-27 23:00:00	ANGA	1	1	0	0	1	0	0	0	1	424	0.0240807	1	0	0	0	0	0
setup	0	2018-09-28 23:00:00	ANGA	1	1	0	0	1	0	0	0	1	424	0.0288978	1	0	0	0	0	0
setup	0	2018-09-29 23:00:00	ANGA	1	1	0	0	1	0	0	0	1	424	0.0345188	1	0	0	0	0	0
setup	0	2018-09-30 23:00:00	ANGA	1	1	0	0	1	0	0	0	1	424	0.0410434	1	0	0	0	0	0
setup	0	2018-10-01 23:00:00	ANGA	1	1	0	0	1	0	0	0	1	424	0.0485763	1	0	0	0	0	0
setup	0	2018-10-02 23:00:00	ANGA	1	1	0	0	1	0	0	0	1	424	0.057227	1	0	0	0	0	0
setup	0	2018-10-03 23:00:00	ANGA	1	1	0	0	1	0	0	0	1	424	0.0671077	1	0	0	0	0	0
setup	0	2018-10-04 23:00:00	ANGA	1	1	0	0	1	0	0	0	1	424	0.078332	1	0	0	0	0	0
setup	0	2018-10-05 23:00:00	ANGA	1	1	0	0	1	0	0	0	1	424	0.0910125	1	0	0	0	0	0
setup	0	2018-10-06 23:00:00	ANGA	1	1	0	0	1	0	0	0	1	424	0.105259	1	0	0	0	0	0
setup	0	2018-10-07 23:00:00	ANGA	1	1	0	0	1	0	0	0	1	424	0.121174	1	0	0	0	0	0
setup	0	2018-10-08 23:00:00	ANGA	1	1	0	0	1	0	0	0	1	424	0.138853	1	0	0	0	0	0
setup	0	2018-10-09 23:00:00	ANGA	1	1	0	0	1	0	0	0	1	424	0.158379	1	0	0	0	0	0
setup	0	2018-10-10 23:00:00	ANGA	1	1	0	0	1	0	0	0	1	424	0.179819	1	0	0	0	0	0
setup	0	2018-10-11 23:00:00	ANGA	1	1	0	0	1	0	0	0	1	424	0.20322	1	0	0	0	0	0
setup	0	2018-10-12 23:00:00	ANGA	1	1	0	0	1	0	0	0	1	424	0.228609	1	0	0	0	0	0
setup	0	2018-10-13 23:00:00	ANGA	1	1	0	0	1	0	0	0	1	424	0.255985	1	0	0	0	0	0
setup	0	2018-10-14 23:00:00	ANGA	1	1	0	0	1	0	0	0	1	424	0.28532	1	0	0	0	0	0
setup	0	2018-10-15 23:00:00	ANGA	1	1	0	0	1	0	0	0	1	424	0.316551	1	0	0	0	0	0
setup	0	2018-10-16 23:00:00	ANGA	1	1	0	0	1	0	0	0	1	424	0.349584	1	0	0	0	0	0
setup	0	2018-10-17 23:00:00	ANGA	1	1	0	0	1	0	0	0	1	424	0.384285	1	0	0	0	0	0
setup	0	2018-10-18 23:00:00	ANGA	1	1	0	0	1	0	0	0	1	424	0.420484	1	0	0	0	0	0
setup	0	2018-10-19 23:00:00	ANGA	1	1	0	0	1	0	0	0	1	424	0.457975	1	0	0	0	0	0
setup	0	2018-10-20 23:00:00	ANGA	1	1	0	0	1	0	0	0	1	424	0.496511	1	0	0	0	0	0
setup	0	2018-10-21 23:00:00	ANGA	1	1	0	0	1	0	0	0	1	424	0.53581	1	0	0	0	0	0
setup	0	2018-10-22 23:00:00	ANGA	1	1	0	0	1	0	0	0	1	424	0.575557	1	0	0	0	0	0
setup	0	2018-10-23 23:00:00	ANGA	1	1	0	0	1	0	0	0	1	424	0.615404	1	0	0	0	0	0
setup	0	2018-10-24 23:00:00	ANGA	1	1	0	0	1	0	0	0	1	424	0.654979	1	0	0	0	0	0
setup	0	2018-10-25 23:00:00	ANGA	1	1	0	0	1	0	0	0	1	424	0.693888	1	0	0	0	0	0
setup	0	2018-10-26 23:00:00	ANGA	1	1	0	0	1	0	0	0	1	424	0.731723	1	0	0	0	0	0
setup	0	2018-10-27 23:00:00	ANGA	1	1	0	0	1	0	0	0	1	424	0.768067	1	0	0	0	0	0
setup	0	2018-10-28 23:00:00	ANGA	1	1	0	0	1	0	0	0	1	424	0.802502	1	0	0	0	0	0
setup	0	2018-10-29 23:00:00	ANGA	1	1	0	0	1	0	0	0	1	424	0.83462	1	0	0	0	0	0
setup	0	2018-10-30 23:00:00	ANGA	1	1	0	0	1	0	0	0	1	424	0.864024	1	0	0	0	0	0
setup	0	2018-10-31 23:00:00	ANGA	1	1	0	0	1	0	0	0	1	424	0.890345	1	0	0	0	0	0
setup	0	2018-11-01 23:00:00	ANGA	1	1	0	0	1	0	0	0	1	424	0.913241	1	0	0	0	0	0
setup	0	2018-11-02 23:00:00	ANGA	1	1	0	0	1	0	0	0	1	424	0.932412	1	0	0	0	0	0
setup	0	2018-11-03 23:00:00	ANGA	1	1	0	0	1	0	0	0	1	424	0.947601	1	0	0	0	0	0
setup	0	2018-11-04 23:00:00	ANGA	1	1	0	0	1	0	0	0	1	424	0.958601	1	0	0	0	0	0
setup	0	2018-11-05 23:00:00	ANGA	1	1	0	0	1	0	0	0	1	424	0.965262	1	0	0	0	0	0
setup	0	2018-11-06 23:00:00	ANGA	1	1	0	0	1	0	0	0	1	424	0.967493	1	0	0	0	0	0
setup	0	2018-11-07 23:00:00	ANGA	1	1	0	0	1	0	0	0	1	424	0.967493	1	0	0	0	0	0
setup	0	2018-11-08 23:00:00	ANGA	1	1	0	0	1	0	0	0	1	424	0.966955	1	0	0	0	0	0
setup	0	2018-11-09 23:00:00	ANGA	1	1	0	0	1	0	0	0	1	424	0.966331	1	0	0	0	0	0
setup	0	2018-11-10 23:00:00	ANGA	1	1	0	0	1	0	0	0	1	424	0.965609	1	0	0	0	0	0
setup	0	2018-11-11 23:00:00	ANGA	1	1	0	0	1	0	0	0	1	424	0.964777	1	0	0	0	0	0
setup	0	2018-11-12 23:00:00	ANGA	1	1	0	0	1	0	0	0	1	424	0.963819	1	0	0	0	0	0
setup	0	2018-11-13 23:00:00	ANGA	1	1	0	0	1	0	0	0	1	424	0.96272	1	0	0	0	0	0
setup	0	2018-11-14 23:00:00	ANGA	1	1	0	0	1	0	0	0	1	424	0.961462	1	0	0	0	0	0
setup	0	2018-11-15 23:00:00	ANGA	1	1	0	0	1	0	0	0	1	424	0.960025	1	0	0	0	0	0
setup	0	2018-11-16 23:00:00	ANGA	1	1	0	0	1	0	0	0	1	424	0.95839	1	0	0	0	0	0
setup	0	2018-11-17 23:00:00	ANGA	1	1	0	0	1	0	0	0	1	424	0.956532	1	0	0	0	0	0
setup	0	2018-11-18 23:00:00	ANGA	1	1	0	0	1	0	0	0	1	424	0.954428	1	0	0	0	0	0
setup	0	2018-11-19 23:00:00	ANGA	1	1	0	0	1	0	0	0	1	424	0.952051	1	0	0	0	0	0
setup	0	2018-11-20 23:00:00	ANGA	1	1	0	0	1	0	0	0	1	424	0.949372	1	0	0	0	0	0
setup	0	2018-11-21 23:00:00	ANGA	1	1	0	0	1	0	0	0	1	424	0.946362	1	0	0	0	0	0
setup	0	2018-11-22 23:00:00	ANGA	1	1	0	0	1	0	0	0	1	424	0.942989	1	0	0	0	0	0
setup	0	2018-11-23 23:00:00	ANGA	1	1	0	0	1	0	0	0	1	424	0.939218	1	0	0	0	0	0
setup	0	2018-11-24 23:00:00	ANGA	1	1	0	0	1	0	0	0	1	424	0.935014	1	0	0	0	0	0
setup	0	2018-11-25 23:00:00	ANGA	1	1	0	0	1	0	0	0	1	424	0.930341	1	0	0	0	0	0
setup	0	2018-11-26 23:00:00	ANGA	1	1	0	0	1	0	0	0	1	424	0.925159	1	0	0	0	0	0
setup	0	2018-11-27 23:00:00	ANGA	1	1	0	0	1	0	0	0	1	424	0.91943	1	0	0	0	0	0
setup	0	2018-11-28 23:00:00	ANGA	1	1	0	0	1	0	0	0	1	424	0.913112	1	0	0	0	0	0
setup	0	2018-11-29 23:00:00	ANGA	1	1	0	0	1	0	0	0	1	424	0.906165	1	0	0	0	0	0
setup	0	2018-11-30 23:00:00	ANGA	1	1	0	0	1	0	0	0	1	424	0.898547	1	0	0	0	0	0
setup	0	2018-12-01 23:00:00	ANGA	1	1	0	0	1	0	0	0	1	424	0.890216	1	0	0	0	0	0
setup	0	2018-12-02 23:00:00	ANGA	1	1	0	0	1	0	0	0	1	424	0.881132	1	0	0	0	0	0
setup	0	2018-12-03 23:00:00	ANGA	1	1	0	0	1	0	0	0	1	424	0.871254	1	0	0	0	0	0
setup	0	2018-12-04 23:00:00	ANGA	1	1	0	0	1	0	0	0	1	424	0.860544	1	0	0	0	0	0
setup	0	2018-12-05 23:00:00	ANGA	1	1	0	0	1	0	0	0	1	424	0.848965	1	0	0	0	0	0
setup	0	2018-12-06 23:00:00	ANGA	1	1	0	0	1	0	0	0	1	424	0.836484	1	0	0	0	0	0
setup	0	2018-12-07 23:00:00	ANGA	1	1	0	0	1	0	0	0	1	424	0.823068	1	0	0	0	0	0
setup	0	2018-12-08 23:00:00	ANGA	1	1	0	0	1	0	0	0	1	424	0.80869	1	0	0	0	0	0
setup	0	2018-12-09 23:00:00	ANGA	1	1	0	0	1	0	0	0	1	424	0.793329	1	0	0	0	0	0
setup	0	2018-12-10 23:00:00	ANGA	1	1	0	0	1	0	0	0	1	424	0.776967	1	0	0	0	0	0
setup	0	2018-12-11 23:00:00	ANGA	1	1	0	0	1	0	0	0	1	424	0.75959	1	0	0	0	0	0
setup	0	2018-12-12 23:00:00	ANGA	1	1	0	0	1	0	0	0	1	424	0.741194	1	0	0	0	0	0
setup	0	2018-12-13 23:00:00	ANGA	1	1	0	0	1	0	0	0	1	424	0.721781	1	0	0	0	0	0
setup	0	2018-12-14 23:00:00	ANGA	1	1	0	0	1	0	0	0	1	424	0.701359	1	0	0	0	0	0
setup	0	2018-12-15 23:00:00	ANGA	1	1	0	0	1	0	0	0	1	424	0.679945	1	0	0	0	0	0
setup	0	2018-12-16 23:00:00	ANGA	1	1	0	0	1	0	0	0	1	424	0.657566	1	0	0	0	0	0
setup	0	2018-12-17 23:00:00	ANGA	1	1	0	0	1	0	0	0	1	424	0.634256	1	0	0	0	0	0
setup	0	2018-12-18 23:00:00	ANGA	1	1	0	0	1	0	0	0	1	424	0.61006	1	0	0	0	0	0
setup	0	2018-12-19 23:00:00	ANGA	1	1	0	0	1	0	0	0	1	424	0.585032	1	0	0	0	0	0
setup	0	2018-12-20 23:00:00	ANGA	1	1	0	0	1	0	0	0	1	424	0.559236	1	0	0	0	0	0
setup	0	2018-12-21 23:00:00	ANGA	1	1	0	0	1	0	0	0	1	424	0.532746	1	0	0	0	0	0
setup	0	2018-12-22 23:00:00	ANGA	1	1	0	0	1	0	0	0	1	424	0.505647	1	0	0	0	0	0
setup	0	2018-12-23 23:00:00	ANGA	1	1	0	0	1	0	0	0	1	424	0.478031	1	0	0	0	0	0
setup	0	2018-12-24 23:00:00	ANGA	1	1	0	0	1	0	0	0	1	424	0.450002	1	0	0	0	0	0
setup	0	2018-12-25 23:00:00	ANGA	1	1	0	0	1	0	0	0	1	424	0.421672	1	0	0	0	0	0
setup	0	2018-12-26 23:00:00	ANGA	1	1	0	0	1	0	0	0	1	424	0.393162	1	0	0	0	0	0
setup	0	2018-12-27 23:00:00	ANGA	1	1	0	0	1	0	0	0	1	424	0.364599	1	0	0	0	0	0
setup	0	2018-12-28 23:00:00	ANGA	1	1	0	0	1	0	0	0	1	424	0.33612	1	0	0	0	0	0
setup	0	2018-12-29 23:00:00	ANGA	1	1	0	0	1	0	0	0	1	424	0.307865	1	0	0	0	0	0
setup	0	2018-12-30 23:00:00	ANGA	1	1	0	0	1	0	0	0	1	424	0.27998	1	0	0	0	0	0
setup	0	2018-12-31 23:00:00	ANGA	1	1	0	0	1	0	0	0	1	424	0.252614	1	0	0	0	0	0
setup	0	2019-01-01 23:00:00	ANGA	1	1	0	0	1	0	0	0	1	424	0.22592	1	0	0	0	0	0
setup	0	2019-01-02 23:00:00	ANGA	1	1	0	0	1	0	0	0	1	424	0.20005	1	0	0	0	0	0
setup	0	2019-01-03 23:00:00	ANGA	1	1	0	0	1	0	0	0	1	424	0.175156	1	0	0	0	0	0
setup	0	2019-01-04 23:00:00	ANGA	1	1	0	0	1	0	0	0	1	424	0.151391	1	0	0	0	0	0
setup	0	2019-01-05 23:00:00	ANGA	1	1	0	0	1	0	0	0	1	424	0.128899	1	0	0	0	0	0
setup	0	2019-01-06 23:00:00	ANGA	1	1	0	0	1	0	0	0	1	424	0.107825	1	0	0	0	0	0
setup	0	2019-01-07 23:00:00	ANGA	1	1	0	0	1	0	0	0	1	424	0.0883034	1	0	0	0	0	0
setup	0	2019-01-08 23:00:00	ANGA	1	1	0	0	1	0	0	0	1	424	0.0704625	1	0	0	0	0	0
setup	0	2019-01-09 23:00:00	ANGA	1	1	0	0	1	0	0	0	1	424	0.0544211	1	0	0	0	0	0
setup	0	2019-01-10 23:00:00	ANGA	1	1	0	0	1	0	0	0	1	424	0.0402875	1	0	0	0	0	0
setup	0	2019-01-11 23:00:00	ANGA	1	1	0	0	1	0	0	0	1	424	0.0281582	1	0	0	0	0	0
setup	0	2019-01-12 23:00:00	ANGA	1	1	0	0	1	0	0	0	1	424	0.0181166	1	0	0	0	0	0
setup	0	2019-01-13 23:00:00	ANGA	1	1	0	0	1	0	0	0	1	424	0.0102326	1	0	0	0	0	0
setup	0	2019-01-14 23:00:00	ANGA	1	1	0	0	1	0	0	0	1	424	0.00456121	1	0	0	0	0	0
setup	0	2019-01-15 23:00:00	ANGA	1	1	0	0	1	0	0	0	1	424	0.00114232	1	0	0	0	0	0
setup	0	2019-01-16 23:00:00	ANGA	1	1	0	0	1	0	0	0	1	424	0	1	0	0	0	0	0
setup	0	2019-01-17 23:00:00	ANGA	1	1	0	0	1	0	0	0	1	424	0	1	0	0	0	0	0
setup	0	2019-01-18 23:00:00	ANGA	1	1	0	0	1	0	0	0	1	424	0	1	0	0	0	0	0
setup	0	2019-01-19 23:00:00	ANGA	1	1	0	0	1	0	0	0	1	424	0	1	0	0	0	0	0
setup	0	2019-01-20 23:00:00	ANGA	1	1	0	0	1	0	0	0	1	424	0	1	0	0	0	0	0
setup	0	2019-01-21 23:00:00	ANGA	1	1	0	0	1	0	0	0	1	424	0	1	0	0	0	0	0
setup	0	2019-01-22 23:00:00	ANGA	1	1	0	0	1	0	0	0	1	424	0	1	0	0	0	0	0
setup	0	2019-01-23 23:00:00	ANGA	1	1	0	0	1	0	0	0	1	424	0	1	0	0	0	0	0
setup	0	2019-01-24 23:00:00	ANGA	1	1	0	0	1	0	0	0	1	424	0	1	0	0	0	0	0
setup	0	2019-01-25 23:00:00	ANGA	1	1	0	0	1	0	0	0	1	424	0	1	0	0	0	0	0
setup	0	2019-01-26 23:00:00	ANGA	1	1	0	0	1	0	0	0	1	424	0	1	0	0	0	0	0
setup	0	2019-01-27 23:00:00	ANGA	1	1	0	0	1	0	0	0	1	424	0	1	0	0	0	0	0
setup	0	2019-01-28 23:00:00	ANGA	1	1	0	0	1	0	0	0	1	424	0	1	0	0	0	0	0
setup	0	2019-01-29 23:00:00	ANGA	1	1	0	0	1	0	0	0	1	424	0	1	0	0	0	0	0
setup	0	2019-01-30 23:00:00	ANGA	1	1	0	0	1	0	0	0	1	424	0	1	0	0	0	0	0
setup	0	2019-01-31 23:00:00	ANGA	1	1	0	0	1	0	0	0	1	424	0	1	0	0	0	0	0
setup	0	2019-02-01 23:00:00	ANGA	1	1	0	0	1	0	0	0	1	424	0	1	0	0	0	0	0
setup	0	2019-02-02 23:00:00	ANGA	1	1	0	0	1	0	0	0	1	424	0	1	0	0	0	0	0
setup	0	2019-02-03 23:00:00	ANGA	1	1	0	0	1	0	0	0	1	424	0.00407873	1	0	0	0	0	0
setup	0	2019-02-04 23:00:00	ANGA	1	1	0	0	1	0	0	0	1	424	0.00514964	1	0	0	0	0	0
setup	0	2019-02-05 23:00:00	ANGA	1	1	0	0	1	0	0	0	1	424	0.00647176	1	0	0	0	0	0
setup	0	2019-02-06 23:00:00	ANGA	1	1	0	0	1	0	0	0	1	424	0.00809588	1	0	0	0	0	0
setup	0	2019-02-07 23:00:00	ANGA	1	1	0	0	1	0	0	0	1	424	0.0100809	1	0	0	0	0	0
setup	0	2019-02-08 23:00:00	ANGA	1	1	0	0	1	0	0	0	1	424	0.0124949	1	0	0	0	0	0
setup	0	2019-02-09 23:00:00	ANGA	1	1	0	0	1	0	0	0	1	424	0.0154155	1	0	0	0	0	0
setup	0	2019-02-10 23:00:00	ANGA	1	1	0	0	1	0	0	0	1	424	0.0189312	1	0	0	0	0	0
setup	0	2019-02-11 23:00:00	ANGA	1	1	0	0	1	0	0	0	1	424	0.0231417	1	0	0	0	0	0
setup	0	2019-02-12 23:00:00	ANGA	1	1	0	0	1	0	0	0	1	424	0.0281583	1	0	0	0	0	0
setup	0	2019-02-13 23:00:00	ANGA	1	1	0	0	1	0	0	0	1	424	0.0341046	1	0	0	0	0	0
setup	0	2019-02-14 23:00:00	ANGA	1	1	0	0	1	0	0	0	1	424	0.0411164	1	0	0	0	0	0
setup	0	2019-02-15 23:00:00	ANGA	1	1	0	0	1	0	0	0	1	424	0.0493414	1	0	0	0	0	0
setup	0	2019-02-16 23:00:00	ANGA	1	1	0	0	1	0	0	0	1	424	0.058939	1	0	0	0	0	0
setup	0	2019-02-17 23:00:00	ANGA	1	1	0	0	1	0	0	0	1	424	0.0700793	1	0	0	0	0	0
setup	0	2019-02-18 23:00:00	ANGA	1	1	0	0	1	0	0	0	1	424	0.0829413	1	0	0	0	0	0
setup	0	2019-02-19 23:00:00	ANGA	1	1	0	0	1	0	0	0	1	424	0.0977119	1	0	0	0	0	0
setup	0	2019-02-20 23:00:00	ANGA	1	1	0	0	1	0	0	0	1	424	0.114583	1	0	0	0	0	0
setup	0	2019-02-21 23:00:00	ANGA	1	1	0	0	1	0	0	0	1	424	0.133748	1	0	0	0	0	0
setup	0	2019-02-22 23:00:00	ANGA	1	1	0	0	1	0	0	0	1	424	0.155399	1	0	0	0	0	0
setup	0	2019-02-23 23:00:00	ANGA	1	1	0	0	1	0	0	0	1	424	0.179723	1	0	0	0	0	0
setup	0	2019-02-24 23:00:00	ANGA	1	1	0	0	1	0	0	0	1	424	0.206898	1	0	0	0	0	0
setup	0	2019-02-25 23:00:00	ANGA	1	1	0	0	1	0	0	0	1	424	0.237084	1	0	0	0	0	0
setup	0	2019-02-26 23:00:00	ANGA	1	1	0	0	1	0	0	0	1	424	0.270424	1	0	0	0	0	0
setup	0	2019-02-27 23:00:00	ANGA	1	1	0	0	1	0	0	0	1	424	0.30703	1	0	0	0	0	0
setup	0	2019-02-28 23:00:00	ANGA	1	1	0	0	1	0	0	0	1	424	0.346987	1	0	0	0	0	0
setup	0	2019-03-01 23:00:00	ANGA	1	1	0	0	1	0	0	0	1	424	0.390337	1	0	0	0	0	0
setup	0	2019-03-02 23:00:00	ANGA	1	1	0	0	1	0	0	0	1	424	0.437081	1	0	0	0	0	0
setup	0	2019-03-03 23:00:00	ANGA	1	1	0	0	1	0	0	0	1	424	0.487168	1	0	0	0	0	0
setup	0	2019-03-04 23:00:00	ANGA	1	1	0	0	1	0	0	0	1	424	0.540494	1	0	0	0	0	0
setup	0	2019-03-05 23:00:00	ANGA	1	1	0	0	1	0	0	0	1	424	0.596895	1	0	0	0	0	0
setup	0	2019-03-06 23:00:00	ANGA	1	1	0	0	1	0	0	0	1	424	0.656145	1	0	0	0	0	0
setup	0	2019-03-07 23:00:00	ANGA	1	1	0	0	1	0	0	0	1	424	0.717954	1	0	0	0	0	0
setup	0	2019-03-08 23:00:00	ANGA	1	1	0	0	1	0	0	0	1	424	0.781967	1	0	0	0	0	0
setup	0	2019-03-09 23:00:00	ANGA	1	1	0	0	1	0	0	0	1	424	0.847765	1	0	0	0	0	0
setup	0	2019-03-10 23:00:00	ANGA	1	1	0	0	1	0	0	0	1	424	0.914867	1	0	0	0	0	0
setup	0	2019-03-11 23:00:00	ANGA	1	1	0	0	1	0	0	0	1	424	0.982731	1	0	0	0	0	0
setup	0	2019-03-12 23:00:00	ANGA	1	1	0	0	1	0	0	0	1	424	1.05077	1	0	0	0	0	0
setup	0	2019-03-13 23:00:00	ANGA	1	1	0	0	1	0	0	0	1	424	1.11834	1	0	0	0	0	0
setup	0	2019-03-14 23:00:00	ANGA	1	1	0	0	1	0	0	0	1	424	1.18478	1	0	0	0	0	0
setup	0	2019-03-15 23:00:00	ANGA	1	1	0	0	1	0	0	0	1	424	1.24938	1	0	0	0	0	0
setup	0	2019-03-16 23:00:00	ANGA	1	1	0	0	1	0	0	0	1	424	1.31143	1	0	0	0	0	0
setup	0	2019-03-17 23:00:00	ANGA	1	1	0	0	1	0	0	0	1	424	1.37023	1	0	0	0	0	0
setup	0	2019-03-18 23:00:00	ANGA	1	1	0	0	1	0	0	0	1	424	1.42507	1	0	0	0	0	0
setup	0	2019-03-19 23:00:00	ANGA	1	1	0	0	1	0	0	0	1	424	1.47527	1	0	0	0	0	0
setup	0	2019-03-20 23:00:00	ANGA	1	1	0	0	1	0	0	0	1	424	1.52021	1	0	0	0	0	0
setup	0	2019-03-21 23:00:00	ANGA	1	1	0	0	1	0	0	0	1	424	1.51937	1	0	0	0	0	0
setup	0	2019-03-22 23:00:00	ANGA	1	1	0	0	1	0	0	0	1	424	1.51839	1	0	0	0	0	0
setup	0	2019-03-23 23:00:00	ANGA	1	1	0	0	1	0	0	0	1	424	1.51725	1	0	0	0	0	0
setup	0	2019-03-24 23:00:00	ANGA	1	1	0	0	1	0	0	0	1	424	1.51595	1	0	0	0	0	0
setup	0	2019-03-25 23:00:00	ANGA	1	1	0	0	1	0	0	0	1	424	1.51444	1	0	0	0	0	0
setup	0	2019-03-26 23:00:00	ANGA	1	1	0	0	1	0	0	0	1	424	1.51271	1	0	0	0	0	0
setup	0	2019-03-27 23:00:00	ANGA	1	1	0	0	1	0	0	0	1	424	1.51074	1	0	0	0	0	0
setup	0	2019-03-28 23:00:00	ANGA	1	1	0	0	1	0	0	0	1	424	1.50848	1	0	0	0	0	0
setup	0	2019-03-29 23:00:00	ANGA	1	1	0	0	1	0	0	0	1	424	1.50591	1	0	0	0	0	0
setup	0	2019-03-30 23:00:00	ANGA	1	1	0	0	1	0	0	0	1	424	1.50299	1	0	0	0	0	0
setup	0	2019-03-31 23:00:00	ANGA	1	1	0	0	1	0	0	0	1	424	1.49969	1	0	0	0	0	0
setup	0	2019-04-01 23:00:00	ANGA	1	1	0	0	1	0	0	0	1	424	1.49595	1	0	0	0	0	0
setup	0	2019-04-02 23:00:00	ANGA	1	1	0	0	1	0	0	0	1	424	1.49174	1	0	0	0	0	0
setup	0	2019-04-03 23:00:00	ANGA	1	1	0	0	1	0	0	0	1	424	1.48701	1	0	0	0	0	0
setup	0	2019-04-04 23:00:00	ANGA	1	1	0	0	1	0	0	0	1	424	1.48171	1	0	0	0	0	0
setup	0	2019-04-05 23:00:00	ANGA	1	1	0	0	1	0	0	0	1	424	1.47579	1	0	0	0	0	0
setup	0	2019-04-06 23:00:00	ANGA	1	1	0	0	1	0	0	0	1	424	1.46918	1	0	0	0	0	0
setup	0	2019-04-07 23:00:00	ANGA	1	1	0	0	1	0	0	0	1	424	1.46184	1	0	0	0	0	0
setup	0	2019-04-08 23:00:00	ANGA	1	1	0	0	1	0	0	0	1	424	1.4537	1	0	0	0	0	0
setup	0	2019-04-09 23:00:00	ANGA	1	1	0	0	1	0	0	0	1	424	1.44469	1	0	0	0	0	0
setup	0	2019-04-10 23:00:00	ANGA	1	1	0	0	1	0	0	0	1	424	1.43477	1	0	0	0	0	0
setup	0	2019-04-11 23:00:00	ANGA	1	1	0	0	1	0	0	0	1	424	1.42385	1	0	0	0	0	0
setup	0	2019-04-12 23:00:00	ANGA	1	1	0	0	1	0	0	0	1	424	1.41188	1	0	0	0	0	0
setup	0	2019-04-13 23:00:00	ANGA	1	1	0	0	1	0	0	0	1	424	1.39879	1	0	0	0	0	0
setup	0	2019-04-14 23:00:00	ANGA	1	1	0	0	1	0	0	0	1	424	1.38452	1	0	0	0	0	0
setup	0	2019-04-15 23:00:00	ANGA	1	1	0	0	1	0	0	0	1	424	1.369	1	0	0	0	0	0
setup	0	2019-04-16 23:00:00	ANGA	1	1	0	0	1	0	0	0	1	424	1.35217	1	0	0	0	0	0
setup	0	2019-04-17 23:00:00	ANGA	1	1	0	0	1	0	0	0	1	424	1.33397	1	0	0	0	0	0
setup	0	2019-04-18 23:00:00	ANGA	1	1	0	0	1	0	0	0	1	424	1.31436	1	0	0	0	0	0
setup	0	2019-04-19 23:00:00	ANGA	1	1	0	0	1	0	0	0	1	424	1.29328	1	0	0	0	0	0
setup	0	2019-04-20 23:00:00	ANGA	1	1	0	0	1	0	0	0	1	424	1.27069	1	0	0	0	0	0
setup	0	2019-04-21 23:00:00	ANGA	1	1	0	0	1	0	0	0	1	424	1.24655	1	0	0	0	0	0
setup	0	2019-04-22 23:00:00	ANGA	1	1	0	0	1	0	0	0	1	424	1.22084	1	0	0	0	0	0
setup	0	2019-04-23 23:00:00	ANGA	1	1	0	0	1	0	0	0	1	424	1.19354	1	0	0	0	0	0
setup	0	2019-04-24 23:00:00	ANGA	1	1	0	0	1	0	0	0	1	424	1.16463	1	0	0	0	0	0
setup	0	2019-04-25 23:00:00	ANGA	1	1	0	0	1	0	0	0	1	424	1.13413	1	0	0	0	0	0
setup	0	2019-04-26 23:00:00	ANGA	1	1	0	0	1	0	0	0	1	424	1.10204	1	0	0	0	0	0
setup	0	2019-04-27 23:00:00	ANGA	1	1	0	0	1	0	0	0	1	424	1.10749	1	0	0	0	0	0
setup	0	2019-04-28 23:00:00	ANGA	1	1	0	0	1	0	0	0	1	424	1.10377	1	0	0	0	0	0
setup	0	2019-04-29 23:00:00	ANGA	1	1	0	0	1	0	0	0	1	424	1.09058	1	0	0	0	0	0
setup	0	2019-04-30 23:00:00	ANGA	1	1	0	0	1	0	0	0	1	424	1.04897	1	0	0	0	0	0
setup	0	2019-05-01 23:00:00	ANGA	1	1	0	0	1	0	0	0	1	424	1.00594	1	0	0	0	0	0
setup	0	2019-05-02 23:00:00	ANGA	1	1	0	0	1	0	0	0	1	424	0.961583	1	0	0	0	0	0
setup	0	2019-05-03 23:00:00	ANGA	1	1	0	0	1	0	0	0	1	424	0.916034	1	0	0	0	0	0
setup	0	2019-05-04 23:00:00	ANGA	1	1	0	0	1	0	0	0	1	424	0.869438	1	0	0	0	0	0
setup	0	2019-05-05 23:00:00	ANGA	1	1	0	0	1	0	0	0	1	424	0.821953	1	0	0	0	0	0
setup	0	2019-05-06 23:00:00	ANGA	1	1	0	0	1	0	0	0	1	424	0.792541	1	0	0	0	0	0
setup	0	2019-05-07 23:00:00	ANGA	1	1	0	0	1	0	0	0	1	424	0.75402	1	0	0	0	0	0
setup	0	2019-05-08 23:00:00	ANGA	1	1	0	0	1	0	0	0	1	424	0.706848	1	0	0	0	0	0
setup	0	2019-05-09 23:00:00	ANGA	1	1	0	0	1	0	0	0	1	424	0.655497	1	0	0	0	0	0
setup	0	2019-05-10 23:00:00	ANGA	1	1	0	0	1	0	0	0	1	424	0.604295	1	0	0	0	0	0
setup	0	2019-05-11 23:00:00	ANGA	1	1	0	0	1	0	0	0	1	424	0.553497	1	0	0	0	0	0
setup	0	2019-05-12 23:00:00	ANGA	1	1	0	0	1	0	0	0	1	424	0.503363	1	0	0	0	0	0
setup	0	2019-05-13 23:00:00	ANGA	1	1	0	0	1	0	0	0	1	424	0.454163	1	0	0	0	0	0
setup	0	2019-05-14 23:00:00	ANGA	1	1	0	0	1	0	0	0	1	424	0.406171	1	0	0	0	0	0
setup	0	2019-05-15 23:00:00	ANGA	1	1	0	0	1	0	0	0	1	424	0.35966	1	0	0	0	0	0
setup	0	2019-05-16 23:00:00	ANGA	1	1	0	0	1	0	0	0	1	424	0.314906	1	0	0	0	0	0
setup	0	2019-05-17 23:00:00	ANGA	1	1	0	0	1	0	0	0	1	424	0.272178	1	0	0	0	0	0
setup	0	2019-05-18 23:00:00	ANGA	1	1	0	0	1	0	0	0	1	424	0.231742	1	0	0	0	0	0
setup	0	2019-05-19 23:00:00	ANGA	1	1	0	0	1	0	0	0	1	424	0.193854	1	0	0	0	0	0
setup	0	2019-05-20 23:00:00	ANGA	1	1	0	0	1	0	0	0	1	424	0.158757	1	0	0	0	0	0
setup	0	2019-05-21 23:00:00	ANGA	1	1	0	0	1	0	0	0	1	424	0.126681	1	0	0	0	0	0
setup	0	2019-05-22 23:00:00	ANGA	1	1	0	0	1	0	0	0	1	424	0.0978413	1	0	0	0	0	0
setup	0	2019-05-23 23:00:00	ANGA	1	1	0	0	1	0	0	0	1	424	0.0724312	1	0	0	0	0	0
setup	0	2019-05-24 23:00:00	ANGA	1	1	0	0	1	0	0	0	1	424	0.0506243	1	0	0	0	0	0
setup	0	2019-05-25 23:00:00	ANGA	1	1	0	0	1	0	0	0	1	424	0.032571	1	0	0	0	0	0
setup	0	2019-05-26 23:00:00	ANGA	1	1	0	0	1	0	0	0	1	424	0.0183967	1	0	0	0	0	0
setup	0	2019-05-27 23:00:00	ANGA	1	1	0	0	1	0	0	0	1	424	0.00820039	1	0	0	0	0	0
setup	0	2019-05-28 23:00:00	ANGA	1	1	0	0	1	0	0	0	1	424	0.00205372	1	0	0	0	0	0
setup	0	2019-05-29 23:00:00	ANGA	1	1	0	0	1	0	0	0	1	424	0	1	0	0	0	0	0
setup	0	2019-05-30 23:00:00	ANGA	1	1	0	0	1	0	0	0	1	424	0	1	0	0	0	0	0
setup	0	2019-05-31 23:00:00	ANGA	1	1	0	0	1	0	0	0	1	424	0	1	0	0	0	0	0
setup	0	2019-06-01 23:00:00	ANGA	1	1	0	0	1	0	0	0	1	424	0	1	0	0	0	0	0
setup	0	2019-06-02 23:00:00	ANGA	1	1	0	0	1	0	0	0	1	424	0	1	0	0	0	0	0
setup	0	2019-06-03 23:00:00	ANGA	1	1	0	0	1	0	0	0	1	424	0	1	0	0	0	0	0
setup	0	2019-06-04 23:00:00	ANGA	1	1	0	0	1	0	0	0	1	424	0	1	0	0	0	0	0
setup	0	2019-06-05 23:00:00	ANGA	1	1	0	0	1	0	0	0	1	424	0	1	0	0	0	0	0
setup	0	2019-06-06 23:00:00	ANGA	1	1	0	0	1	0	0	0	1	424	0	1	0	0	0	0	0
setup	0	2019-06-07 23:00:00	ANGA	1	1	0	0	1	0	0	0	1	424	0	1	0	0	0	0	0
setup	0	2019-06-08 23:00:00	ANGA	1	1	0	0	1	0	0	0	1	424	0	1	0	0	0	0	0
setup	0	2019-06-09 23:00:00	ANGA	1	1	0	0	1	0	0	0	1	424	0	1	0	0	0	0	0
setup	0	2019-06-10 23:00:00	ANGA	1	1	0	0	1	0	0	0	1	424	0	1	0	0	0	0	0
setup	0	2019-06-11 23:00:00	ANGA	1	1	0	0	1	0	0	0	1	424	0	1	0	0	0	0	0
setup	0	2019-06-12 23:00:00	ANGA	1	1	0	0	1	0	0	0	1	424	0	1	0	0	0	0	0
setup	0	2019-06-13 23:00:00	ANGA	1	1	0	0	1	0	0	0	1	424	0	1	0	0	0	0	0
setup	0	2019-06-14 23:00:00	ANGA	1	1	0	0	1	0	0	0	1	424	0	1	0	0	0	0	0
setup	0	2019-06-15 23:00:00	ANGA	1	1	0	0	1	0	0	0	1	424	0	1	0	0	0	0	0
setup	0	2019-06-16 23:00:00	ANGA	1	1	0	0	1	0	0	0	1	424	0	1	0	0	0	0	0
setup	0	2019-06-17 23:00:00	ANGA	1	1	0	0	1	0	0	0	1	424	0	1	0	0	0	0	0
setup	0	2019-06-18 23:00:00	ANGA	1	1	0	0	1	0	0	0	1	424	0	1	0	0	0	0	0
setup	0	2019-06-19 23:00:00	ANGA	1	1	0	0	1	0	0	0	1	424	0.00131438	1	0	0	0	0	0
setup	0	2019-06-20 23:00:00	ANGA	1	1	0	0	1	0	0	0	1	424	0.00165949	1	0	0	0	0	0
setup	0	2019-06-21 23:00:00	ANGA	1	1	0	0	1	0	0	0	1	424	0.00208555	1	0	0	0	0	0
setup	0	2019-06-22 23:00:00	ANGA	1	1	0	0	1	0	0	0	1	424	0.00260892	1	0	0	0	0	0
setup	0	2019-06-23 23:00:00	ANGA	1	1	0	0	1	0	0	0	1	424	0.00324861	1	0	0	0	0	0
setup	0	2019-06-24 23:00:00	ANGA	1	1	0	0	1	0	0	0	1	424	0.00402651	1	0	0	0	0	0
setup	0	2019-06-25 23:00:00	ANGA	1	1	0	0	1	0	0	0	1	424	0.00496769	1	0	0	0	0	0
setup	0	2019-06-26 23:00:00	ANGA	1	1	0	0	1	0	0	0	1	424	0.00610065	1	0	0	0	0	0
setup	0	2019-06-27 23:00:00	ANGA	1	1	0	0	1	0	0	0	1	424	0.00745749	1	0	0	0	0	0
setup	0	2019-06-28 23:00:00	ANGA	1	1	0	0	1	0	0	0	1	424	0.00907411	1	0	0	0	0	0
setup	0	2019-06-29 23:00:00	ANGA	1	1	0	0	1	0	0	0	1	424	0.0109903	1	0	0	0	0	0
setup	0	2019-06-30 23:00:00	ANGA	1	1	0	0	1	0	0	0	1	424	0.0132499	1	0	0	0	0	0
setup	0	2019-07-01 23:00:00	ANGA	1	1	0	0	1	0	0	0	1	424	0.0159004	1	0	0	0	0	0
setup	0	2019-07-02 23:00:00	ANGA	1	1	0	0	1	0	0	0	1	424	0.0189933	1	0	0	0	0	0
setup	0	2019-07-03 23:00:00	ANGA	1	1	0	0	1	0	0	0	1	424	0.0225832	1	0	0	0	0	0
setup	0	2019-07-04 23:00:00	ANGA	1	1	0	0	1	0	0	0	1	424	0.0267281	1	0	0	0	0	0
setup	0	2019-07-05 23:00:00	ANGA	1	1	0	0	1	0	0	0	1	424	0.031488	1	0	0	0	0	0
setup	0	2019-07-06 23:00:00	ANGA	1	1	0	0	1	0	0	0	1	424	0.0369246	1	0	0	0	0	0
setup	0	2019-07-07 23:00:00	ANGA	1	1	0	0	1	0	0	0	1	424	0.0431005	1	0	0	0	0	0
setup	0	2019-07-08 23:00:00	ANGA	1	1	0	0	1	0	0	0	1	424	0.0500777	1	0	0	0	0	0
setup	0	2019-07-09 23:00:00	ANGA	1	1	0	0	1	0	0	0	1	424	0.0579163	1	0	0	0	0	0
setup	0	2019-07-10 23:00:00	ANGA	1	1	0	0	1	0	0	0	1	424	0.0666734	1	0	0	0	0	0
setup	0	2019-07-11 23:00:00	ANGA	1	1	0	0	1	0	0	0	1	424	0.0764011	1	0	0	0	0	0
setup	0	2019-07-12 23:00:00	ANGA	1	1	0	0	1	0	0	0	1	424	0.0871448	1	0	0	0	0	0
setup	0	2019-07-13 23:00:00	ANGA	1	1	0	0	1	0	0	0	1	424	0.0989414	1	0	0	0	0	0
setup	0	2019-07-14 23:00:00	ANGA	1	1	0	0	1	0	0	0	1	424	0.111818	1	0	0	0	0	0
setup	0	2019-07-15 23:00:00	ANGA	1	1	0	0	1	0	0	0	1	424	0.125787	1	0	0	0	0	0
setup	0	2019-07-16 23:00:00	ANGA	1	1	0	0	1	0	0	0	1	424	0.140851	1	0	0	0	0	0
setup	0	2019-07-17 23:00:00	ANGA	1	1	0	0	1	0	0	0	1	424	0.156991	1	0	0	0	0	0
setup	0	2019-07-18 23:00:00	ANGA	1	1	0	0	1	0	0	0	1	424	0.174176	1	0	0	0	0	0
setup	0	2019-07-19 23:00:00	ANGA	1	1	0	0	1	0	0	0	1	424	0.192351	1	0	0	0	0	0
setup	0	2019-07-20 23:00:00	ANGA	1	1	0	0	1	0	0	0	1	424	0.211445	1	0	0	0	0	0
setup	0	2019-07-21 23:00:00	ANGA	1	1	0	0	1	0	0	0	1	424	0.231363	1	0	0	0	0	0
setup	0	2019-07-22 23:00:00	ANGA	1	1	0	0	1	0	0	0	1	424	0.251991	1	0	0	0	0	0
setup	0	2019-07-23 23:00:00	ANGA	1	1	0	0	1	0	0	0	1	424	0.273195	1	0	0	0	0	0
setup	0	2019-07-24 23:00:00	ANGA	1	1	0	0	1	0	0	0	1	424	0.294818	1	0	0	0	0	0
setup	0	2019-07-25 23:00:00	ANGA	1	1	0	0	1	0	0	0	1	424	0.316688	1	0	0	0	0	0
setup	0	2019-07-26 23:00:00	ANGA	1	1	0	0	1	0	0	0	1	424	0.338613	1	0	0	0	0	0
setup	0	2019-07-27 23:00:00	ANGA	1	1	0	0	1	0	0	0	1	424	0.360389	1	0	0	0	0	0
setup	0	2019-07-28 23:00:00	ANGA	1	1	0	0	1	0	0	0	1	424	0.381798	1	0	0	0	0	0
setup	0	2019-07-29 23:00:00	ANGA	1	1	0	0	1	0	0	0	1	424	0.402615	1	0	0	0	0	0
setup	0	2019-07-30 23:00:00	ANGA	1	1	0	0	1	0	0	0	1	424	0.422613	1	0	0	0	0	0
setup	0	2019-07-31 23:00:00	ANGA	1	1	0	0	1	0	0	0	1	424	0.44156	1	0	0	0	0	0
setup	0	2019-08-01 23:00:00	ANGA	1	1	0	0	1	0	0	0	1	424	0.459232	1	0	0	0	0	0
setup	0	2019-08-02 23:00:00	ANGA	1	1	0	0	1	0	0	0	1	424	0.475411	1	0	0	0	0	0
setup	0	2019-08-03 23:00:00	ANGA	1	1	0	0	1	0	0	0	1	424	0.489894	1	0	0	0	0	0
setup	0	2019-08-04 23:00:00	ANGA	1	1	0	0	1	0	0	0	1	424	0.502492	1	0	0	0	0	0
setup	0	2019-08-05 23:00:00	ANGA	1	1	0	0	1	0	0	0	1	424	0.51304	1	0	0	0	0	0
setup	0	2019-08-06 23:00:00	ANGA	1	1	0	0	1	0	0	0	1	424	0.521398	1	0	0	0	0	0
setup	0	2019-08-07 23:00:00	ANGA	1	1	0	0	1	0	0	0	1	424	0.52745	1	0	0	0	0	0
setup	0	2019-08-08 23:00:00	ANGA	1	1	0	0	1	0	0	0	1	424	0.531115	1	0	0	0	0	0
setup	0	2019-08-09 23:00:00	ANGA	1	1	0	0	1	0	0	0	1	424	0.532343	1	0	0	0	0	0
setup	0	2019-08-10 23:00:00	ANGA	1	1	0	0	1	0	0	0	1	424	0.532343	1	0	0	0	0	0
setup	0	2019-08-11 23:00:00	ANGA	1	1	0	0	1	0	0	0	1	424	0.532343	1	0	0	0	0	0
setup	0	2019-08-12 23:00:00	ANGA	1	1	0	0	1	0	0	0	1	424	0.532343	1	0	0	0	0	0
setup	0	2019-08-13 23:00:00	ANGA	1	1	0	0	1	0	0	0	1	424	0.532343	1	0	0	0	0	0
setup	0	2019-08-14 23:00:00	ANGA	1	1	0	0	1	0	0	0	1	424	0.532343	1	0	0	0	0	0
setup	0	2019-08-15 23:00:00	ANGA	1	1	0	0	1	0	0	0	1	424	0.532047	1	0	0	0	0	0
setup	0	2019-08-16 23:00:00	ANGA	1	1	0	0	1	0	0	0	1	424	0.531703	1	0	0	0	0	0
setup	0	2019-08-17 23:00:00	ANGA	1	1	0	0	1	0	0	0	1	424	0.531306	1	0	0	0	0	0
setup	0	2019-08-18 23:00:00	ANGA	1	1	0	0	1	0	0	0	1	424	0.530848	1	0	0	0	0	0
setup	0	2019-08-19 23:00:00	ANGA	1	1	0	0	1	0	0	0	1	424	0.530321	1	0	0	0	0	0
setup	0	2019-08-20 23:00:00	ANGA	1	1	0	0	1	0	0	0	1	424	0.529716	1	0	0	0	0	0
setup	0	2019-08-21 23:00:00	ANGA	1	1	0	0	1	0	0	0	1	424	0.529024	1	0	0	0	0	0
setup	0	2019-08-22 23:00:00	ANGA	1	1	0	0	1	0	0	0	1	424	0.528234	1	0	0	0	0	0
setup	0	2019-08-23 23:00:00	ANGA	1	1	0	0	1	0	0	0	1	424	0.527334	1	0	0	0	0	0
setup	0	2019-08-24 23:00:00	ANGA	1	1	0	0	1	0	0	0	1	424	0.526312	1	0	0	0	0	0
setup	0	2019-08-25 23:00:00	ANGA	1	1	0	0	1	0	0	0	1	424	0.525154	1	0	0	0	0	0
setup	0	2019-08-26 23:00:00	ANGA	1	1	0	0	1	0	0	0	1	424	0.523846	1	0	0	0	0	0
setup	0	2019-08-27 23:00:00	ANGA	1	1	0	0	1	0	0	0	1	424	0.522372	1	0	0	0	0	0
setup	0	2019-08-28 23:00:00	ANGA	1	1	0	0	1	0	0	0	1	424	0.520716	1	0	0	0	0	0
setup	0	2019-08-29 23:00:00	ANGA	1	1	0	0	1	0	0	0	1	424	0.51886	1	0	0	0	0	0
setup	0	2019-08-30 23:00:00	ANGA	1	1	0	0	1	0	0	0	1	424	0.516785	1	0	0	0	0	0
setup	0	2019-08-31 23:00:00	ANGA	1	1	0	0	1	0	0	0	1	424	0.514472	1	0	0	0	0	0
setup	0	2019-09-01 23:00:00	ANGA	1	1	0	0	1	0	0	0	1	424	0.511901	1	0	0	0	0	0
setup	0	2019-09-02 23:00:00	ANGA	1	1	0	0	1	0	0	0	1	424	0.50905	1	0	0	0	0	0
setup	0	2019-09-03 23:00:00	ANGA	1	1	0	0	1	0	0	0	1	424	0.505897	1	0	0	0	0	0
setup	0	2019-09-04 23:00:00	ANGA	1	1	0	0	1	0	0	0	1	424	0.502421	1	0	0	0	0	0
setup	0	2019-09-05 23:00:00	ANGA	1	1	0	0	1	0	0	0	1	424	0.498598	1	0	0	0	0	0
setup	0	2019-09-06 23:00:00	ANGA	1	1	0	0	1	0	0	0	1	424	0.494407	1	0	0	0	0	0
setup	0	2019-09-07 23:00:00	ANGA	1	1	0	0	1	0	0	0	1	424	0.489823	1	0	0	0	0	0
setup	0	2019-09-08 23:00:00	ANGA	1	1	0	0	1	0	0	0	1	424	0.484825	1	0	0	0	0	0
setup	0	2019-09-09 23:00:00	ANGA	1	1	0	0	1	0	0	0	1	424	0.479389	1	0	0	0	0	0
setup	0	2019-09-10 23:00:00	ANGA	1	1	0	0	1	0	0	0	1	424	0.473497	1	0	0	0	0	0
setup	0	2019-09-11 23:00:00	ANGA	1	1	0	0	1	0	0	0	1	424	0.467126	1	0	0	0	0	0
setup	0	2019-09-12 23:00:00	ANGA	1	1	0	0	1	0	0	0	1	424	0.460258	1	0	0	0	0	0
setup	0	2019-09-13 23:00:00	ANGA	1	1	0	0	1	0	0	0	1	424	0.452876	1	0	0	0	0	0
setup	0	2019-09-14 23:00:00	ANGA	1	1	0	0	1	0	0	0	1	424	0.444965	1	0	0	0	0	0
setup	0	2019-09-15 23:00:00	ANGA	1	1	0	0	1	0	0	0	1	424	0.436513	1	0	0	0	0	0
setup	0	2019-09-16 23:00:00	ANGA	1	1	0	0	1	0	0	0	1	424	0.42751	1	0	0	0	0	0
setup	0	2019-09-17 23:00:00	ANGA	1	1	0	0	1	0	0	0	1	424	0.417949	1	0	0	0	0	0
setup	0	2019-09-18 23:00:00	ANGA	1	1	0	0	1	0	0	0	1	424	0.407827	1	0	0	0	0	0
setup	0	2019-09-19 23:00:00	ANGA	1	1	0	0	1	0	0	0	1	424	0.397145	1	0	0	0	0	0
setup	0	2019-09-20 23:00:00	ANGA	1	1	0	0	1	0	0	0	1	424	0.385908	1	0	0	0	0	0
setup	0	2019-09-21 23:00:00	ANGA	1	1	0	0	1	0	0	0	1	424	0.374126	1	0	0	0	0	0
setup	0	2019-09-22 23:00:00	ANGA	1	1	0	0	1	0	0	0	1	424	0.361812	1	0	0	0	0	0
setup	0	2019-09-23 23:00:00	ANGA	1	1	0	0	1	0	0	0	1	424	0.348986	1	0	0	0	0	0
setup	0	2019-09-24 23:00:00	ANGA	1	1	0	0	1	0	0	0	1	424	0.335673	1	0	0	0	0	0
setup	0	2019-09-25 23:00:00	ANGA	1	1	0	0	1	0	0	0	1	424	0.321902	1	0	0	0	0	0
setup	0	2019-09-26 23:00:00	ANGA	1	1	0	0	1	0	0	0	1	424	0.307708	1	0	0	0	0	0
setup	0	2019-09-27 23:00:00	ANGA	1	1	0	0	1	0	0	0	1	424	0.293133	1	0	0	0	0	0
setup	0	2019-09-28 23:00:00	ANGA	1	1	0	0	1	0	0	0	1	424	0.278222	1	0	0	0	0	0
setup	0	2019-09-29 23:00:00	ANGA	1	1	0	0	1	0	0	0	1	424	0.263026	1	0	0	0	0	0
setup	0	2019-09-30 23:00:00	ANGA	1	1	0	0	1	0	0	0	1	424	0.247604	1	0	0	0	0	0
setup	0	2019-10-01 23:00:00	ANGA	1	1	0	0	1	0	0	0	1	424	0.232016	1	0	0	0	0	0
setup	0	2019-10-02 23:00:00	ANGA	1	1	0	0	1	0	0	0	1	424	0.216329	1	0	0	0	0	0
setup	0	2019-10-03 23:00:00	ANGA	1	1	0	0	1	0	0	0	1	424	0.200613	1	0	0	0	0	0
setup	0	2019-10-04 23:00:00	ANGA	1	1	0	0	1	0	0	0	1	424	0.184943	1	0	0	0	0	0
setup	0	2019-10-05 23:00:00	ANGA	1	1	0	0	1	0	0	0	1	424	0.169396	1	0	0	0	0	0
setup	0	2019-10-06 23:00:00	ANGA	1	1	0	0	1	0	0	0	1	424	0.154053	1	0	0	0	0	0
setup	0	2019-10-07 23:00:00	ANGA	1	1	0	0	1	0	0	0	1	424	0.138996	1	0	0	0	0	0
setup	0	2019-10-08 23:00:00	ANGA	1	1	0	0	1	0	0	0	1	424	0.124308	1	0	0	0	0	0
setup	0	2019-10-09 23:00:00	ANGA	1	1	0	0	1	0	0	0	1	424	0.110073	1	0	0	0	0	0
setup	0	2019-10-10 23:00:00	ANGA	1	1	0	0	1	0	0	0	1	424	0.0963762	1	0	0	0	0	0
setup	0	2019-10-11 23:00:00	ANGA	1	1	0	0	1	0	0	0	1	424	0.0832995	1	0	0	0	0	0
setup	0	2019-10-12 23:00:00	ANGA	1	1	0	0	1	0	0	0	1	424	0.0709242	1	0	0	0	0	0
setup	0	2019-10-13 23:00:00	ANGA	1	1	0	0	1	0	0	0	1	424	0.0593285	1	0	0	0	0	0
setup	0	2019-10-14 23:00:00	ANGA	1	1	0	0	1	0	0	0	1	424	0.0485871	1	0	0	0	0	0
setup	0	2019-10-15 23:00:00	ANGA	1	1	0	0	1	0	0	0	1	424	0.0387705	1	0	0	0	0	0
setup	0	2019-10-16 23:00:00	ANGA	1	1	0	0	1	0	0	0	1	424	0.0299441	1	0	0	0	0	0
setup	0	2019-10-17 23:00:00	ANGA	1	1	0	0	1	0	0	0	1	424	0.0221674	1	0	0	0	0	0
setup	0	2019-10-18 23:00:00	ANGA	1	1	0	0	1	0	0	0	1	424	0.0154934	1	0	0	0	0	0
setup	0	2019-10-19 23:00:00	ANGA	1	1	0	0	1	0	0	0	1	424	0.00996828	1	0	0	0	0	0
setup	0	2019-10-20 23:00:00	ANGA	1	1	0	0	1	0	0	0	1	424	0.00563026	1	0	0	0	0	0
setup	0	2019-10-21 23:00:00	ANGA	1	1	0	0	1	0	0	0	1	424	0.00250971	1	0	0	0	0	0
setup	0	2019-10-22 23:00:00	ANGA	1	1	0	0	1	0	0	0	1	424	0.000628536	1	0	0	0	0	0
setup	0	2019-10-23 23:00:00	ANGA	1	1	0	0	1	0	0	0	1	424	0	1	0	0	0	0	0
setup	0	2019-10-24 23:00:00	ANGA	1	1	0	0	1	0	0	0	1	424	0	1	0	0	0	0	0
setup	0	2019-10-25 23:00:00	ANGA	1	1	0	0	1	0	0	0	1	424	0	1	0	0	0	0	0
setup	0	2019-10-26 23:00:00	ANGA	1	1	0	0	1	0	0	0	1	424	0	1	0	0	0	0	0
setup	0	2019-10-27 23:00:00	ANGA	1	1	0	0	1	0	0	0	1	424	0	1	0	0	0	0	0
setup	0	2019-10-28 23:00:00	ANGA	1	1	0	0	1	0	0	0	1	424	0	1	0	0	0	0	0
setup	0	2019-10-29 23:00:00	ANGA	1	1	0	0	1	0	0	0	1	424	0	1	0	0	0	0	0
setup	0	2019-10-30 23:00:00	ANGA	1	1	0	0	1	0	0	0	1	424	0	1	0	0	0	0	0
setup	0	2019-10-31 23:00:00	ANGA	1	1	0	0	1	0	0	0	1	424	0	1	0	0	0	0	0
setup	0	2019-11-01 23:00:00	ANGA	1	1	0	0	1	0	0	0	1	424	0	1	0	0	0	0	0
setup	0	2019-11-02 23:00:00	ANGA	1	1	0	0	1	0	0	0	1	424	0	1	0	0	0	0	0
setup	0	2019-11-03 23:00:00	ANGA	1	1	0	0	1	0	0	0	1	424	0	1	0	0	0	0	0
setup	0	2019-11-04 23:00:00	ANGA	1	1	0	0	1	0	0	0	1	424	0	1	0	0	0	0	0
setup	0	2019-11-05 23:00:00	ANGA	1	1	0	0	1	0	0	0	1	424	0	1	0	0	0	0	0
setup	0	2019-11-06 23:00:00	ANGA	1	1	0	0	1	0	0	0	1	424	0	1	0	0	0	0	0
setup	0	2019-11-07 23:00:00	ANGA	1	1	0	0	1	0	0	0	1	424	0	1	0	0	0	0	0
setup	0	2019-11-08 23:00:00	ANGA	1	1	0	0	1	0	0	0	1	424	0	1	0	0	0	0	0
setup	0	2019-11-09 23:00:00	ANGA	1	1	0	0	1	0	0	0	1	424	0	1	0	0	0	0	0
setup	0	2019-11-10 23:00:00	ANGA	1	1	0	0	1	0	0	0	1	424	0	1	0	0	0	0	0
setup	0	2019-11-11 23:00:00	ANGA	1	1	0	0	1	0	0	0	1	424	0	1	0	0	0	0	0
setup	0	2019-11-12 23:00:00	ANGA	1	1	0	0	1	0	0	0	1	424	0	1	0	0	0	0	0
setup	0	2019-11-13 23:00:00	ANGA	1	1	0	0	1	0	0	0	1	424	0.00126308	1	0	0	0	0	0
setup	0	2019-11-14 23:00:00	ANGA	1	1	0	0	1	0	0	0	1	424	0.00159471	1	0	0	0	0	0
setup	0	2019-11-15 23:00:00	ANGA	1	1	0	0	1	0	0	0	1	424	0.00200414	1	0	0	0	0	0
setup	0	2019-11-16 23:00:00	ANGA	1	1	0	0	1	0	0	0	1	424	0.00250708	1	0	0	0	0	0
setup	0	2019-11-17 23:00:00	ANGA	1	1	0	0	1	0	0	0	1	424	0.0031218	1	0	0	0	0	0
setup	0	2019-11-18 23:00:00	ANGA	1	1	0	0	1	0	0	0	1	424	0.00386933	1	0	0	0	0	0
setup	0	2019-11-19 23:00:00	ANGA	1	1	0	0	1	0	0	0	1	424	0.00477378	1	0	0	0	0	0
setup	0	2019-11-20 23:00:00	ANGA	1	1	0	0	1	0	0	0	1	424	0.00586251	1	0	0	0	0	0
setup	0	2019-11-21 23:00:00	ANGA	1	1	0	0	1	0	0	0	1	424	0.00716639	1	0	0	0	0	0
setup	0	2019-11-22 23:00:00	ANGA	1	1	0	0	1	0	0	0	1	424	0.0087199	1	0	0	0	0	0
setup	0	2019-11-23 23:00:00	ANGA	1	1	0	0	1	0	0	0	1	424	0.0105613	1	0	0	0	0	0
setup	0	2019-11-24 23:00:00	ANGA	1	1	0	0	1	0	0	0	1	424	0.0127327	1	0	0	0	0	0
setup	0	2019-11-25 23:00:00	ANGA	1	1	0	0	1	0	0	0	1	424	0.0152797	1	0	0	0	0	0
setup	0	2019-11-26 23:00:00	ANGA	1	1	0	0	1	0	0	0	1	424	0.0182519	1	0	0	0	0	0
setup	0	2019-11-27 23:00:00	ANGA	1	1	0	0	1	0	0	0	1	424	0.0217017	1	0	0	0	0	0
setup	0	2019-11-28 23:00:00	ANGA	1	1	0	0	1	0	0	0	1	424	0.0256848	1	0	0	0	0	0
setup	0	2019-11-29 23:00:00	ANGA	1	1	0	0	1	0	0	0	1	424	0.0302588	1	0	0	0	0	0
setup	0	2019-11-30 23:00:00	ANGA	1	1	0	0	1	0	0	0	1	424	0.0354833	1	0	0	0	0	0
setup	0	2019-12-01 23:00:00	ANGA	1	1	0	0	1	0	0	0	1	424	0.0414181	1	0	0	0	0	0
setup	0	2019-12-02 23:00:00	ANGA	1	1	0	0	1	0	0	0	1	424	0.048123	1	0	0	0	0	0
setup	0	2019-12-03 23:00:00	ANGA	1	1	0	0	1	0	0	0	1	424	0.0556556	1	0	0	0	0	0
setup	0	2019-12-04 23:00:00	ANGA	1	1	0	0	1	0	0	0	1	424	0.0640709	1	0	0	0	0	0
setup	0	2019-12-05 23:00:00	ANGA	1	1	0	0	1	0	0	0	1	424	0.0734188	1	0	0	0	0	0
setup	0	2019-12-06 23:00:00	ANGA	1	1	0	0	1	0	0	0	1	424	0.0837431	1	0	0	0	0	0
setup	0	2019-12-07 23:00:00	ANGA	1	1	0	0	1	0	0	0	1	424	0.0950793	1	0	0	0	0	0
setup	0	2019-12-08 23:00:00	ANGA	1	1	0	0	1	0	0	0	1	424	0.107453	1	0	0	0	0	0
setup	0	2019-12-09 23:00:00	ANGA	1	1	0	0	1	0	0	0	1	424	0.120877	1	0	0	0	0	0
setup	0	2019-12-10 23:00:00	ANGA	1	1	0	0	1	0	0	0	1	424	0.135353	1	0	0	0	0	0
setup	0	2019-12-11 23:00:00	ANGA	1	1	0	0	1	0	0	0	1	424	0.150863	1	0	0	0	0	0
setup	0	2019-12-12 23:00:00	ANGA	1	1	0	0	1	0	0	0	1	424	0.167377	1	0	0	0	0	0
setup	0	2019-12-13 23:00:00	ANGA	1	1	0	0	1	0	0	0	1	424	0.184843	1	0	0	0	0	0
setup	0	2019-12-14 23:00:00	ANGA	1	1	0	0	1	0	0	0	1	424	0.203191	1	0	0	0	0	0
setup	0	2019-12-15 23:00:00	ANGA	1	1	0	0	1	0	0	0	1	424	0.222332	1	0	0	0	0	0
setup	0	2019-12-16 23:00:00	ANGA	1	1	0	0	1	0	0	0	1	424	0.242155	1	0	0	0	0	0
setup	0	2019-12-17 23:00:00	ANGA	1	1	0	0	1	0	0	0	1	424	0.262531	1	0	0	0	0	0
setup	0	2019-12-18 23:00:00	ANGA	1	1	0	0	1	0	0	0	1	424	0.28331	1	0	0	0	0	0
setup	0	2019-12-19 23:00:00	ANGA	1	1	0	0	1	0	0	0	1	424	0.304326	1	0	0	0	0	0
setup	0	2019-12-20 23:00:00	ANGA	1	1	0	0	1	0	0	0	1	424	0.325396	1	0	0	0	0	0
setup	0	2019-12-21 23:00:00	ANGA	1	1	0	0	1	0	0	0	1	424	0.346321	1	0	0	0	0	0
setup	0	2019-12-22 23:00:00	ANGA	1	1	0	0	1	0	0	0	1	424	0.366894	1	0	0	0	0	0
setup	0	2019-12-23 23:00:00	ANGA	1	1	0	0	1	0	0	0	1	424	0.3869	1	0	0	0	0	0
setup	0	2019-12-24 23:00:00	ANGA	1	1	0	0	1	0	0	0	1	424	0.406116	1	0	0	0	0	0
setup	0	2019-12-25 23:00:00	ANGA	1	1	0	0	1	0	0	0	1	424	0.424324	1	0	0	0	0	0
setup	0	2019-12-26 23:00:00	ANGA	1	1	0	0	1	0	0	0	1	424	0.441306	1	0	0	0	0	0
setup	0	2019-12-27 23:00:00	ANGA	1	1	0	0	1	0	0	0	1	424	0.456854	1	0	0	0	0	0
setup	0	2019-12-28 23:00:00	ANGA	1	1	0	0	1	0	0	0	1	424	0.470771	1	0	0	0	0	0
setup	0	2019-12-29 23:00:00	ANGA	1	1	0	0	1	0	0	0	1	424	0.482877	1	0	0	0	0	0
setup	0	2019-12-30 23:00:00	ANGA	1	1	0	0	1	0	0	0	1	424	0.493014	1	0	0	0	0	0
setup	0	2019-12-31 23:00:00	ANGA	1	1	0	0	1	0	0	0	1	424	0.501045	1	0	0	0	0	0
setup	0	2020-01-01 23:00:00	ANGA	1	1	0	0	1	0	0	0	1	424	0.506861	1	0	0	0	0	0
setup	0	2020-01-02 23:00:00	ANGA	1	1	0	0	1	0	0	0	1	424	0.510384	1	0	0	0	0	0
setup	0	2020-01-03 23:00:00	ANGA	1	1	0	0	1	0	0	0	1	424	0.511563	1	0	0	0	0	0
setup	0	2020-01-04 23:00:00	ANGA	1	1	0	0	1	0	0	0	1	424	0.511563	1	0	0	0	0	0
setup	0	2020-01-05 23:00:00	ANGA	1	1	0	0	1	0	0	0	1	424	0.511563	1	0	0	0	0	0
setup	0	2020-01-06 23:00:00	ANGA	1	1	0	0	1	0	0	0	1	424	0.511563	1	0	0	0	0	0
setup	0	2020-01-07 23:00:00	ANGA	1	1	0	0	1	0	0	0	1	424	0.511563	1	0	0	0	0	0
setup	0	2020-01-08 23:00:00	ANGA	1	1	0	0	1	0	0	0	1	424	0.511563	1	0	0	0	0	0
setup	0	2020-01-09 23:00:00	ANGA	1	1	0	0	1	0	0	0	1	424	0.511563	1	0	0	0	0	0
setup	0	2020-01-10 23:00:00	ANGA	1	1	0	0	1	0	0	0	1	424	0.511563	1	0	0	0	0	0
setup	0	2020-01-11 23:00:00	ANGA	1	1	0	0	1	0	0	0	1	424	0.511563	1	0	0	0	0	0
setup	0	2020-01-12 23:00:00	ANGA	1	1	0	0	1	0	0	0	1	424	0.511563	1	0	0	0	0	0
setup	0	2020-01-13 23:00:00	ANGA	1	1	0	0	1	0	0	0	1	424	0.511563	1	0	0	0	0	0
setup	0	2020-01-14 23:00:00	ANGA	1	1	0	0	1	0	0	0	1	424	0.511563	1	0	0	0	0	0
setup	0	2020-01-15 23:00:00	ANGA	1	1	0	0	1	0	0	0	1	424	0.511563	1	0	0	0	0	0
setup	0	2020-01-16 23:00:00	ANGA	1	1	0	0	1	0	0	0	1	424	0.511563	1	0	0	0	0	0
setup	0	2020-01-17 23:00:00	ANGA	1	1	0	0	1	0	0	0	1	424	0.511563	1	0	0	0	0	0
setup	0	2020-01-18 23:00:00	ANGA	1	1	0	0	1	0	0	0	1	424	0.511563	1	0	0	0	0	0
setup	0	2020-01-19 23:00:00	ANGA	1	1	0	0	1	0	0	0	1	424	0.511563	1	0	0	0	0	0
setup	0	2020-01-20 23:00:00	ANGA	1	1	0	0	1	0	0	0	1	424	0.511563	1	0	0	0	0	0
setup	0	2020-01-21 23:00:00	ANGA	1	1	0	0	1	0	0	0	1	424	0.511563	1	0	0	0	0	0
setup	0	2020-01-22 23:00:00	ANGA	1	1	0	0	1	0	0	0	1	424	0.511563	1	0	0	0	0	0
setup	0	2020-01-23 23:00:00	ANGA	1	1	0	0	1	0	0	0	1	424	0.511563	1	0	0	0	0	0
setup	0	2020-01-24 23:00:00	ANGA	1	1	0	0	1	0	0	0	1	424	0.511563	1	0	0	0	0	0
setup	0	2020-01-25 23:00:00	ANGA	1	1	0	0	1	0	0	0	1	424	0.511563	1	0	0	0	0	0
setup	0	2020-01-26 23:00:00	ANGA	1	1	0	0	1	0	0	0	1	424	0.511563	1	0	0	0	0	0
setup	0	2020-01-27 23:00:00	ANGA	1	1	0	0	1	0	0	0	1	424	0.511563	1	0	0	0	0	0
setup	0	2020-01-28 23:00:00	ANGA	1	1	0	0	1	0	0	0	1	424	0.511563	1	0	0	0	0	0
setup	0	2020-01-29 23:00:00	ANGA	1	1	0	0	1	0	0	0	1	424	0.511563	1	0	0	0	0	0
setup	0	2020-01-30 23:00:00	ANGA	1	1	0	0	1	0	0	0	1	424	0.511563	1	0	0	0	0	0
setup	0	2020-01-31 23:00:00	ANGA	1	1	0	0	1	0	0	0	1	424	0.511563	1	0	0	0	0	0
setup	0	2020-02-01 23:00:00	ANGA	1	1	0	0	1	0	0	0	1	424	0.511563	1	0	0	0	0	0
setup	0	2020-02-02 23:00:00	ANGA	1	1	0	0	1	0	0	0	1	424	0.511563	1	0	0	0	0	0
setup	0	2020-02-03 23:00:00	ANGA	1	1	0	0	1	0	0	0	1	424	0.511563	1	0	0	0	0	0
setup	0	2020-02-04 23:00:00	ANGA	1	1	0	0	1	0	0	0	1	424	0.511563	1	0	0	0	0	0
setup	0	2020-02-05 23:00:00	ANGA	1	1	0	0	1	0	0	0	1	424	0.511563	1	0	0	0	0	0
setup	0	2020-02-06 23:00:00	ANGA	1	1	0	0	1	0	0	0	1	424	0.511563	1	0	0	0	0	0
setup	0	2020-02-07 23:00:00	ANGA	1	1	0	0	1	0	0	0	1	424	0.511563	1	0	0	0	0	0
setup	0	2020-02-08 23:00:00	ANGA	1	1	0	0	1	0	0	0	1	424	0.511563	1	0	0	0	0	0
setup	0	2020-02-09 23:00:00	ANGA	1	1	0	0	1	0	0	0	1	424	0.511563	1	0	0	0	0	0
setup	0	2020-02-10 23:00:00	ANGA	1	1	0	0	1	0	0	0	1	424	0.511563	1	0	0	0	0	0
setup	0	2020-02-11 23:00:00	ANGA	1	1	0	0	1	0	0	0	1	424	0.511563	1	0	0	0	0	0
setup	0	2020-02-12 23:00:00	ANGA	1	1	0	0	1	0	0	0	1	424	0.511563	1	0	0	0	0	0
setup	0	2020-02-13 23:00:00	ANGA	1	1	0	0	1	0	0	0	1	424	0.511563	1	0	0	0	0	0
setup	0	2020-02-14 23:00:00	ANGA	1	1	0	0	1	0	0	0	1	424	0.511563	1	0	0	0	0	0
setup	0	2020-02-15 23:00:00	ANGA	1	1	0	0	1	0	0	0	1	424	0.511563	1	0	0	0	0	0
setup	0	2020-02-16 23:00:00	ANGA	1	1	0	0	1	0	0	0	1	424	0.511563	1	0	0	0	0	0
setup	0	2020-02-17 23:00:00	ANGA	1	1	0	0	1	0	0	0	1	424	0.511563	1	0	0	0	0	0
setup	0	2020-02-18 23:00:00	ANGA	1	1	0	0	1	0	0	0	1	424	0.511563	1	0	0	0	0	0
setup	0	2020-02-19 23:00:00	ANGA	1	1	0	0	1	0	0	0	1	424	0.511563	1	0	0	0	0	0
setup	0	2020-02-20 23:00:00	ANGA	1	1	0	0	1	0	0	0	1	424	0.511563	1	0	0	0	0	0
setup	0	2020-02-21 23:00:00	ANGA	1	1	0	0	1	0	0	0	1	424	0.511563	1	0	0	0	0	0
setup	0	2020-02-22 23:00:00	ANGA	1	1	0	0	1	0	0	0	1	424	0.511278	1	0	0	0	0	0
setup	0	2020-02-23 23:00:00	ANGA	1	1	0	0	1	0	0	0	1	424	0.510949	1	0	0	0	0	0
setup	0	2020-02-24 23:00:00	ANGA	1	1	0	0	1	0	0	0	1	424	0.510567	1	0	0	0	0	0
setup	0	2020-02-25 23:00:00	ANGA	1	1	0	0	1	0	0	0	1	424	0.510127	1	0	0	0	0	0
setup	0	2020-02-26 23:00:00	ANGA	1	1	0	0	1	0	0	0	1	424	0.50962	1	0	0	0	0	0
setup	0	2020-02-27 23:00:00	ANGA	1	1	0	0	1	0	0	0	1	424	0.509039	1	0	0	0	0	0
setup	0	2020-02-28 23:00:00	ANGA	1	1	0	0	1	0	0	0	1	424	0.508374	1	0	0	0	0	0
setup	0	2020-02-29 23:00:00	ANGA	1	1	0	0	1	0	0	0	1	424	0.507615	1	0	0	0	0	0
setup	0	2020-03-01 23:00:00	ANGA	1	1	0	0	1	0	0	0	1	424	0.50675	1	0	0	0	0	0
setup	0	2020-03-02 23:00:00	ANGA	1	1	0	0	1	0	0	0	1	424	0.505767	1	0	0	0	0	0
setup	0	2020-03-03 23:00:00	ANGA	1	1	0	0	1	0	0	0	1	424	0.504655	1	0	0	0	0	0
setup	0	2020-03-04 23:00:00	ANGA	1	1	0	0	1	0	0	0	1	424	0.503398	1	0	0	0	0	0
setup	0	2020-03-05 23:00:00	ANGA	1	1	0	0	1	0	0	0	1	424	0.501982	1	0	0	0	0	0
setup	0	2020-03-06 23:00:00	ANGA	1	1	0	0	1	0	0	0	1	424	0.50039	1	0	0	0	0	0
setup	0	2020-03-07 23:00:00	ANGA	1	1	0	0	1	0	0	0	1	424	0.498606	1	0	0	0	0	0
setup	0	2020-03-08 23:00:00	ANGA	1	1	0	0	1	0	0	0	1	424	0.496613	1	0	0	0	0	0
setup	0	2020-03-09 23:00:00	ANGA	1	1	0	0	1	0	0	0	1	424	0.49439	1	0	0	0	0	0
setup	0	2020-03-10 23:00:00	ANGA	1	1	0	0	1	0	0	0	1	424	0.491919	1	0	0	0	0	0
setup	0	2020-03-11 23:00:00	ANGA	1	1	0	0	1	0	0	0	1	424	0.489179	1	0	0	0	0	0
setup	0	2020-03-12 23:00:00	ANGA	1	1	0	0	1	0	0	0	1	424	0.48615	1	0	0	0	0	0
setup	0	2020-03-13 23:00:00	ANGA	1	1	0	0	1	0	0	0	1	424	0.482809	1	0	0	0	0	0
setup	0	2020-03-14 23:00:00	ANGA	1	1	0	0	1	0	0	0	1	424	0.479136	1	0	0	0	0	0
setup	0	2020-03-15 23:00:00	ANGA	1	1	0	0	1	0	0	0	1	424	0.475108	1	0	0	0	0	0
setup	0	2020-03-16 23:00:00	ANGA	1	1	0	0	1	0	0	0	1	424	0.470703	1	0	0	0	0	0
setup	0	2020-03-17 23:00:00	ANGA	1	1	0	0	1	0	0	0	1	424	0.4659	1	0	0	0	0	0
setup	0	2020-03-18 23:00:00	ANGA	1	1	0	0	1	0	0	0	1	424	0.460677	1	0	0	0	0	0
setup	0	2020-03-19 23:00:00	ANGA	1	1	0	0	1	0	0	0	1	424	0.455014	1	0	0	0	0	0
setup	0	2020-03-20 23:00:00	ANGA	1	1	0	0	1	0	0	0	1	424	0.448891	1	0	0	0	0	0
setup	0	2020-03-21 23:00:00	ANGA	1	1	0	0	1	0	0	0	1	424	0.442292	1	0	0	0	0	0
setup	0	2020-03-22 23:00:00	ANGA	1	1	0	0	1	0	0	0	1	424	0.435198	1	0	0	0	0	0
setup	0	2020-03-23 23:00:00	ANGA	1	1	0	0	1	0	0	0	1	424	0.427596	1	0	0	0	0	0
setup	0	2020-03-24 23:00:00	ANGA	1	1	0	0	1	0	0	0	1	424	0.419474	1	0	0	0	0	0
setup	0	2020-03-25 23:00:00	ANGA	1	1	0	0	1	0	0	0	1	424	0.410822	1	0	0	0	0	0
setup	0	2020-03-26 23:00:00	ANGA	1	1	0	0	1	0	0	0	1	424	0.401634	1	0	0	0	0	0
setup	0	2020-03-27 23:00:00	ANGA	1	1	0	0	1	0	0	0	1	424	0.391907	1	0	0	0	0	0
setup	0	2020-03-28 23:00:00	ANGA	1	1	0	0	1	0	0	0	1	424	0.381643	1	0	0	0	0	0
setup	0	2020-03-29 23:00:00	ANGA	1	1	0	0	1	0	0	0	1	424	0.370844	1	0	0	0	0	0
setup	0	2020-03-30 23:00:00	ANGA	1	1	0	0	1	0	0	0	1	424	0.359522	1	0	0	0	0	0
setup	0	2020-03-31 23:00:00	ANGA	1	1	0	0	1	0	0	0	1	424	0.347689	1	0	0	0	0	0
setup	0	2020-04-01 23:00:00	ANGA	1	1	0	0	1	0	0	0	1	424	0.335364	1	0	0	0	0	0
setup	0	2020-04-02 23:00:00	ANGA	1	1	0	0	1	0	0	0	1	424	0.32257	1	0	0	0	0	0
setup	0	2020-04-03 23:00:00	ANGA	1	1	0	0	1	0	0	0	1	424	0.309336	1	0	0	0	0	0
setup	0	2020-04-04 23:00:00	ANGA	1	1	0	0	1	0	0	0	1	424	0.295697	1	0	0	0	0	0
setup	0	2020-04-05 23:00:00	ANGA	1	1	0	0	1	0	0	0	1	424	0.28169	1	0	0	0	0	0
setup	0	2020-04-06 23:00:00	ANGA	1	1	0	0	1	0	0	0	1	424	0.267361	1	0	0	0	0	0
setup	0	2020-04-07 23:00:00	ANGA	1	1	0	0	1	0	0	0	1	424	0.252759	1	0	0	0	0	0
setup	0	2020-04-08 23:00:00	ANGA	1	1	0	0	1	0	0	0	1	424	0.237939	1	0	0	0	0	0
setup	0	2020-04-09 23:00:00	ANGA	1	1	0	0	1	0	0	0	1	424	0.22296	1	0	0	0	0	0
setup	0	2020-04-10 23:00:00	ANGA	1	1	0	0	1	0	0	0	1	424	0.207885	1	0	0	0	0	0
setup	0	2020-04-11 23:00:00	ANGA	1	1	0	0	1	0	0	0	1	424	0.192782	1	0	0	0	0	0
setup	0	2020-04-12 23:00:00	ANGA	1	1	0	0	1	0	0	0	1	424	0.177724	1	0	0	0	0	0
setup	0	2020-04-13 23:00:00	ANGA	1	1	0	0	1	0	0	0	1	424	0.162784	1	0	0	0	0	0
setup	0	2020-04-14 23:00:00	ANGA	1	1	0	0	1	0	0	0	1	424	0.14804	1	0	0	0	0	0
setup	0	2020-04-15 23:00:00	ANGA	1	1	0	0	1	0	0	0	1	424	0.13357	1	0	0	0	0	0
setup	0	2020-04-16 23:00:00	ANGA	1	1	0	0	1	0	0	0	1	424	0.119455	1	0	0	0	0	0
setup	0	2020-04-17 23:00:00	ANGA	1	1	0	0	1	0	0	0	1	424	0.105776	1	0	0	0	0	0
setup	0	2020-04-18 23:00:00	ANGA	1	1	0	0	1	0	0	0	1	424	0.0926142	1	0	0	0	0	0
setup	0	2020-04-19 23:00:00	ANGA	1	1	0	0	1	0	0	0	1	424	0.080048	1	0	0	0	0	0
setup	0	2020-04-20 23:00:00	ANGA	1	1	0	0	1	0	0	0	1	424	0.0681557	1	0	0	0	0	0
setup	0	2020-04-21 23:00:00	ANGA	1	1	0	0	1	0	0	0	1	424	0.0570126	1	0	0	0	0	0
setup	0	2020-04-22 23:00:00	ANGA	1	1	0	0	1	0	0	0	1	424	0.0466905	1	0	0	0	0	0
setup	0	2020-04-23 23:00:00	ANGA	1	1	0	0	1	0	0	0	1	424	0.0372571	1	0	0	0	0	0
setup	0	2020-04-24 23:00:00	ANGA	1	1	0	0	1	0	0	0	1	424	0.0287752	1	0	0	0	0	0
setup	0	2020-04-25 23:00:00	ANGA	1	1	0	0	1	0	0	0	1	424	0.0213021	1	0	0	0	0	0
setup	0	2020-04-26 23:00:00	ANGA	1	1	0	0	1	0	0	0	1	424	0.0148887	1	0	0	0	0	0
setup	0	2020-04-27 23:00:00	ANGA	1	1	0	0	1	0	0	0	1	424	0.00957918	1	0	0	0	0	0
setup	0	2020-04-28 23:00:00	ANGA	1	1	0	0	1	0	0	0	1	424	0.00541049	1	0	0	0	0	0
setup	0	2020-04-29 23:00:00	ANGA	1	1	0	0	1	0	0	0	1	424	0.00241174	1	0	0	0	0	0
setup	0	2020-04-30 23:00:00	ANGA	1	1	0	0	1	0	0	0	1	424	0.000604001	1	0	0	0	0	0
setup	0	2020-05-01 23:00:00	ANGA	1	1	0	0	1	0	0	0	1	424	0	1	0	0	0	0	0
setup	0	2020-05-02 23:00:00	ANGA	1	1	0	0	1	0	0	0	1	424	0	1	0	0	0	0	0
setup	0	2020-05-03 23:00:00	ANGA	1	1	0	0	1	0	0	0	1	424	0	1	0	0	0	0	0
setup	0	2020-05-04 23:00:00	ANGA	1	1	0	0	1	0	0	0	1	424	0	1	0	0	0	0	0
setup	0	2020-05-05 23:00:00	ANGA	1	1	0	0	1	0	0	0	1	424	0	1	0	0	0	0	0
setup	0	2020-05-06 23:00:00	ANGA	1	1	0	0	1	0	0	0	1	424	0	1	0	0	0	0	0
setup	0	2020-05-07 23:00:00	ANGA	1	1	0	0	1	0	0	0	1	424	0	1	0	0	0	0	0
setup	0	2020-05-08 23:00:00	ANGA	1	1	0	0	1	0	0	0	1	424	0	1	0	0	0	0	0
setup	0	2020-05-09 23:00:00	ANGA	1	1	0	0	1	0	0	0	1	424	0	1	0	0	0	0	0
setup	0	2020-05-10 23:00:00	ANGA	1	1	0	0	1	0	0	0	1	424	0	1	0	0	0	0	0
setup	0	2020-05-11 23:00:00	ANGA	1	1	0	0	1	0	0	0	1	424	0	1	0	0	0	0	0
setup	0	2020-05-12 23:00:00	ANGA	1	1	0	0	1	0	0	0	1	424	0	1	0	0	0	0	0
setup	0	2020-05-13 23:00:00	ANGA	1	1	0	0	1	0	0	0	1	424	0	1	0	0	0	0	0
setup	0	2020-05-14 23:00:00	ANGA	1	1	0	0	1	0	0	0	1	424	0	1	0	0	0	0	0
setup	0	2020-05-15 23:00:00	ANGA	1	1	0	0	1	0	0	0	1	424	0	1	0	0	0	0	0
setup	0	2020-05-16 23:00:00	ANGA	1	1	0	0	1	0	0	0	1	424	0	1	0	0	0	0	0
setup	0	2020-05-17 23:00:00	ANGA	1	1	0	0	1	0	0	0	1	424	0	1	0	0	0	0	0
setup	0	2020-05-18 23:00:00	ANGA	1	1	0	0	1	0	0	0	1	424	0	1	0	0	0	0	0
setup	0	2020-05-19 23:00:00	ANGA	1	1	0	0	1	0	0	0	1	424	0	1	0	0	0	0	0
setup	0	2020-05-20 23:00:00	ANGA	1	1	0	0	1	0	0	0	1	424	0	1	0	0	0	0	0
setup	0	2020-05-21 23:00:00	ANGA	1	1	0	0	1	0	0	0	1	424	0	1	0	0	0	0	0
setup	0	2020-05-22 23:00:00	ANGA	1	1	0	0	1	0	0	0	1	424	0.00451539	1	0	0	0	0	0
setup	0	2020-05-23 23:00:00	ANGA	1	1	0	0	1	0	0	0	1	424	0.00570094	1	0	0	0	0	0
setup	0	2020-05-24 23:00:00	ANGA	1	1	0	0	1	0	0	0	1	424	0.00716462	1	0	0	0	0	0
setup	0	2020-05-25 23:00:00	ANGA	1	1	0	0	1	0	0	0	1	424	0.0089626	1	0	0	0	0	0
setup	0	2020-05-26 23:00:00	ANGA	1	1	0	0	1	0	0	0	1	424	0.0111602	1	0	0	0	0	0
setup	0	2020-05-27 23:00:00	ANGA	1	1	0	0	1	0	0	0	1	424	0.0138325	1	0	0	0	0	0
setup	0	2020-05-28 23:00:00	ANGA	1	1	0	0	1	0	0	0	1	424	0.0170659	1	0	0	0	0	0
setup	0	2020-05-29 23:00:00	ANGA	1	1	0	0	1	0	0	0	1	424	0.020958	1	0	0	0	0	0
setup	0	2020-05-30 23:00:00	ANGA	1	1	0	0	1	0	0	0	1	424	0.0256192	1	0	0	0	0	0
setup	0	2020-05-31 23:00:00	ANGA	1	1	0	0	1	0	0	0	1	424	0.0311729	1	0	0	0	0	0
setup	0	2020-06-01 23:00:00	ANGA	1	1	0	0	1	0	0	0	1	424	0.0377558	1	0	0	0	0	0
setup	0	2020-06-02 23:00:00	ANGA	1	1	0	0	1	0	0	0	1	424	0.0455182	1	0	0	0	0	0
setup	0	2020-06-03 23:00:00	ANGA	1	1	0	0	1	0	0	0	1	424	0.0546238	1	0	0	0	0	0
setup	0	2020-06-04 23:00:00	ANGA	1	1	0	0	1	0	0	0	1	424	0.0652489	1	0	0	0	0	0
setup	0	2020-06-05 23:00:00	ANGA	1	1	0	0	1	0	0	0	1	424	0.0775818	1	0	0	0	0	0
setup	0	2020-06-06 23:00:00	ANGA	1	1	0	0	1	0	0	0	1	424	0.0918209	1	0	0	0	0	0
setup	0	2020-06-07 23:00:00	ANGA	1	1	0	0	1	0	0	0	1	424	0.108173	1	0	0	0	0	0
setup	0	2020-06-08 23:00:00	ANGA	1	1	0	0	1	0	0	0	1	424	0.12685	1	0	0	0	0	0
setup	0	2020-06-09 23:00:00	ANGA	1	1	0	0	1	0	0	0	1	424	0.148066	1	0	0	0	0	0
setup	0	2020-06-10 23:00:00	ANGA	1	1	0	0	1	0	0	0	1	424	0.172035	1	0	0	0	0	0
setup	0	2020-06-11 23:00:00	ANGA	1	1	0	0	1	0	0	0	1	424	0.198964	1	0	0	0	0	0
setup	0	2020-06-12 23:00:00	ANGA	1	1	0	0	1	0	0	0	1	424	0.229048	1	0	0	0	0	0
setup	0	2020-06-13 23:00:00	ANGA	1	1	0	0	1	0	0	0	1	424	0.262466	1	0	0	0	0	0
setup	0	2020-06-14 23:00:00	ANGA	1	1	0	0	1	0	0	0	1	424	0.299374	1	0	0	0	0	0
setup	0	2020-06-15 23:00:00	ANGA	1	1	0	0	1	0	0	0	1	424	0.3399	1	0	0	0	0	0
setup	0	2020-06-16 23:00:00	ANGA	1	1	0	0	1	0	0	0	1	424	0.384135	1	0	0	0	0	0
setup	0	2020-06-17 23:00:00	ANGA	1	1	0	0	1	0	0	0	1	424	0.432126	1	0	0	0	0	0
setup	0	2020-06-18 23:00:00	ANGA	1	1	0	0	1	0	0	0	1	424	0.483874	1	0	0	0	0	0
setup	0	2020-06-19 23:00:00	ANGA	1	1	0	0	1	0	0	0	1	424	0.539323	1	0	0	0	0	0
setup	0	2020-06-20 23:00:00	ANGA	1	1	0	0	1	0	0	0	1	424	0.598358	1	0	0	0	0	0
setup	0	2020-06-21 23:00:00	ANGA	1	1	0	0	1	0	0	0	1	424	0.660797	1	0	0	0	0	0
setup	0	2020-06-22 23:00:00	ANGA	1	1	0	0	1	0	0	0	1	424	0.72639	1	0	0	0	0	0
setup	0	2020-06-23 23:00:00	ANGA	1	1	0	0	1	0	0	0	1	424	0.794816	1	0	0	0	0	0
setup	0	2020-06-24 23:00:00	ANGA	1	1	0	0	1	0	0	0	1	424	0.865683	1	0	0	0	0	0
setup	0	2020-06-25 23:00:00	ANGA	1	1	0	0	1	0	0	0	1	424	0.938525	1	0	0	0	0	0
setup	0	2020-06-26 23:00:00	ANGA	1	1	0	0	1	0	0	0	1	424	1.01281	1	0	0	0	0	0
setup	0	2020-06-27 23:00:00	ANGA	1	1	0	0	1	0	0	0	1	424	1.08794	1	0	0	0	0	0
setup	0	2020-06-28 23:00:00	ANGA	1	1	0	0	1	0	0	0	1	424	1.16326	1	0	0	0	0	0
setup	0	2020-06-29 23:00:00	ANGA	1	1	0	0	1	0	0	0	1	424	1.23807	1	0	0	0	0	0
setup	0	2020-06-30 23:00:00	ANGA	1	1	0	0	1	0	0	0	1	424	1.31162	1	0	0	0	0	0
setup	0	2020-07-01 23:00:00	ANGA	1	1	0	0	1	0	0	0	1	424	1.38313	1	0	0	0	0	0
setup	0	2020-07-02 23:00:00	ANGA	1	1	0	0	1	0	0	0	1	424	1.45183	1	0	0	0	0	0
setup	0	2020-07-03 23:00:00	ANGA	1	1	0	0	1	0	0	0	1	424	1.51692	1	0	0	0	0	0
setup	0	2020-07-04 23:00:00	ANGA	1	1	0	0	1	0	0	0	1	424	1.57763	1	0	0	0	0	0
setup	0	2020-07-05 23:00:00	ANGA	1	1	0	0	1	0	0	0	1	424	1.63321	1	0	0	0	0	0
setup	0	2020-07-06 23:00:00	ANGA	1	1	0	0	1	0	0	0	1	424	1.68297	1	0	0	0	0	0
setup	0	2020-07-07 23:00:00	ANGA	1	1	0	0	1	0	0	0	1	424	1.72625	1	0	0	0	0	0
setup	0	2020-07-08 23:00:00	ANGA	1	1	0	0	1	0	0	0	1	424	1.76248	1	0	0	0	0	0
setup	0	2020-07-09 23:00:00	ANGA	1	1	0	0	1	0	0	0	1	424	1.79021	1	0	0	0	0	0
setup	0	2020-07-10 23:00:00	ANGA	1	1	0	0	1	0	0	0	1	424	1.80985	1	0	0	0	0	0
setup	0	2020-07-11 23:00:00	ANGA	1	1	0	0	1	0	0	0	1	424	1.82109	1	0	0	0	0	0
setup	0	2020-07-12 23:00:00	ANGA	1	1	0	0	1	0	0	0	1	424	1.82374	1	0	0	0	0	0
setup	0	2020-07-13 23:00:00	ANGA	1	1	0	0	1	0	0	0	1	424	1.82193	1	0	0	0	0	0
setup	0	2020-07-14 23:00:00	ANGA	1	1	0	0	1	0	0	0	1	424	1.81985	1	0	0	0	0	0
setup	0	2020-07-15 23:00:00	ANGA	1	1	0	0	1	0	0	0	1	424	1.81747	1	0	0	0	0	0
setup	0	2020-07-16 23:00:00	ANGA	1	1	0	0	1	0	0	0	1	424	1.81476	1	0	0	0	0	0
setup	0	2020-07-17 23:00:00	ANGA	1	1	0	0	1	0	0	0	1	424	1.81166	1	0	0	0	0	0
setup	0	2020-07-18 23:00:00	ANGA	1	1	0	0	1	0	0	0	1	424	1.80815	1	0	0	0	0	0
setup	0	2020-07-19 23:00:00	ANGA	1	1	0	0	1	0	0	0	1	424	1.80417	1	0	0	0	0	0
setup	0	2020-07-20 23:00:00	ANGA	1	1	0	0	1	0	0	0	1	424	1.79968	1	0	0	0	0	0
setup	0	2020-07-21 23:00:00	ANGA	1	1	0	0	1	0	0	0	1	424	1.79462	1	0	0	0	0	0
setup	0	2020-07-22 23:00:00	ANGA	1	1	0	0	1	0	0	0	1	424	1.78893	1	0	0	0	0	0
setup	0	2020-07-23 23:00:00	ANGA	1	1	0	0	1	0	0	0	1	424	1.78255	1	0	0	0	0	0
setup	0	2020-07-24 23:00:00	ANGA	1	1	0	0	1	0	0	0	1	424	1.77542	1	0	0	0	0	0
setup	0	2020-07-25 23:00:00	ANGA	1	1	0	0	1	0	0	0	1	424	1.76748	1	0	0	0	0	0
setup	0	2020-07-26 23:00:00	ANGA	1	1	0	0	1	0	0	0	1	424	1.75864	1	0	0	0	0	0
setup	0	2020-07-27 23:00:00	ANGA	1	1	0	0	1	0	0	0	1	424	1.74885	1	0	0	0	0	0
setup	0	2020-07-28 23:00:00	ANGA	1	1	0	0	1	0	0	0	1	424	1.73802	1	0	0	0	0	0
setup	0	2020-07-29 23:00:00	ANGA	1	1	0	0	1	0	0	0	1	424	1.72607	1	0	0	0	0	0
setup	0	2020-07-30 23:00:00	ANGA	1	1	0	0	1	0	0	0	1	424	1.71294	1	0	0	0	0	0
setup	0	2020-07-31 23:00:00	ANGA	1	1	0	0	1	0	0	0	1	424	1.69854	1	0	0	0	0	0
setup	0	2020-08-01 23:00:00	ANGA	1	1	0	0	1	0	0	0	1	424	1.68279	1	0	0	0	0	0
setup	0	2020-08-02 23:00:00	ANGA	1	1	0	0	1	0	0	0	1	424	1.66562	1	0	0	0	0	0
setup	0	2020-08-03 23:00:00	ANGA	1	1	0	0	1	0	0	0	1	424	1.64695	1	0	0	0	0	0
setup	0	2020-08-04 23:00:00	ANGA	1	1	0	0	1	0	0	0	1	424	1.6267	1	0	0	0	0	0
setup	0	2020-08-05 23:00:00	ANGA	1	1	0	0	1	0	0	0	1	424	1.60482	1	0	0	0	0	0
setup	0	2020-08-06 23:00:00	ANGA	1	1	0	0	1	0	0	0	1	424	1.58122	1	0	0	0	0	0
setup	0	2020-08-07 23:00:00	ANGA	1	1	0	0	1	0	0	0	1	424	1.55586	1	0	0	0	0	0
setup	0	2020-08-08 23:00:00	ANGA	1	1	0	0	1	0	0	0	1	424	1.52868	1	0	0	0	0	0
setup	0	2020-08-09 23:00:00	ANGA	1	1	0	0	1	0	0	0	1	424	1.49965	1	0	0	0	0	0
setup	0	2020-08-10 23:00:00	ANGA	1	1	0	0	1	0	0	0	1	424	1.46872	1	0	0	0	0	0
setup	0	2020-08-11 23:00:00	ANGA	1	1	0	0	1	0	0	0	1	424	1.43587	1	0	0	0	0	0
setup	0	2020-08-12 23:00:00	ANGA	1	1	0	0	1	0	0	0	1	424	1.40109	1	0	0	0	0	0
setup	0	2020-08-13 23:00:00	ANGA	1	1	0	0	1	0	0	0	1	424	1.3644	1	0	0	0	0	0
setup	0	2020-08-14 23:00:00	ANGA	1	1	0	0	1	0	0	0	1	424	1.32579	1	0	0	0	0	0
setup	0	2020-08-15 23:00:00	ANGA	1	1	0	0	1	0	0	0	1	424	1.28531	1	0	0	0	0	0
setup	0	2020-08-16 23:00:00	ANGA	1	1	0	0	1	0	0	0	1	424	1.24301	1	0	0	0	0	0
setup	0	2020-08-17 23:00:00	ANGA	1	1	0	0	1	0	0	0	1	424	1.19895	1	0	0	0	0	0
setup	0	2020-08-18 23:00:00	ANGA	1	1	0	0	1	0	0	0	1	424	1.15321	1	0	0	0	0	0
setup	0	2020-08-19 23:00:00	ANGA	1	1	0	0	1	0	0	0	1	424	1.1059	1	0	0	0	0	0
setup	0	2020-08-20 23:00:00	ANGA	1	1	0	0	1	0	0	0	1	424	1.05714	1	0	0	0	0	0
setup	0	2020-08-21 23:00:00	ANGA	1	1	0	0	1	0	0	0	1	424	1.00706	1	0	0	0	0	0
setup	0	2020-08-22 23:00:00	ANGA	1	1	0	0	1	0	0	0	1	424	0.955834	1	0	0	0	0	0
setup	0	2020-08-23 23:00:00	ANGA	1	1	0	0	1	0	0	0	1	424	0.903631	1	0	0	0	0	0
setup	0	2020-08-24 23:00:00	ANGA	1	1	0	0	1	0	0	0	1	424	0.850647	1	0	0	0	0	0
setup	0	2020-08-25 23:00:00	ANGA	1	1	0	0	1	0	0	0	1	424	0.797095	1	0	0	0	0	0
setup	0	2020-08-26 23:00:00	ANGA	1	1	0	0	1	0	0	0	1	424	0.743202	1	0	0	0	0	0
setup	0	2020-08-27 23:00:00	ANGA	1	1	0	0	1	0	0	0	1	424	0.68921	1	0	0	0	0	0
setup	0	2020-08-28 23:00:00	ANGA	1	1	0	0	1	0	0	0	1	424	0.635375	1	0	0	0	0	0
setup	0	2020-08-29 23:00:00	ANGA	1	1	0	0	1	0	0	0	1	424	0.581963	1	0	0	0	0	0
setup	0	2020-08-30 23:00:00	ANGA	1	1	0	0	1	0	0	0	1	424	0.529251	1	0	0	0	0	0
setup	0	2020-08-31 23:00:00	ANGA	1	1	0	0	1	0	0	0	1	424	0.477521	1	0	0	0	0	0
setup	0	2020-09-01 23:00:00	ANGA	1	1	0	0	1	0	0	0	1	424	0.42706	1	0	0	0	0	0
setup	0	2020-09-02 23:00:00	ANGA	1	1	0	0	1	0	0	0	1	424	0.378158	1	0	0	0	0	0
setup	0	2020-09-03 23:00:00	ANGA	1	1	0	0	1	0	0	0	1	424	0.331102	1	0	0	0	0	0
setup	0	2020-09-04 23:00:00	ANGA	1	1	0	0	1	0	0	0	1	424	0.286177	1	0	0	0	0	0
setup	0	2020-09-05 23:00:00	ANGA	1	1	0	0	1	0	0	0	1	424	0.243661	1	0	0	0	0	0
setup	0	2020-09-06 23:00:00	ANGA	1	1	0	0	1	0	0	0	1	424	0.203824	1	0	0	0	0	0
setup	0	2020-09-07 23:00:00	ANGA	1	1	0	0	1	0	0	0	1	424	0.166922	1	0	0	0	0	0
setup	0	2020-09-08 23:00:00	ANGA	1	1	0	0	1	0	0	0	1	424	0.133197	1	0	0	0	0	0
setup	0	2020-09-09 23:00:00	ANGA	1	1	0	0	1	0	0	0	1	424	0.102873	1	0	0	0	0	0
setup	0	2020-09-10 23:00:00	ANGA	1	1	0	0	1	0	0	0	1	424	0.0761563	1	0	0	0	0	0
setup	0	2020-09-11 23:00:00	ANGA	1	1	0	0	1	0	0	0	1	424	0.053228	1	0	0	0	0	0
setup	0	2020-09-12 23:00:00	ANGA	1	1	0	0	1	0	0	0	1	424	0.0342462	1	0	0	0	0	0
setup	0	2020-09-13 23:00:00	ANGA	1	1	0	0	1	0	0	0	1	424	0.0193428	1	0	0	0	0	0
setup	0	2020-09-14 23:00:00	ANGA	1	1	0	0	1	0	0	0	1	424	0.00862214	1	0	0	0	0	0
setup	0	2020-09-15 23:00:00	ANGA	1	1	0	0	1	0	0	0	1	424	0.00215934	1	0	0	0	0	0
setup	0	2020-09-16 23:00:00	ANGA	1	1	0	0	1	0	0	0	1	424	0	1	0	0	0	0	0
setup	0	2020-09-17 23:00:00	ANGA	1	1	0	0	1	0	0	0	1	424	0	1	0	0	0	0	0
setup	0	2020-09-18 23:00:00	ANGA	1	1	0	0	1	0	0	0	1	424	0	1	0	0	0	0	0
setup	0	2020-09-19 23:00:00	ANGA	1	1	0	0	1	0	0	0	1	424	0	1	0	0	0	0	0
setup	0	2020-09-20 23:00:00	ANGA	1	1	0	0	1	0	0	0	1	424	0	1	0	0	0	0	0
setup	0	2020-09-21 23:00:00	ANGA	1	1	0	0	1	0	0	0	1	424	0	1	0	0	0	0	0
setup	0	2020-09-22 23:00:00	ANGA	1	1	0	0	1	0	0	0	1	424	0	1	0	0	0	0	0
setup	0	2020-09-23 23:00:00	ANGA	1	1	0	0	1	0	0	0	1	424	0	1	0	0	0	0	0
setup	0	2020-09-24 23:00:00	ANGA	1	1	0	0	1	0	0	0	1	424	0	1	0	0	0	0	0
setup	0	2020-09-25 23:00:00	ANGA	1	1	0	0	1	0	0	0	1	424	0	1	0	0	0	0	0
setup	0	2020-09-26 23:00:00	ANGA	1	1	0	0	1	0	0	0	1	424	0	1	0	0	0	0	0
setup	0	2020-09-27 23:00:00	ANGA	1	1	0	0	1	0	0	0	1	424	0	1	0	0	0	0	0
setup	0	2020-09-28 23:00:00	ANGA	1	1	0	0	1	0	0	0	1	424	0	1	0	0	0	0	0
setup	0	2020-09-29 23:00:00	ANGA	1	1	0	0	1	0	0	0	1	424	0	1	0	0	0	0	0
setup	0	2020-09-30 23:00:00	ANGA	1	1	0	0	1	0	0	0	1	424	0	1	0	0	0	0	0
setup	0	2020-10-01 23:00:00	ANGA	1	1	0	0	1	0	0	0	1	424	0	1	0	0	0	0	0
setup	0	2020-10-02 23:00:00	ANGA	1	1	0	0	1	0	0	0	1	424	0	1	0	0	0	0	0
setup	0	2020-10-03 23:00:00	ANGA	1	1	0	0	1	0	0	0	1	424	0	1	0	0	0	0	0
setup	0	2020-10-04 23:00:00	ANGA	1	1	0	0	1	0	0	0	1	424	0	1	0	0	0	0	0
setup	0	2020-10-05 23:00:00	ANGA	1	1	0	0	1	0	0	0	1	424	0	1	0	0	0	0	0
setup	0	2020-10-06 23:00:00	ANGA	1	1	0	0	1	0	0	0	1	424	0.00102982	1	0	0	0	0	0
setup	0	2020-10-07 23:00:00	ANGA	1	1	0	0	1	0	0	0	1	424	0.00130021	1	0	0	0	0	0
setup	0	2020-10-08 23:00:00	ANGA	1	1	0	0	1	0	0	0	1	424	0.00163403	1	0	0	0	0	0
setup	0	2020-10-09 23:00:00	ANGA	1	1	0	0	1	0	0	0	1	424	0.00204409	1	0	0	0	0	0
setup	0	2020-10-10 23:00:00	ANGA	1	1	0	0	1	0	0	0	1	424	0.00254528	1	0	0	0	0	0
setup	0	2020-10-11 23:00:00	ANGA	1	1	0	0	1	0	0	0	1	424	0.00315477	1	0	0	0	0	0
setup	0	2020-10-12 23:00:00	ANGA	1	1	0	0	1	0	0	0	1	424	0.00389219	1	0	0	0	0	0
setup	0	2020-10-13 23:00:00	ANGA	1	1	0	0	1	0	0	0	1	424	0.00477986	1	0	0	0	0	0
setup	0	2020-10-14 23:00:00	ANGA	1	1	0	0	1	0	0	0	1	424	0.00584294	1	0	0	0	0	0
setup	0	2020-10-15 23:00:00	ANGA	1	1	0	0	1	0	0	0	1	424	0.00710957	1	0	0	0	0	0
setup	0	2020-10-16 23:00:00	ANGA	1	1	0	0	1	0	0	0	1	424	0.00861092	1	0	0	0	0	0
setup	0	2020-10-17 23:00:00	ANGA	1	1	0	0	1	0	0	0	1	424	0.0103813	1	0	0	0	0	0
setup	0	2020-10-18 23:00:00	ANGA	1	1	0	0	1	0	0	0	1	424	0.012458	1	0	0	0	0	0
setup	0	2020-10-19 23:00:00	ANGA	1	1	0	0	1	0	0	0	1	424	0.0148812	1	0	0	0	0	0
setup	0	2020-10-20 23:00:00	ANGA	1	1	0	0	1	0	0	0	1	424	0.017694	1	0	0	0	0	0
setup	0	2020-10-21 23:00:00	ANGA	1	1	0	0	1	0	0	0	1	424	0.0209415	1	0	0	0	0	0
setup	0	2020-10-22 23:00:00	ANGA	1	1	0	0	1	0	0	0	1	424	0.0246708	1	0	0	0	0	0
setup	0	2020-10-23 23:00:00	ANGA	1	1	0	0	1	0	0	0	1	424	0.0289305	1	0	0	0	0	0
setup	0	2020-10-24 23:00:00	ANGA	1	1	0	0	1	0	0	0	1	424	0.0337693	1	0	0	0	0	0
setup	0	2020-10-25 23:00:00	ANGA	1	1	0	0	1	0	0	0	1	424	0.0392359	1	0	0	0	0	0
setup	0	2020-10-26 23:00:00	ANGA	1	1	0	0	1	0	0	0	1	424	0.0453775	1	0	0	0	0	0
setup	0	2020-10-27 23:00:00	ANGA	1	1	0	0	1	0	0	0	1	424	0.0522387	1	0	0	0	0	0
setup	0	2020-10-28 23:00:00	ANGA	1	1	0	0	1	0	0	0	1	424	0.0598603	1	0	0	0	0	0
setup	0	2020-10-29 23:00:00	ANGA	1	1	0	0	1	0	0	0	1	424	0.068278	1	0	0	0	0	0
setup	0	2020-10-30 23:00:00	ANGA	1	1	0	0	1	0	0	0	1	424	0.0775206	1	0	0	0	0	0
setup	0	2020-10-31 23:00:00	ANGA	1	1	0	0	1	0	0	0	1	424	0.0876091	1	0	0	0	0	0
setup	0	2020-11-01 23:00:00	ANGA	1	1	0	0	1	0	0	0	1	424	0.0985544	1	0	0	0	0	0
setup	0	2020-11-02 23:00:00	ANGA	1	1	0	0	1	0	0	0	1	424	0.110357	1	0	0	0	0	0
setup	0	2020-11-03 23:00:00	ANGA	1	1	0	0	1	0	0	0	1	424	0.123003	1	0	0	0	0	0
setup	0	2020-11-04 23:00:00	ANGA	1	1	0	0	1	0	0	0	1	424	0.136467	1	0	0	0	0	0
setup	0	2020-11-05 23:00:00	ANGA	1	1	0	0	1	0	0	0	1	424	0.150707	1	0	0	0	0	0
setup	0	2020-11-06 23:00:00	ANGA	1	1	0	0	1	0	0	0	1	424	0.165667	1	0	0	0	0	0
setup	0	2020-11-07 23:00:00	ANGA	1	1	0	0	1	0	0	0	1	424	0.181273	1	0	0	0	0	0
setup	0	2020-11-08 23:00:00	ANGA	1	1	0	0	1	0	0	0	1	424	0.197435	1	0	0	0	0	0
setup	0	2020-11-09 23:00:00	ANGA	1	1	0	0	1	0	0	0	1	424	0.214048	1	0	0	0	0	0
setup	0	2020-11-10 23:00:00	ANGA	1	1	0	0	1	0	0	0	1	424	0.23099	1	0	0	0	0	0
setup	0	2020-11-11 23:00:00	ANGA	1	1	0	0	1	0	0	0	1	424	0.248125	1	0	0	0	0	0
setup	0	2020-11-12 23:00:00	ANGA	1	1	0	0	1	0	0	0	1	424	0.265304	1	0	0	0	0	0
setup	0	2020-11-13 23:00:00	ANGA	1	1	0	0	1	0	0	0	1	424	0.282365	1	0	0	0	0	0
setup	0	2020-11-14 23:00:00	ANGA	1	1	0	0	1	0	0	0	1	424	0.299139	1	0	0	0	0	0
setup	0	2020-11-15 23:00:00	ANGA	1	1	0	0	1	0	0	0	1	424	0.315449	1	0	0	0	0	0
setup	0	2020-11-16 23:00:00	ANGA	1	1	0	0	1	0	0	0	1	424	0.331117	1	0	0	0	0	0
setup	0	2020-11-17 23:00:00	ANGA	1	1	0	0	1	0	0	0	1	424	0.345963	1	0	0	0	0	0
setup	0	2020-11-18 23:00:00	ANGA	1	1	0	0	1	0	0	0	1	424	0.359808	1	0	0	0	0	0
setup	0	2020-11-19 23:00:00	ANGA	1	1	0	0	1	0	0	0	1	424	0.372485	1	0	0	0	0	0
setup	0	2020-11-20 23:00:00	ANGA	1	1	0	0	1	0	0	0	1	424	0.383832	1	0	0	0	0	0
setup	0	2020-11-21 23:00:00	ANGA	1	1	0	0	1	0	0	0	1	424	0.393703	1	0	0	0	0	0
setup	0	2020-11-22 23:00:00	ANGA	1	1	0	0	1	0	0	0	1	424	0.401967	1	0	0	0	0	0
setup	0	2020-11-23 23:00:00	ANGA	1	1	0	0	1	0	0	0	1	424	0.408515	1	0	0	0	0	0
setup	0	2020-11-24 23:00:00	ANGA	1	1	0	0	1	0	0	0	1	424	0.413257	1	0	0	0	0	0
setup	0	2020-11-25 23:00:00	ANGA	1	1	0	0	1	0	0	0	1	424	0.416129	1	0	0	0	0	0
setup	0	2020-11-26 23:00:00	ANGA	1	1	0	0	1	0	0	0	1	424	0.417091	1	0	0	0	0	0
setup	0	2020-11-27 23:00:00	ANGA	1	1	0	0	1	0	0	0	1	424	0.417091	1	0	0	0	0	0
setup	0	2020-11-28 23:00:00	ANGA	1	1	0	0	1	0	0	0	1	424	0.417091	1	0	0	0	0	0
setup	0	2020-11-29 23:00:00	ANGA	1	1	0	0	1	0	0	0	1	424	0.417091	1	0	0	0	0	0
setup	0	2020-11-30 23:00:00	ANGA	1	1	0	0	1	0	0	0	1	424	0.417091	1	0	0	0	0	0
setup	0	2020-12-01 23:00:00	ANGA	1	1	0	0	1	0	0	0	1	424	0.417091	1	0	0	0	0	0
setup	0	2020-12-02 23:00:00	ANGA	1	1	0	0	1	0	0	0	1	424	0.417091	1	0	0	0	0	0
setup	0	2020-12-03 23:00:00	ANGA	1	1	0	0	1	0	0	0	1	424	0.417091	1	0	0	0	0	0
setup	0	2020-12-04 23:00:00	ANGA	1	1	0	0	1	0	0	0	1	424	0.417091	1	0	0	0	0	0
setup	0	2020-12-05 23:00:00	ANGA	1	1	0	0	1	0	0	0	1	424	0.417091	1	0	0	0	0	0
setup	0	2020-12-06 23:00:00	ANGA	1	1	0	0	1	0	0	0	1	424	0.417091	1	0	0	0	0	0
setup	0	2020-12-07 23:00:00	ANGA	1	1	0	0	1	0	0	0	1	424	0.417091	1	0	0	0	0	0
setup	0	2020-12-08 23:00:00	ANGA	1	1	0	0	1	0	0	0	1	424	0.417091	1	0	0	0	0	0
setup	0	2020-12-09 23:00:00	ANGA	1	1	0	0	1	0	0	0	1	424	0.417091	1	0	0	0	0	0
setup	0	2020-12-10 23:00:00	ANGA	1	1	0	0	1	0	0	0	1	424	0.417091	1	0	0	0	0	0
setup	0	2020-12-11 23:00:00	ANGA	1	1	0	0	1	0	0	0	1	424	0.417091	1	0	0	0	0	0
setup	0	2020-12-12 23:00:00	ANGA	1	1	0	0	1	0	0	0	1	424	0.417091	1	0	0	0	0	0
setup	0	2020-12-13 23:00:00	ANGA	1	1	0	0	1	0	0	0	1	424	0.417091	1	0	0	0	0	0
setup	0	2020-12-14 23:00:00	ANGA	1	1	0	0	1	0	0	0	1	424	0.417091	1	0	0	0	0	0
setup	0	2020-12-15 23:00:00	ANGA	1	1	0	0	1	0	0	0	1	424	0.417091	1	0	0	0	0	0
setup	0	2020-12-16 23:00:00	ANGA	1	1	0	0	1	0	0	0	1	424	0.417091	1	0	0	0	0	0
setup	0	2020-12-17 23:00:00	ANGA	1	1	0	0	1	0	0	0	1	424	0.417091	1	0	0	0	0	0
setup	0	2020-12-18 23:00:00	ANGA	1	1	0	0	1	0	0	0	1	424	0.417091	1	0	0	0	0	0
setup	0	2020-12-19 23:00:00	ANGA	1	1	0	0	1	0	0	0	1	424	0.417091	1	0	0	0	0	0
setup	0	2020-12-20 23:00:00	ANGA	1	1	0	0	1	0	0	0	1	424	0.417091	1	0	0	0	0	0
setup	0	2020-12-21 23:00:00	ANGA	1	1	0	0	1	0	0	0	1	424	0.417091	1	0	0	0	0	0
setup	0	2020-12-22 23:00:00	ANGA	1	1	0	0	1	0	0	0	1	424	0.417091	1	0	0	0	0	0
setup	0	2020-12-23 23:00:00	ANGA	1	1	0	0	1	0	0	0	1	424	0.417091	1	0	0	0	0	0
setup	0	2020-12-24 23:00:00	ANGA	1	1	0	0	1	0	0	0	1	424	0.417091	1	0	0	0	0	0
setup	0	2020-12-25 23:00:00	ANGA	1	1	0	0	1	0	0	0	1	424	0.417091	1	0	0	0	0	0
setup	0	2020-12-26 23:00:00	ANGA	1	1	0	0	1	0	0	0	1	424	0.417091	1	0	0	0	0	0
setup	0	2020-12-27 23:00:00	ANGA	1	1	0	0	1	0	0	0	1	424	0.417091	1	0	0	0	0	0
setup	0	2020-12-28 23:00:00	ANGA	1	1	0	0	1	0	0	0	1	424	0.417091	1	0	0	0	0	0
setup	0	2020-12-29 23:00:00	ANGA	1	1	0	0	1	0	0	0	1	424	0.417091	1	0	0	0	0	0
setup	0	2020-12-30 23:00:00	ANGA	1	1	0	0	1	0	0	0	1	424	0.417091	1	0	0	0	0	0
