source	id	datetime	species	area_cover[-]	area_fraction[-]	n_tree[ha-1]	vol_tree[m3ha-1]	h_max[m]	h_min[m]	diam_ground[m]	diam_breast[m]	depth[m]	sla[m2kg-1]	lai[-]	crown_diam_ratio[-]	sap_fol_ratio[-]	branch_fraction[-]	DW_stem_wood[kgm-2]	DW_branch_wood[kgm-2]	DW_root_wood[kgm-2]
setup	0	2019-01-01 23:00:00	ANGA	1	1	0	0	1.2	0	0	0	1.18	424	2.65	1	0	0	0	0	0
setup	0	2019-01-02 23:00:00	ANGA	1	1	0	0	1.2	0	0	0	1.18	424	2.65	1	0	0	0	0	0
setup	0	2019-01-03 23:00:00	ANGA	1	1	0	0	1.2	0	0	0	1.18	424	2.65	1	0	0	0	0	0
setup	0	2019-01-04 23:00:00	ANGA	1	1	0	0	1.2	0	0	0	1.18	424	2.65	1	0	0	0	0	0
setup	0	2019-01-05 23:00:00	ANGA	1	1	0	0	1.2	0	0	0	1.18	424	2.64853	1	0	0	0	0	0
setup	0	2019-01-06 23:00:00	ANGA	1	1	0	0	1.2	0	0	0	1.18	424	2.64682	1	0	0	0	0	0
setup	0	2019-01-07 23:00:00	ANGA	1	1	0	0	1.2	0	0	0	1.18	424	2.64484	1	0	0	0	0	0
setup	0	2019-01-08 23:00:00	ANGA	1	1	0	0	1.2	0	0	0	1.18	424	2.64256	1	0	0	0	0	0
setup	0	2019-01-09 23:00:00	ANGA	1	1	0	0	1.2	0	0	0	1.18	424	2.63994	1	0	0	0	0	0
setup	0	2019-01-10 23:00:00	ANGA	1	1	0	0	1.2	0	0	0	1.18	424	2.63693	1	0	0	0	0	0
setup	0	2019-01-11 23:00:00	ANGA	1	1	0	0	1.2	0	0	0	1.18	424	2.63348	1	0	0	0	0	0
setup	0	2019-01-12 23:00:00	ANGA	1	1	0	0	1.2	0	0	0	1.18	424	2.62955	1	0	0	0	0	0
setup	0	2019-01-13 23:00:00	ANGA	1	1	0	0	1.2	0	0	0	1.18	424	2.62507	1	0	0	0	0	0
setup	0	2019-01-14 23:00:00	ANGA	1	1	0	0	1.2	0	0	0	1.18	424	2.61998	1	0	0	0	0	0
setup	0	2019-01-15 23:00:00	ANGA	1	1	0	0	1.2	0	0	0	1.18	424	2.61421	1	0	0	0	0	0
setup	0	2019-01-16 23:00:00	ANGA	1	1	0	0	1.2	0	0	0	1.18	424	2.6077	1	0	0	0	0	0
setup	0	2019-01-17 23:00:00	ANGA	1	1	0	0	1.2	0	0	0	1.18	424	2.60037	1	0	0	0	0	0
setup	0	2019-01-18 23:00:00	ANGA	1	1	0	0	1.2	0	0	0	1.18	424	2.59212	1	0	0	0	0	0
setup	0	2019-01-19 23:00:00	ANGA	1	1	0	0	1.2	0	0	0	1.18	424	2.58288	1	0	0	0	0	0
setup	0	2019-01-20 23:00:00	ANGA	1	1	0	0	1.2	0	0	0	1.18	424	2.57255	1	0	0	0	0	0
setup	0	2019-01-21 23:00:00	ANGA	1	1	0	0	1.2	0	0	0	1.18	424	2.56104	1	0	0	0	0	0
setup	0	2019-01-22 23:00:00	ANGA	1	1	0	0	1.2	0	0	0	1.18	424	2.54824	1	0	0	0	0	0
setup	0	2019-01-23 23:00:00	ANGA	1	1	0	0	1.2	0	0	0	1.18	424	2.53405	1	0	0	0	0	0
setup	0	2019-01-24 23:00:00	ANGA	1	1	0	0	1.2	0	0	0	1.18	424	2.51835	1	0	0	0	0	0
setup	0	2019-01-25 23:00:00	ANGA	1	1	0	0	1.2	0	0	0	1.18	424	2.50105	1	0	0	0	0	0
setup	0	2019-01-26 23:00:00	ANGA	1	1	0	0	1.2	0	0	0	1.18	424	2.48202	1	0	0	0	0	0
setup	0	2019-01-27 23:00:00	ANGA	1	1	0	0	1.2	0	0	0	1.18	424	2.46115	1	0	0	0	0	0
setup	0	2019-01-28 23:00:00	ANGA	1	1	0	0	1.2	0	0	0	1.18	424	2.43834	1	0	0	0	0	0
setup	0	2019-01-29 23:00:00	ANGA	1	1	0	0	1.2	0	0	0	1.18	424	2.41345	1	0	0	0	0	0
setup	0	2019-01-30 23:00:00	ANGA	1	1	0	0	1.2	0	0	0	1.18	424	2.3864	1	0	0	0	0	0
setup	0	2019-01-31 23:00:00	ANGA	1	1	0	0	1.2	0	0	0	1.18	424	2.35706	1	0	0	0	0	0
setup	0	2019-02-01 23:00:00	ANGA	1	1	0	0	1.2	0	0	0	1.18	424	2.32535	1	0	0	0	0	0
setup	0	2019-02-02 23:00:00	ANGA	1	1	0	0	1.2	0	0	0	1.18	424	2.29116	1	0	0	0	0	0
setup	0	2019-02-03 23:00:00	ANGA	1	1	0	0	1.2	0	0	0	1.18	424	2.25441	1	0	0	0	0	0
setup	0	2019-02-04 23:00:00	ANGA	1	1	0	0	1.2	0	0	0	1.18	424	2.21503	1	0	0	0	0	0
setup	0	2019-02-05 23:00:00	ANGA	1	1	0	0	1.2	0	0	0	1.18	424	2.17296	1	0	0	0	0	0
setup	0	2019-02-06 23:00:00	ANGA	1	1	0	0	1.2	0	0	0	1.18	424	2.12814	1	0	0	0	0	0
setup	0	2019-02-07 23:00:00	ANGA	1	1	0	0	1.2	0	0	0	1.18	424	2.08055	1	0	0	0	0	0
setup	0	2019-02-08 23:00:00	ANGA	1	1	0	0	1.2	0	0	0	1.18	424	2.03016	1	0	0	0	0	0
setup	0	2019-02-09 23:00:00	ANGA	1	1	0	0	1.2	0	0	0	1.18	424	1.97699	1	0	0	0	0	0
setup	0	2019-02-10 23:00:00	ANGA	1	1	0	0	1.2	0	0	0	1.18	424	1.92105	1	0	0	0	0	0
setup	0	2019-02-11 23:00:00	ANGA	1	1	0	0	1.2	0	0	0	1.18	424	1.8624	1	0	0	0	0	0
setup	0	2019-02-12 23:00:00	ANGA	1	1	0	0	1.2	0	0	0	1.18	424	1.8011	1	0	0	0	0	0
setup	0	2019-02-13 23:00:00	ANGA	1	1	0	0	1.2	0	0	0	1.18	424	1.73725	1	0	0	0	0	0
setup	0	2019-02-14 23:00:00	ANGA	1	1	0	0	1.2	0	0	0	1.18	424	1.67098	1	0	0	0	0	0
setup	0	2019-02-15 23:00:00	ANGA	1	1	0	0	1.2	0	0	0	1.18	424	1.60243	1	0	0	0	0	0
setup	0	2019-02-16 23:00:00	ANGA	1	1	0	0	1.2	0	0	0	1.18	424	1.53177	1	0	0	0	0	0
setup	0	2019-02-17 23:00:00	ANGA	1	1	0	0	1.2	0	0	0	1.18	424	1.45921	1	0	0	0	0	0
setup	0	2019-02-18 23:00:00	ANGA	1	1	0	0	1.2	0	0	0	1.18	424	1.38499	1	0	0	0	0	0
setup	0	2019-02-19 23:00:00	ANGA	1	1	0	0	1.2	0	0	0	1.18	424	1.30934	1	0	0	0	0	0
setup	0	2019-02-20 23:00:00	ANGA	1	1	0	0	1.2	0	0	0	1.18	424	1.23257	1	0	0	0	0	0
setup	0	2019-02-21 23:00:00	ANGA	1	1	0	0	1.2	0	0	0	1.18	424	1.15498	1	0	0	0	0	0
setup	0	2019-02-22 23:00:00	ANGA	1	1	0	0	1.2	0	0	0	1.18	424	1.07689	1	0	0	0	0	0
setup	0	2019-02-23 23:00:00	ANGA	1	1	0	0	1.2	0	0	0	1.18	424	0.998652	1	0	0	0	0	0
setup	0	2019-02-24 23:00:00	ANGA	1	1	0	0	1.2	0	0	0	1.18	424	0.920646	1	0	0	0	0	0
setup	0	2019-02-25 23:00:00	ANGA	1	1	0	0	1.2	0	0	0	1.18	424	0.843254	1	0	0	0	0	0
setup	0	2019-02-26 23:00:00	ANGA	1	1	0	0	1.2	0	0	0	1.18	424	0.766875	1	0	0	0	0	0
setup	0	2019-02-27 23:00:00	ANGA	1	1	0	0	1.2	0	0	0	1.18	424	0.691919	1	0	0	0	0	0
setup	0	2019-02-28 23:00:00	ANGA	1	1	0	0	1.2	0	0	0	1.18	424	0.618802	1	0	0	0	0	0
setup	0	2019-03-01 23:00:00	ANGA	1	1	0	0	1.2	0	0	0	1.18	424	0.547943	1	0	0	0	0	0
setup	0	2019-03-02 23:00:00	ANGA	1	1	0	0	1.2	0	0	0	1.18	424	0.47976	1	0	0	0	0	0
setup	0	2019-03-03 23:00:00	ANGA	1	1	0	0	1.2	0	0	0	1.18	424	0.414665	1	0	0	0	0	0
setup	0	2019-03-04 23:00:00	ANGA	1	1	0	0	1.2	0	0	0	1.18	424	0.35306	1	0	0	0	0	0
setup	0	2019-03-05 23:00:00	ANGA	1	1	0	0	1.2	0	0	0	1.18	424	0.295337	1	0	0	0	0	0
setup	0	2019-03-06 23:00:00	ANGA	1	1	0	0	1.2	0	0	0	1.18	424	0.241866	1	0	0	0	0	0
setup	0	2019-03-07 23:00:00	ANGA	1	1	0	0	1.2	0	0	0	1.18	424	0.192999	1	0	0	0	0	0
setup	0	2019-03-08 23:00:00	ANGA	1	1	0	0	1.2	0	0	0	1.18	424	0.149062	1	0	0	0	0	0
setup	0	2019-03-09 23:00:00	ANGA	1	1	0	0	1.2	0	0	0	1.18	424	0.110349	1	0	0	0	0	0
setup	0	2019-03-10 23:00:00	ANGA	1	1	0	0	1.2	0	0	0	1.18	424	0.0771263	1	0	0	0	0	0
setup	0	2019-03-11 23:00:00	ANGA	1	1	0	0	1.2	0	0	0	1.18	424	0.0496221	1	0	0	0	0	0
setup	0	2019-03-12 23:00:00	ANGA	1	1	0	0	1.2	0	0	0	1.18	424	0.0280274	1	0	0	0	0	0
setup	0	2019-03-13 23:00:00	ANGA	1	1	0	0	1.2	0	0	0	1.18	424	0.0124933	1	0	0	0	0	0
setup	0	2019-03-14 23:00:00	ANGA	1	1	0	0	1.2	0	0	0	1.18	424	0.00312885	1	0	0	0	0	0
setup	0	2019-03-15 23:00:00	ANGA	1	1	0	0	1.2	0	0	0	1.18	424	0	1	0	0	0	0	0
setup	0	2019-03-16 23:00:00	ANGA	1	1	0	0	1.2	0	0	0	1.18	424	0	1	0	0	0	0	0
setup	0	2019-03-17 23:00:00	ANGA	1	1	0	0	1.2	0	0	0	1.18	424	0	1	0	0	0	0	0
setup	0	2019-03-18 23:00:00	ANGA	1	1	0	0	1.2	0	0	0	1.18	424	0	1	0	0	0	0	0
setup	0	2019-03-19 23:00:00	ANGA	1	1	0	0	1.2	0	0	0	1.18	424	0	1	0	0	0	0	0
setup	0	2019-03-20 23:00:00	ANGA	1	1	0	0	1.2	0	0	0	1.18	424	0	1	0	0	0	0	0
setup	0	2019-03-21 23:00:00	ANGA	1	1	0	0	1.2	0	0	0	1.18	424	0	1	0	0	0	0	0
setup	0	2019-03-22 23:00:00	ANGA	1	1	0	0	1.2	0	0	0	1.18	424	0	1	0	0	0	0	0
setup	0	2019-03-23 23:00:00	ANGA	1	1	0	0	1.2	0	0	0	1.18	424	0	1	0	0	0	0	0
setup	0	2019-03-24 23:00:00	ANGA	1	1	0	0	1.2	0	0	0	1.18	424	0	1	0	0	0	0	0
setup	0	2019-03-25 23:00:00	ANGA	1	1	0	0	1.2	0	0	0	1.18	424	0	1	0	0	0	0	0
setup	0	2019-03-26 23:00:00	ANGA	1	1	0	0	1.2	0	0	0	1.18	424	0	1	0	0	0	0	0
setup	0	2019-03-27 23:00:00	ANGA	1	1	0	0	1.2	0	0	0	1.18	424	0	1	0	0	0	0	0
setup	0	2019-03-28 23:00:00	ANGA	1	1	0	0	1.2	0	0	0	1.18	424	0	1	0	0	0	0	0
setup	0	2019-03-29 23:00:00	ANGA	1	1	0	0	1.2	0	0	0	1.18	424	0	1	0	0	0	0	0
setup	0	2019-03-30 23:00:00	ANGA	1	1	0	0	1.2	0	0	0	1.18	424	0	1	0	0	0	0	0
setup	0	2019-03-31 23:00:00	ANGA	1	1	0	0	1.2	0	0	0	1.18	424	0	1	0	0	0	0	0
setup	0	2019-04-01 23:00:00	ANGA	1	1	0	0	1.2	0	0	0	1.18	424	0.00169033	1	0	0	0	0	0
setup	0	2019-04-02 23:00:00	ANGA	1	1	0	0	1.2	0	0	0	1.18	424	0.00213414	1	0	0	0	0	0
setup	0	2019-04-03 23:00:00	ANGA	1	1	0	0	1.2	0	0	0	1.18	424	0.00268206	1	0	0	0	0	0
setup	0	2019-04-04 23:00:00	ANGA	1	1	0	0	1.2	0	0	0	1.18	424	0.00335514	1	0	0	0	0	0
setup	0	2019-04-05 23:00:00	ANGA	1	1	0	0	1.2	0	0	0	1.18	424	0.00417779	1	0	0	0	0	0
setup	0	2019-04-06 23:00:00	ANGA	1	1	0	0	1.2	0	0	0	1.18	424	0.00517819	1	0	0	0	0	0
setup	0	2019-04-07 23:00:00	ANGA	1	1	0	0	1.2	0	0	0	1.18	424	0.00638858	1	0	0	0	0	0
setup	0	2019-04-08 23:00:00	ANGA	1	1	0	0	1.2	0	0	0	1.18	424	0.00784559	1	0	0	0	0	0
setup	0	2019-04-09 23:00:00	ANGA	1	1	0	0	1.2	0	0	0	1.18	424	0.00959051	1	0	0	0	0	0
setup	0	2019-04-10 23:00:00	ANGA	1	1	0	0	1.2	0	0	0	1.18	424	0.0116695	1	0	0	0	0	0
setup	0	2019-04-11 23:00:00	ANGA	1	1	0	0	1.2	0	0	0	1.18	424	0.0141338	1	0	0	0	0	0
setup	0	2019-04-12 23:00:00	ANGA	1	1	0	0	1.2	0	0	0	1.18	424	0.0170397	1	0	0	0	0	0
setup	0	2019-04-13 23:00:00	ANGA	1	1	0	0	1.2	0	0	0	1.18	424	0.0204483	1	0	0	0	0	0
setup	0	2019-04-14 23:00:00	ANGA	1	1	0	0	1.2	0	0	0	1.18	424	0.0244258	1	0	0	0	0	0
setup	0	2019-04-15 23:00:00	ANGA	1	1	0	0	1.2	0	0	0	1.18	424	0.0290426	1	0	0	0	0	0
setup	0	2019-04-16 23:00:00	ANGA	1	1	0	0	1.2	0	0	0	1.18	424	0.034373	1	0	0	0	0	0
setup	0	2019-04-17 23:00:00	ANGA	1	1	0	0	1.2	0	0	0	1.18	424	0.0404943	1	0	0	0	0	0
setup	0	2019-04-18 23:00:00	ANGA	1	1	0	0	1.2	0	0	0	1.18	424	0.047486	1	0	0	0	0	0
setup	0	2019-04-19 23:00:00	ANGA	1	1	0	0	1.2	0	0	0	1.18	424	0.0554284	1	0	0	0	0	0
setup	0	2019-04-20 23:00:00	ANGA	1	1	0	0	1.2	0	0	0	1.18	424	0.0644012	1	0	0	0	0	0
setup	0	2019-04-21 23:00:00	ANGA	1	1	0	0	1.2	0	0	0	1.18	424	0.0744818	1	0	0	0	0	0
setup	0	2019-04-22 23:00:00	ANGA	1	1	0	0	1.2	0	0	0	1.18	424	0.0857437	1	0	0	0	0	0
setup	0	2019-04-23 23:00:00	ANGA	1	1	0	0	1.2	0	0	0	1.18	424	0.0982537	1	0	0	0	0	0
setup	0	2019-04-24 23:00:00	ANGA	1	1	0	0	1.2	0	0	0	1.18	424	0.11207	1	0	0	0	0	0
setup	0	2019-04-25 23:00:00	ANGA	1	1	0	0	1.2	0	0	0	1.18	424	0.127241	1	0	0	0	0	0
setup	0	2019-04-26 23:00:00	ANGA	1	1	0	0	1.2	0	0	0	1.18	424	0.1438	1	0	0	0	0	0
setup	0	2019-04-27 23:00:00	ANGA	1	1	0	0	1.2	0	0	0	1.18	424	0.161766	1	0	0	0	0	0
setup	0	2019-04-28 23:00:00	ANGA	1	1	0	0	1.2	0	0	0	1.18	424	0.181137	1	0	0	0	0	0
setup	0	2019-04-29 23:00:00	ANGA	1	1	0	0	1.2	0	0	0	1.18	424	0.201895	1	0	0	0	0	0
setup	0	2019-04-30 23:00:00	ANGA	1	1	0	0	1.2	0	0	0	1.18	424	0.223994	1	0	0	0	0	0
setup	0	2019-05-01 23:00:00	ANGA	1	1	0	0	1.2	0	0	0	1.18	424	0.247368	1	0	0	0	0	0
setup	0	2019-05-02 23:00:00	ANGA	1	1	0	0	1.2	0	0	0	1.18	424	0.271923	1	0	0	0	0	0
setup	0	2019-05-03 23:00:00	ANGA	1	1	0	0	1.2	0	0	0	1.18	424	0.297538	1	0	0	0	0	0
setup	0	2019-05-04 23:00:00	ANGA	1	1	0	0	1.2	0	0	0	1.18	424	0.324067	1	0	0	0	0	0
setup	0	2019-05-05 23:00:00	ANGA	1	1	0	0	1.2	0	0	0	1.18	424	0.351335	1	0	0	0	0	0
setup	0	2019-05-06 23:00:00	ANGA	1	1	0	0	1.2	0	0	0	1.18	424	0.379144	1	0	0	0	0	0
setup	0	2019-05-07 23:00:00	ANGA	1	1	0	0	1.2	0	0	0	1.18	424	0.407269	1	0	0	0	0	0
setup	0	2019-05-08 23:00:00	ANGA	1	1	0	0	1.2	0	0	0	1.18	424	0.435465	1	0	0	0	0	0
setup	0	2019-05-09 23:00:00	ANGA	1	1	0	0	1.2	0	0	0	1.18	424	0.463469	1	0	0	0	0	0
setup	0	2019-05-10 23:00:00	ANGA	1	1	0	0	1.2	0	0	0	1.18	424	0.491001	1	0	0	0	0	0
setup	0	2019-05-11 23:00:00	ANGA	1	1	0	0	1.2	0	0	0	1.18	424	0.517773	1	0	0	0	0	0
setup	0	2019-05-12 23:00:00	ANGA	1	1	0	0	1.2	0	0	0	1.18	424	0.54349	1	0	0	0	0	0
setup	0	2019-05-13 23:00:00	ANGA	1	1	0	0	1.2	0	0	0	1.18	424	0.567857	1	0	0	0	0	0
setup	0	2019-05-14 23:00:00	ANGA	1	1	0	0	1.2	0	0	0	1.18	424	0.590584	1	0	0	0	0	0
setup	0	2019-05-15 23:00:00	ANGA	1	1	0	0	1.2	0	0	0	1.18	424	0.611391	1	0	0	0	0	0
setup	0	2019-05-16 23:00:00	ANGA	1	1	0	0	1.2	0	0	0	1.18	424	0.630015	1	0	0	0	0	0
setup	0	2019-05-17 23:00:00	ANGA	1	1	0	0	1.2	0	0	0	1.18	424	0.629665	1	0	0	0	0	0
setup	0	2019-05-18 23:00:00	ANGA	1	1	0	0	1.2	0	0	0	1.18	424	0.64546	1	0	0	0	0	0
setup	0	2019-05-19 23:00:00	ANGA	1	1	0	0	1.2	0	0	0	1.18	424	0.658544	1	0	0	0	0	0
setup	0	2019-05-20 23:00:00	ANGA	1	1	0	0	1.2	0	0	0	1.18	424	0.668724	1	0	0	0	0	0
setup	0	2019-05-21 23:00:00	ANGA	1	1	0	0	1.2	0	0	0	1.18	424	0.675844	1	0	0	0	0	0
setup	0	2019-05-22 23:00:00	ANGA	1	1	0	0	1.2	0	0	0	1.18	424	0.675073	1	0	0	0	0	0
setup	0	2019-05-23 23:00:00	ANGA	1	1	0	0	1.2	0	0	0	1.18	424	0.674191	1	0	0	0	0	0
setup	0	2019-05-24 23:00:00	ANGA	1	1	0	0	1.2	0	0	0	1.18	424	0.677897	1	0	0	0	0	0
setup	0	2019-05-25 23:00:00	ANGA	1	1	0	0	1.2	0	0	0	1.18	424	0.67832	1	0	0	0	0	0
setup	0	2019-05-26 23:00:00	ANGA	1	1	0	0	1.2	0	0	0	1.18	424	0.677006	1	0	0	0	0	0
setup	0	2019-05-27 23:00:00	ANGA	1	1	0	0	1.2	0	0	0	1.18	424	0.675516	1	0	0	0	0	0
setup	0	2019-05-28 23:00:00	ANGA	1	1	0	0	1.2	0	0	0	1.18	424	0.673834	1	0	0	0	0	0
setup	0	2019-05-29 23:00:00	ANGA	1	1	0	0	1.2	0	0	0	1.18	424	0.671938	1	0	0	0	0	0
setup	0	2019-05-30 23:00:00	ANGA	1	1	0	0	1.2	0	0	0	1.18	424	0.669808	1	0	0	0	0	0
setup	0	2019-05-31 23:00:00	ANGA	1	1	0	0	1.2	0	0	0	1.18	424	0.66742	1	0	0	0	0	0
setup	0	2019-06-01 23:00:00	ANGA	1	1	0	0	1.2	0	0	0	1.18	424	0.664751	1	0	0	0	0	0
setup	0	2019-06-02 23:00:00	ANGA	1	1	0	0	1.2	0	0	0	1.18	424	0.661776	1	0	0	0	0	0
setup	0	2019-06-03 23:00:00	ANGA	1	1	0	0	1.2	0	0	0	1.18	424	0.658468	1	0	0	0	0	0
setup	0	2019-06-04 23:00:00	ANGA	1	1	0	0	1.2	0	0	0	1.18	424	0.654801	1	0	0	0	0	0
setup	0	2019-06-05 23:00:00	ANGA	1	1	0	0	1.2	0	0	0	1.18	424	0.650746	1	0	0	0	0	0
setup	0	2019-06-06 23:00:00	ANGA	1	1	0	0	1.2	0	0	0	1.18	424	0.646274	1	0	0	0	0	0
setup	0	2019-06-07 23:00:00	ANGA	1	1	0	0	1.2	0	0	0	1.18	424	0.641357	1	0	0	0	0	0
setup	0	2019-06-08 23:00:00	ANGA	1	1	0	0	1.2	0	0	0	1.18	424	0.635965	1	0	0	0	0	0
setup	0	2019-06-09 23:00:00	ANGA	1	1	0	0	1.2	0	0	0	1.18	424	0.630069	1	0	0	0	0	0
setup	0	2019-06-10 23:00:00	ANGA	1	1	0	0	1.2	0	0	0	1.18	424	0.62364	1	0	0	0	0	0
setup	0	2019-06-11 23:00:00	ANGA	1	1	0	0	1.2	0	0	0	1.18	424	0.616649	1	0	0	0	0	0
setup	0	2019-06-12 23:00:00	ANGA	1	1	0	0	1.2	0	0	0	1.18	424	0.609068	1	0	0	0	0	0
setup	0	2019-06-13 23:00:00	ANGA	1	1	0	0	1.2	0	0	0	1.18	424	0.600873	1	0	0	0	0	0
setup	0	2019-06-14 23:00:00	ANGA	1	1	0	0	1.2	0	0	0	1.18	424	0.592039	1	0	0	0	0	0
setup	0	2019-06-15 23:00:00	ANGA	1	1	0	0	1.2	0	0	0	1.18	424	0.582543	1	0	0	0	0	0
setup	0	2019-06-16 23:00:00	ANGA	1	1	0	0	1.2	0	0	0	1.18	424	0.572368	1	0	0	0	0	0
setup	0	2019-06-17 23:00:00	ANGA	1	1	0	0	1.2	0	0	0	1.18	424	0.561496	1	0	0	0	0	0
setup	0	2019-06-18 23:00:00	ANGA	1	1	0	0	1.2	0	0	0	1.18	424	0.549914	1	0	0	0	0	0
setup	0	2019-06-19 23:00:00	ANGA	1	1	0	0	1.2	0	0	0	1.18	424	0.537616	1	0	0	0	0	0
setup	0	2019-06-20 23:00:00	ANGA	1	1	0	0	1.2	0	0	0	1.18	424	0.524596	1	0	0	0	0	0
setup	0	2019-06-21 23:00:00	ANGA	1	1	0	0	1.2	0	0	0	1.18	424	0.510856	1	0	0	0	0	0
setup	0	2019-06-22 23:00:00	ANGA	1	1	0	0	1.2	0	0	0	1.18	424	0.496402	1	0	0	0	0	0
setup	0	2019-06-23 23:00:00	ANGA	1	1	0	0	1.2	0	0	0	1.18	424	0.481246	1	0	0	0	0	0
setup	0	2019-06-24 23:00:00	ANGA	1	1	0	0	1.2	0	0	0	1.18	424	0.465406	1	0	0	0	0	0
setup	0	2019-06-25 23:00:00	ANGA	1	1	0	0	1.2	0	0	0	1.18	424	0.448908	1	0	0	0	0	0
setup	0	2019-06-26 23:00:00	ANGA	1	1	0	0	1.2	0	0	0	1.18	424	0.431783	1	0	0	0	0	0
setup	0	2019-06-27 23:00:00	ANGA	1	1	0	0	1.2	0	0	0	1.18	424	0.414069	1	0	0	0	0	0
setup	0	2019-06-28 23:00:00	ANGA	1	1	0	0	1.2	0	0	0	1.18	424	0.395811	1	0	0	0	0	0
setup	0	2019-06-29 23:00:00	ANGA	1	1	0	0	1.2	0	0	0	1.18	424	0.377062	1	0	0	0	0	0
setup	0	2019-06-30 23:00:00	ANGA	1	1	0	0	1.2	0	0	0	1.18	424	0.357882	1	0	0	0	0	0
setup	0	2019-07-01 23:00:00	ANGA	1	1	0	0	1.2	0	0	0	1.18	424	0.338336	1	0	0	0	0	0
setup	0	2019-07-02 23:00:00	ANGA	1	1	0	0	1.2	0	0	0	1.18	424	0.318498	1	0	0	0	0	0
setup	0	2019-07-03 23:00:00	ANGA	1	1	0	0	1.2	0	0	0	1.18	424	0.298447	1	0	0	0	0	0
setup	0	2019-07-04 23:00:00	ANGA	1	1	0	0	1.2	0	0	0	1.18	424	0.278268	1	0	0	0	0	0
setup	0	2019-07-05 23:00:00	ANGA	1	1	0	0	1.2	0	0	0	1.18	424	0.258053	1	0	0	0	0	0
setup	0	2019-07-06 23:00:00	ANGA	1	1	0	0	1.2	0	0	0	1.18	424	0.237896	1	0	0	0	0	0
setup	0	2019-07-07 23:00:00	ANGA	1	1	0	0	1.2	0	0	0	1.18	424	0.217898	1	0	0	0	0	0
setup	0	2019-07-08 23:00:00	ANGA	1	1	0	0	1.2	0	0	0	1.18	424	0.198161	1	0	0	0	0	0
setup	0	2019-07-09 23:00:00	ANGA	1	1	0	0	1.2	0	0	0	1.18	424	0.178793	1	0	0	0	0	0
setup	0	2019-07-10 23:00:00	ANGA	1	1	0	0	1.2	0	0	0	1.18	424	0.159899	1	0	0	0	0	0
setup	0	2019-07-11 23:00:00	ANGA	1	1	0	0	1.2	0	0	0	1.18	424	0.141589	1	0	0	0	0	0
setup	0	2019-07-12 23:00:00	ANGA	1	1	0	0	1.2	0	0	0	1.18	424	0.123971	1	0	0	0	0	0
setup	0	2019-07-13 23:00:00	ANGA	1	1	0	0	1.2	0	0	0	1.18	424	0.10715	1	0	0	0	0	0
setup	0	2019-07-14 23:00:00	ANGA	1	1	0	0	1.2	0	0	0	1.18	424	0.0912312	1	0	0	0	0	0
setup	0	2019-07-15 23:00:00	ANGA	1	1	0	0	1.2	0	0	0	1.18	424	0.0763154	1	0	0	0	0	0
setup	0	2019-07-16 23:00:00	ANGA	1	1	0	0	1.2	0	0	0	1.18	424	0.0624986	1	0	0	0	0	0
setup	0	2019-07-17 23:00:00	ANGA	1	1	0	0	1.2	0	0	0	1.18	424	0.0498713	1	0	0	0	0	0
setup	0	2019-07-18 23:00:00	ANGA	1	1	0	0	1.2	0	0	0	1.18	424	0.0385177	1	0	0	0	0	0
setup	0	2019-07-19 23:00:00	ANGA	1	1	0	0	1.2	0	0	0	1.18	424	0.0285144	1	0	0	0	0	0
setup	0	2019-07-20 23:00:00	ANGA	1	1	0	0	1.2	0	0	0	1.18	424	0.0199295	1	0	0	0	0	0
setup	0	2019-07-21 23:00:00	ANGA	1	1	0	0	1.2	0	0	0	1.18	424	0.0128224	1	0	0	0	0	0
setup	0	2019-07-22 23:00:00	ANGA	1	1	0	0	1.2	0	0	0	1.18	424	0.00724232	1	0	0	0	0	0
setup	0	2019-07-23 23:00:00	ANGA	1	1	0	0	1.2	0	0	0	1.18	424	0.00322829	1	0	0	0	0	0
setup	0	2019-07-24 23:00:00	ANGA	1	1	0	0	1.2	0	0	0	1.18	424	0.000808499	1	0	0	0	0	0
setup	0	2019-07-25 23:00:00	ANGA	1	1	0	0	1.2	0	0	0	1.18	424	0	1	0	0	0	0	0
setup	0	2019-07-26 23:00:00	ANGA	1	1	0	0	1.2	0	0	0	1.18	424	0	1	0	0	0	0	0
setup	0	2019-07-27 23:00:00	ANGA	1	1	0	0	1.2	0	0	0	1.18	424	0	1	0	0	0	0	0
setup	0	2019-07-28 23:00:00	ANGA	1	1	0	0	1.2	0	0	0	1.18	424	0	1	0	0	0	0	0
setup	0	2019-07-29 23:00:00	ANGA	1	1	0	0	1.2	0	0	0	1.18	424	0	1	0	0	0	0	0
setup	0	2019-07-30 23:00:00	ANGA	1	1	0	0	1.2	0	0	0	1.18	424	0	1	0	0	0	0	0
setup	0	2019-07-31 23:00:00	ANGA	1	1	0	0	1.2	0	0	0	1.18	424	0	1	0	0	0	0	0
setup	0	2019-08-01 23:00:00	ANGA	1	1	0	0	1.2	0	0	0	1.18	424	0	1	0	0	0	0	0
setup	0	2019-08-02 23:00:00	ANGA	1	1	0	0	1.2	0	0	0	1.18	424	0	1	0	0	0	0	0
setup	0	2019-08-03 23:00:00	ANGA	1	1	0	0	1.2	0	0	0	1.18	424	0	1	0	0	0	0	0
setup	0	2019-08-04 23:00:00	ANGA	1	1	0	0	1.2	0	0	0	1.18	424	0	1	0	0	0	0	0
setup	0	2019-08-05 23:00:00	ANGA	1	1	0	0	1.2	0	0	0	1.18	424	0	1	0	0	0	0	0
setup	0	2019-08-06 23:00:00	ANGA	1	1	0	0	1.2	0	0	0	1.18	424	0	1	0	0	0	0	0
setup	0	2019-08-07 23:00:00	ANGA	1	1	0	0	1.2	0	0	0	1.18	424	0	1	0	0	0	0	0
setup	0	2019-08-08 23:00:00	ANGA	1	1	0	0	1.2	0	0	0	1.18	424	0	1	0	0	0	0	0
setup	0	2019-08-09 23:00:00	ANGA	1	1	0	0	1.2	0	0	0	1.18	424	0	1	0	0	0	0	0
setup	0	2019-08-10 23:00:00	ANGA	1	1	0	0	1.2	0	0	0	1.18	424	0	1	0	0	0	0	0
setup	0	2019-08-11 23:00:00	ANGA	1	1	0	0	1.2	0	0	0	1.18	424	0	1	0	0	0	0	0
setup	0	2019-08-12 23:00:00	ANGA	1	1	0	0	1.2	0	0	0	1.18	424	0	1	0	0	0	0	0
setup	0	2019-08-13 23:00:00	ANGA	1	1	0	0	1.2	0	0	0	1.18	424	0	1	0	0	0	0	0
setup	0	2019-08-14 23:00:00	ANGA	1	1	0	0	1.2	0	0	0	1.18	424	0	1	0	0	0	0	0
setup	0	2019-08-15 23:00:00	ANGA	1	1	0	0	1.2	0	0	0	1.18	424	0.0023712	1	0	0	0	0	0
setup	0	2019-08-16 23:00:00	ANGA	1	1	0	0	1.2	0	0	0	1.18	424	0.00299377	1	0	0	0	0	0
setup	0	2019-08-17 23:00:00	ANGA	1	1	0	0	1.2	0	0	0	1.18	424	0.0037624	1	0	0	0	0	0
setup	0	2019-08-18 23:00:00	ANGA	1	1	0	0	1.2	0	0	0	1.18	424	0.00470659	1	0	0	0	0	0
setup	0	2019-08-19 23:00:00	ANGA	1	1	0	0	1.2	0	0	0	1.18	424	0.00586061	1	0	0	0	0	0
setup	0	2019-08-20 23:00:00	ANGA	1	1	0	0	1.2	0	0	0	1.18	424	0.00726397	1	0	0	0	0	0
setup	0	2019-08-21 23:00:00	ANGA	1	1	0	0	1.2	0	0	0	1.18	424	0.0089619	1	0	0	0	0	0
setup	0	2019-08-22 23:00:00	ANGA	1	1	0	0	1.2	0	0	0	1.18	424	0.0110058	1	0	0	0	0	0
setup	0	2019-08-23 23:00:00	ANGA	1	1	0	0	1.2	0	0	0	1.18	424	0.0134536	1	0	0	0	0	0
setup	0	2019-08-24 23:00:00	ANGA	1	1	0	0	1.2	0	0	0	1.18	424	0.01637	1	0	0	0	0	0
setup	0	2019-08-25 23:00:00	ANGA	1	1	0	0	1.2	0	0	0	1.18	424	0.0198269	1	0	0	0	0	0
setup	0	2019-08-26 23:00:00	ANGA	1	1	0	0	1.2	0	0	0	1.18	424	0.0239033	1	0	0	0	0	0
setup	0	2019-08-27 23:00:00	ANGA	1	1	0	0	1.2	0	0	0	1.18	424	0.0286849	1	0	0	0	0	0
setup	0	2019-08-28 23:00:00	ANGA	1	1	0	0	1.2	0	0	0	1.18	424	0.0342646	1	0	0	0	0	0
setup	0	2019-08-29 23:00:00	ANGA	1	1	0	0	1.2	0	0	0	1.18	424	0.040741	1	0	0	0	0	0
setup	0	2019-08-30 23:00:00	ANGA	1	1	0	0	1.2	0	0	0	1.18	424	0.0482185	1	0	0	0	0	0
setup	0	2019-08-31 23:00:00	ANGA	1	1	0	0	1.2	0	0	0	1.18	424	0.0568054	1	0	0	0	0	0
setup	0	2019-09-01 23:00:00	ANGA	1	1	0	0	1.2	0	0	0	1.18	424	0.0666134	1	0	0	0	0	0
setup	0	2019-09-02 23:00:00	ANGA	1	1	0	0	1.2	0	0	0	1.18	424	0.077755	1	0	0	0	0	0
setup	0	2019-09-03 23:00:00	ANGA	1	1	0	0	1.2	0	0	0	1.18	424	0.090342	1	0	0	0	0	0
setup	0	2019-09-04 23:00:00	ANGA	1	1	0	0	1.2	0	0	0	1.18	424	0.104483	1	0	0	0	0	0
setup	0	2019-09-05 23:00:00	ANGA	1	1	0	0	1.2	0	0	0	1.18	424	0.120281	1	0	0	0	0	0
setup	0	2019-09-06 23:00:00	ANGA	1	1	0	0	1.2	0	0	0	1.18	424	0.13783	1	0	0	0	0	0
setup	0	2019-09-07 23:00:00	ANGA	1	1	0	0	1.2	0	0	0	1.18	424	0.157212	1	0	0	0	0	0
setup	0	2019-09-08 23:00:00	ANGA	1	1	0	0	1.2	0	0	0	1.18	424	0.178494	1	0	0	0	0	0
setup	0	2019-09-09 23:00:00	ANGA	1	1	0	0	1.2	0	0	0	1.18	424	0.201723	1	0	0	0	0	0
setup	0	2019-09-10 23:00:00	ANGA	1	1	0	0	1.2	0	0	0	1.18	424	0.226925	1	0	0	0	0	0
setup	0	2019-09-11 23:00:00	ANGA	1	1	0	0	1.2	0	0	0	1.18	424	0.2541	1	0	0	0	0	0
setup	0	2019-09-12 23:00:00	ANGA	1	1	0	0	1.2	0	0	0	1.18	424	0.283218	1	0	0	0	0	0
setup	0	2019-09-13 23:00:00	ANGA	1	1	0	0	1.2	0	0	0	1.18	424	0.314219	1	0	0	0	0	0
setup	0	2019-09-14 23:00:00	ANGA	1	1	0	0	1.2	0	0	0	1.18	424	0.347008	1	0	0	0	0	0
setup	0	2019-09-15 23:00:00	ANGA	1	1	0	0	1.2	0	0	0	1.18	424	0.381454	1	0	0	0	0	0
setup	0	2019-09-16 23:00:00	ANGA	1	1	0	0	1.2	0	0	0	1.18	424	0.417387	1	0	0	0	0	0
setup	0	2019-09-17 23:00:00	ANGA	1	1	0	0	1.2	0	0	0	1.18	424	0.454602	1	0	0	0	0	0
setup	0	2019-09-18 23:00:00	ANGA	1	1	0	0	1.2	0	0	0	1.18	424	0.492854	1	0	0	0	0	0
setup	0	2019-09-19 23:00:00	ANGA	1	1	0	0	1.2	0	0	0	1.18	424	0.492854	1	0	0	0	0	0
setup	0	2019-09-20 23:00:00	ANGA	1	1	0	0	1.2	0	0	0	1.18	424	0.492854	1	0	0	0	0	0
setup	0	2019-09-21 23:00:00	ANGA	1	1	0	0	1.2	0	0	0	1.18	424	0.492854	1	0	0	0	0	0
setup	0	2019-09-22 23:00:00	ANGA	1	1	0	0	1.2	0	0	0	1.18	424	0.492854	1	0	0	0	0	0
setup	0	2019-09-23 23:00:00	ANGA	1	1	0	0	1.2	0	0	0	1.18	424	0.492854	1	0	0	0	0	0
setup	0	2019-09-24 23:00:00	ANGA	1	1	0	0	1.2	0	0	0	1.18	424	0.492854	1	0	0	0	0	0
setup	0	2019-09-25 23:00:00	ANGA	1	1	0	0	1.2	0	0	0	1.18	424	0.492854	1	0	0	0	0	0
setup	0	2019-09-26 23:00:00	ANGA	1	1	0	0	1.2	0	0	0	1.18	424	0.492854	1	0	0	0	0	0
setup	0	2019-09-27 23:00:00	ANGA	1	1	0	0	1.2	0	0	0	1.18	424	0.531863	1	0	0	0	0	0
setup	0	2019-09-28 23:00:00	ANGA	1	1	0	0	1.2	0	0	0	1.18	424	0.571317	1	0	0	0	0	0
setup	0	2019-09-29 23:00:00	ANGA	1	1	0	0	1.2	0	0	0	1.18	424	0.610871	1	0	0	0	0	0
setup	0	2019-09-30 23:00:00	ANGA	1	1	0	0	1.2	0	0	0	1.18	424	0.610871	1	0	0	0	0	0
setup	0	2019-10-01 23:00:00	ANGA	1	1	0	0	1.2	0	0	0	1.18	424	0.610871	1	0	0	0	0	0
setup	0	2019-10-02 23:00:00	ANGA	1	1	0	0	1.2	0	0	0	1.18	424	0.650154	1	0	0	0	0	0
setup	0	2019-10-03 23:00:00	ANGA	1	1	0	0	1.2	0	0	0	1.18	424	0.688777	1	0	0	0	0	0
setup	0	2019-10-04 23:00:00	ANGA	1	1	0	0	1.2	0	0	0	1.18	424	0.726333	1	0	0	0	0	0
setup	0	2019-10-05 23:00:00	ANGA	1	1	0	0	1.2	0	0	0	1.18	424	0.762409	1	0	0	0	0	0
setup	0	2019-10-06 23:00:00	ANGA	1	1	0	0	1.2	0	0	0	1.18	424	0.796591	1	0	0	0	0	0
setup	0	2019-10-07 23:00:00	ANGA	1	1	0	0	1.2	0	0	0	1.18	424	0.828472	1	0	0	0	0	0
setup	0	2019-10-08 23:00:00	ANGA	1	1	0	0	1.2	0	0	0	1.18	424	0.857659	1	0	0	0	0	0
setup	0	2019-10-09 23:00:00	ANGA	1	1	0	0	1.2	0	0	0	1.18	424	0.883786	1	0	0	0	0	0
setup	0	2019-10-10 23:00:00	ANGA	1	1	0	0	1.2	0	0	0	1.18	424	0.906514	1	0	0	0	0	0
setup	0	2019-10-11 23:00:00	ANGA	1	1	0	0	1.2	0	0	0	1.18	424	0.925544	1	0	0	0	0	0
setup	0	2019-10-12 23:00:00	ANGA	1	1	0	0	1.2	0	0	0	1.18	424	0.94062	1	0	0	0	0	0
setup	0	2019-10-13 23:00:00	ANGA	1	1	0	0	1.2	0	0	0	1.18	424	0.951539	1	0	0	0	0	0
setup	0	2019-10-14 23:00:00	ANGA	1	1	0	0	1.2	0	0	0	1.18	424	0.958152	1	0	0	0	0	0
setup	0	2019-10-15 23:00:00	ANGA	1	1	0	0	1.2	0	0	0	1.18	424	0.960366	1	0	0	0	0	0
setup	0	2019-10-16 23:00:00	ANGA	1	1	0	0	1.2	0	0	0	1.18	424	0.960366	1	0	0	0	0	0
setup	0	2019-10-17 23:00:00	ANGA	1	1	0	0	1.2	0	0	0	1.18	424	0.960366	1	0	0	0	0	0
setup	0	2019-10-18 23:00:00	ANGA	1	1	0	0	1.2	0	0	0	1.18	424	0.960366	1	0	0	0	0	0
setup	0	2019-10-19 23:00:00	ANGA	1	1	0	0	1.2	0	0	0	1.18	424	0.960366	1	0	0	0	0	0
setup	0	2019-10-20 23:00:00	ANGA	1	1	0	0	1.2	0	0	0	1.18	424	0.960366	1	0	0	0	0	0
setup	0	2019-10-21 23:00:00	ANGA	1	1	0	0	1.2	0	0	0	1.18	424	0.960366	1	0	0	0	0	0
setup	0	2019-10-22 23:00:00	ANGA	1	1	0	0	1.2	0	0	0	1.18	424	0.960366	1	0	0	0	0	0
setup	0	2019-10-23 23:00:00	ANGA	1	1	0	0	1.2	0	0	0	1.18	424	0.959832	1	0	0	0	0	0
setup	0	2019-10-24 23:00:00	ANGA	1	1	0	0	1.2	0	0	0	1.18	424	0.959212	1	0	0	0	0	0
setup	0	2019-10-25 23:00:00	ANGA	1	1	0	0	1.2	0	0	0	1.18	424	0.958496	1	0	0	0	0	0
setup	0	2019-10-26 23:00:00	ANGA	1	1	0	0	1.2	0	0	0	1.18	424	0.95767	1	0	0	0	0	0
setup	0	2019-10-27 23:00:00	ANGA	1	1	0	0	1.2	0	0	0	1.18	424	0.956719	1	0	0	0	0	0
setup	0	2019-10-28 23:00:00	ANGA	1	1	0	0	1.2	0	0	0	1.18	424	0.955628	1	0	0	0	0	0
setup	0	2019-10-29 23:00:00	ANGA	1	1	0	0	1.2	0	0	0	1.18	424	0.954379	1	0	0	0	0	0
setup	0	2019-10-30 23:00:00	ANGA	1	1	0	0	1.2	0	0	0	1.18	424	0.952953	1	0	0	0	0	0
setup	0	2019-10-31 23:00:00	ANGA	1	1	0	0	1.2	0	0	0	1.18	424	0.95133	1	0	0	0	0	0
setup	0	2019-11-01 23:00:00	ANGA	1	1	0	0	1.2	0	0	0	1.18	424	0.949486	1	0	0	0	0	0
setup	0	2019-11-02 23:00:00	ANGA	1	1	0	0	1.2	0	0	0	1.18	424	0.947397	1	0	0	0	0	0
setup	0	2019-11-03 23:00:00	ANGA	1	1	0	0	1.2	0	0	0	1.18	424	0.945038	1	0	0	0	0	0
setup	0	2019-11-04 23:00:00	ANGA	1	1	0	0	1.2	0	0	0	1.18	424	0.942379	1	0	0	0	0	0
setup	0	2019-11-05 23:00:00	ANGA	1	1	0	0	1.2	0	0	0	1.18	424	0.939391	1	0	0	0	0	0
setup	0	2019-11-06 23:00:00	ANGA	1	1	0	0	1.2	0	0	0	1.18	424	0.936042	1	0	0	0	0	0
setup	0	2019-11-07 23:00:00	ANGA	1	1	0	0	1.2	0	0	0	1.18	424	0.932299	1	0	0	0	0	0
setup	0	2019-11-08 23:00:00	ANGA	1	1	0	0	1.2	0	0	0	1.18	424	0.928127	1	0	0	0	0	0
setup	0	2019-11-09 23:00:00	ANGA	1	1	0	0	1.2	0	0	0	1.18	424	0.923488	1	0	0	0	0	0
setup	0	2019-11-10 23:00:00	ANGA	1	1	0	0	1.2	0	0	0	1.18	424	0.918344	1	0	0	0	0	0
setup	0	2019-11-11 23:00:00	ANGA	1	1	0	0	1.2	0	0	0	1.18	424	0.912657	1	0	0	0	0	0
setup	0	2019-11-12 23:00:00	ANGA	1	1	0	0	1.2	0	0	0	1.18	424	0.906386	1	0	0	0	0	0
setup	0	2019-11-13 23:00:00	ANGA	1	1	0	0	1.2	0	0	0	1.18	424	0.89949	1	0	0	0	0	0
setup	0	2019-11-14 23:00:00	ANGA	1	1	0	0	1.2	0	0	0	1.18	424	0.891928	1	0	0	0	0	0
setup	0	2019-11-15 23:00:00	ANGA	1	1	0	0	1.2	0	0	0	1.18	424	0.883659	1	0	0	0	0	0
setup	0	2019-11-16 23:00:00	ANGA	1	1	0	0	1.2	0	0	0	1.18	424	0.874641	1	0	0	0	0	0
setup	0	2019-11-17 23:00:00	ANGA	1	1	0	0	1.2	0	0	0	1.18	424	0.864836	1	0	0	0	0	0
setup	0	2019-11-18 23:00:00	ANGA	1	1	0	0	1.2	0	0	0	1.18	424	0.854205	1	0	0	0	0	0
setup	0	2019-11-19 23:00:00	ANGA	1	1	0	0	1.2	0	0	0	1.18	424	0.842712	1	0	0	0	0	0
setup	0	2019-11-20 23:00:00	ANGA	1	1	0	0	1.2	0	0	0	1.18	424	0.830322	1	0	0	0	0	0
setup	0	2019-11-21 23:00:00	ANGA	1	1	0	0	1.2	0	0	0	1.18	424	0.817005	1	0	0	0	0	0
setup	0	2019-11-22 23:00:00	ANGA	1	1	0	0	1.2	0	0	0	1.18	424	0.802733	1	0	0	0	0	0
setup	0	2019-11-23 23:00:00	ANGA	1	1	0	0	1.2	0	0	0	1.18	424	0.787485	1	0	0	0	0	0
setup	0	2019-11-24 23:00:00	ANGA	1	1	0	0	1.2	0	0	0	1.18	424	0.771243	1	0	0	0	0	0
setup	0	2019-11-25 23:00:00	ANGA	1	1	0	0	1.2	0	0	0	1.18	424	0.753995	1	0	0	0	0	0
setup	0	2019-11-26 23:00:00	ANGA	1	1	0	0	1.2	0	0	0	1.18	424	0.735735	1	0	0	0	0	0
setup	0	2019-11-27 23:00:00	ANGA	1	1	0	0	1.2	0	0	0	1.18	424	0.716464	1	0	0	0	0	0
setup	0	2019-11-28 23:00:00	ANGA	1	1	0	0	1.2	0	0	0	1.18	424	0.696192	1	0	0	0	0	0
setup	0	2019-11-29 23:00:00	ANGA	1	1	0	0	1.2	0	0	0	1.18	424	0.674937	1	0	0	0	0	0
setup	0	2019-11-30 23:00:00	ANGA	1	1	0	0	1.2	0	0	0	1.18	424	0.652722	1	0	0	0	0	0
setup	0	2019-12-01 23:00:00	ANGA	1	1	0	0	1.2	0	0	0	1.18	424	0.629584	1	0	0	0	0	0
setup	0	2019-12-02 23:00:00	ANGA	1	1	0	0	1.2	0	0	0	1.18	424	0.605566	1	0	0	0	0	0
setup	0	2019-12-03 23:00:00	ANGA	1	1	0	0	1.2	0	0	0	1.18	424	0.580723	1	0	0	0	0	0
setup	0	2019-12-04 23:00:00	ANGA	1	1	0	0	1.2	0	0	0	1.18	424	0.555117	1	0	0	0	0	0
setup	0	2019-12-05 23:00:00	ANGA	1	1	0	0	1.2	0	0	0	1.18	424	0.528822	1	0	0	0	0	0
setup	0	2019-12-06 23:00:00	ANGA	1	1	0	0	1.2	0	0	0	1.18	424	0.501922	1	0	0	0	0	0
setup	0	2019-12-07 23:00:00	ANGA	1	1	0	0	1.2	0	0	0	1.18	424	0.474509	1	0	0	0	0	0
setup	0	2019-12-08 23:00:00	ANGA	1	1	0	0	1.2	0	0	0	1.18	424	0.446687	1	0	0	0	0	0
setup	0	2019-12-09 23:00:00	ANGA	1	1	0	0	1.2	0	0	0	1.18	424	0.418566	1	0	0	0	0	0
setup	0	2019-12-10 23:00:00	ANGA	1	1	0	0	1.2	0	0	0	1.18	424	0.390266	1	0	0	0	0	0
setup	0	2019-12-11 23:00:00	ANGA	1	1	0	0	1.2	0	0	0	1.18	424	0.361914	1	0	0	0	0	0
setup	0	2019-12-12 23:00:00	ANGA	1	1	0	0	1.2	0	0	0	1.18	424	0.333644	1	0	0	0	0	0
setup	0	2019-12-13 23:00:00	ANGA	1	1	0	0	1.2	0	0	0	1.18	424	0.305597	1	0	0	0	0	0
setup	0	2019-12-14 23:00:00	ANGA	1	1	0	0	1.2	0	0	0	1.18	424	0.277917	1	0	0	0	0	0
setup	0	2019-12-15 23:00:00	ANGA	1	1	0	0	1.2	0	0	0	1.18	424	0.250753	1	0	0	0	0	0
setup	0	2019-12-16 23:00:00	ANGA	1	1	0	0	1.2	0	0	0	1.18	424	0.224255	1	0	0	0	0	0
setup	0	2019-12-17 23:00:00	ANGA	1	1	0	0	1.2	0	0	0	1.18	424	0.198576	1	0	0	0	0	0
setup	0	2019-12-18 23:00:00	ANGA	1	1	0	0	1.2	0	0	0	1.18	424	0.173866	1	0	0	0	0	0
setup	0	2019-12-19 23:00:00	ANGA	1	1	0	0	1.2	0	0	0	1.18	424	0.150275	1	0	0	0	0	0
setup	0	2019-12-20 23:00:00	ANGA	1	1	0	0	1.2	0	0	0	1.18	424	0.12795	1	0	0	0	0	0
setup	0	2019-12-21 23:00:00	ANGA	1	1	0	0	1.2	0	0	0	1.18	424	0.107031	1	0	0	0	0	0
setup	0	2019-12-22 23:00:00	ANGA	1	1	0	0	1.2	0	0	0	1.18	424	0.0876529	1	0	0	0	0	0
setup	0	2019-12-23 23:00:00	ANGA	1	1	0	0	1.2	0	0	0	1.18	424	0.0699434	1	0	0	0	0	0
setup	0	2019-12-24 23:00:00	ANGA	1	1	0	0	1.2	0	0	0	1.18	424	0.0540202	1	0	0	0	0	0
setup	0	2019-12-25 23:00:00	ANGA	1	1	0	0	1.2	0	0	0	1.18	424	0.0399908	1	0	0	0	0	0
setup	0	2019-12-26 23:00:00	ANGA	1	1	0	0	1.2	0	0	0	1.18	424	0.0279507	1	0	0	0	0	0
setup	0	2019-12-27 23:00:00	ANGA	1	1	0	0	1.2	0	0	0	1.18	424	0.0179832	1	0	0	0	0	0
setup	0	2019-12-28 23:00:00	ANGA	1	1	0	0	1.2	0	0	0	1.18	424	0.0101572	1	0	0	0	0	0
setup	0	2019-12-29 23:00:00	ANGA	1	1	0	0	1.2	0	0	0	1.18	424	0.00452761	1	0	0	0	0	0
setup	0	2019-12-30 23:00:00	ANGA	1	1	0	0	1.2	0	0	0	1.18	424	0.0011339	1	0	0	0	0	0
setup	0	2019-12-31 23:00:00	ANGA	1	1	0	0	1.2	0	0	0	1.18	424	0	1	0	0	0	0	0
setup	0	2020-01-01 23:00:00	ANGA	1	1	0	0	1.2	0	0	0	1.18	424	0	1	0	0	0	0	0
setup	0	2020-01-02 23:00:00	ANGA	1	1	0	0	1.2	0	0	0	1.18	424	0	1	0	0	0	0	0
setup	0	2020-01-03 23:00:00	ANGA	1	1	0	0	1.2	0	0	0	1.18	424	0	1	0	0	0	0	0
setup	0	2020-01-04 23:00:00	ANGA	1	1	0	0	1.2	0	0	0	1.18	424	0	1	0	0	0	0	0
setup	0	2020-01-05 23:00:00	ANGA	1	1	0	0	1.2	0	0	0	1.18	424	0	1	0	0	0	0	0
setup	0	2020-01-06 23:00:00	ANGA	1	1	0	0	1.2	0	0	0	1.18	424	0	1	0	0	0	0	0
setup	0	2020-01-07 23:00:00	ANGA	1	1	0	0	1.2	0	0	0	1.18	424	0	1	0	0	0	0	0
setup	0	2020-01-08 23:00:00	ANGA	1	1	0	0	1.2	0	0	0	1.18	424	0	1	0	0	0	0	0
setup	0	2020-01-09 23:00:00	ANGA	1	1	0	0	1.2	0	0	0	1.18	424	0	1	0	0	0	0	0
setup	0	2020-01-10 23:00:00	ANGA	1	1	0	0	1.2	0	0	0	1.18	424	0	1	0	0	0	0	0
setup	0	2020-01-11 23:00:00	ANGA	1	1	0	0	1.2	0	0	0	1.18	424	0	1	0	0	0	0	0
setup	0	2020-01-12 23:00:00	ANGA	1	1	0	0	1.2	0	0	0	1.18	424	0	1	0	0	0	0	0
setup	0	2020-01-13 23:00:00	ANGA	1	1	0	0	1.2	0	0	0	1.18	424	0	1	0	0	0	0	0
setup	0	2020-01-14 23:00:00	ANGA	1	1	0	0	1.2	0	0	0	1.18	424	0	1	0	0	0	0	0
setup	0	2020-01-15 23:00:00	ANGA	1	1	0	0	1.2	0	0	0	1.18	424	0	1	0	0	0	0	0
setup	0	2020-01-16 23:00:00	ANGA	1	1	0	0	1.2	0	0	0	1.18	424	0	1	0	0	0	0	0
setup	0	2020-01-17 23:00:00	ANGA	1	1	0	0	1.2	0	0	0	1.18	424	0	1	0	0	0	0	0
setup	0	2020-01-18 23:00:00	ANGA	1	1	0	0	1.2	0	0	0	1.18	424	0	1	0	0	0	0	0
setup	0	2020-01-19 23:00:00	ANGA	1	1	0	0	1.2	0	0	0	1.18	424	0	1	0	0	0	0	0
setup	0	2020-01-20 23:00:00	ANGA	1	1	0	0	1.2	0	0	0	1.18	424	0	1	0	0	0	0	0
setup	0	2020-01-21 23:00:00	ANGA	1	1	0	0	1.2	0	0	0	1.18	424	0.00471993	1	0	0	0	0	0
setup	0	2020-01-22 23:00:00	ANGA	1	1	0	0	1.2	0	0	0	1.18	424	0.00595918	1	0	0	0	0	0
setup	0	2020-01-23 23:00:00	ANGA	1	1	0	0	1.2	0	0	0	1.18	424	0.00748916	1	0	0	0	0	0
setup	0	2020-01-24 23:00:00	ANGA	1	1	0	0	1.2	0	0	0	1.18	424	0.00936859	1	0	0	0	0	0
setup	0	2020-01-25 23:00:00	ANGA	1	1	0	0	1.2	0	0	0	1.18	424	0.0116657	1	0	0	0	0	0
setup	0	2020-01-26 23:00:00	ANGA	1	1	0	0	1.2	0	0	0	1.18	424	0.0144591	1	0	0	0	0	0
setup	0	2020-01-27 23:00:00	ANGA	1	1	0	0	1.2	0	0	0	1.18	424	0.0178389	1	0	0	0	0	0
setup	0	2020-01-28 23:00:00	ANGA	1	1	0	0	1.2	0	0	0	1.18	424	0.0219073	1	0	0	0	0	0
setup	0	2020-01-29 23:00:00	ANGA	1	1	0	0	1.2	0	0	0	1.18	424	0.0267797	1	0	0	0	0	0
setup	0	2020-01-30 23:00:00	ANGA	1	1	0	0	1.2	0	0	0	1.18	424	0.032585	1	0	0	0	0	0
setup	0	2020-01-31 23:00:00	ANGA	1	1	0	0	1.2	0	0	0	1.18	424	0.039466	1	0	0	0	0	0
setup	0	2020-02-01 23:00:00	ANGA	1	1	0	0	1.2	0	0	0	1.18	424	0.0475801	1	0	0	0	0	0
setup	0	2020-02-02 23:00:00	ANGA	1	1	0	0	1.2	0	0	0	1.18	424	0.0570981	1	0	0	0	0	0
setup	0	2020-02-03 23:00:00	ANGA	1	1	0	0	1.2	0	0	0	1.18	424	0.0682045	1	0	0	0	0	0
setup	0	2020-02-04 23:00:00	ANGA	1	1	0	0	1.2	0	0	0	1.18	424	0.081096	1	0	0	0	0	0
setup	0	2020-02-05 23:00:00	ANGA	1	1	0	0	1.2	0	0	0	1.18	424	0.0959801	1	0	0	0	0	0
setup	0	2020-02-06 23:00:00	ANGA	1	1	0	0	1.2	0	0	0	1.18	424	0.113073	1	0	0	0	0	0
setup	0	2020-02-07 23:00:00	ANGA	1	1	0	0	1.2	0	0	0	1.18	424	0.132596	1	0	0	0	0	0
setup	0	2020-02-08 23:00:00	ANGA	1	1	0	0	1.2	0	0	0	1.18	424	0.154773	1	0	0	0	0	0
setup	0	2020-02-09 23:00:00	ANGA	1	1	0	0	1.2	0	0	0	1.18	424	0.179828	1	0	0	0	0	0
setup	0	2020-02-10 23:00:00	ANGA	1	1	0	0	1.2	0	0	0	1.18	424	0.207977	1	0	0	0	0	0
setup	0	2020-02-11 23:00:00	ANGA	1	1	0	0	1.2	0	0	0	1.18	424	0.239423	1	0	0	0	0	0
setup	0	2020-02-12 23:00:00	ANGA	1	1	0	0	1.2	0	0	0	1.18	424	0.274355	1	0	0	0	0	0
setup	0	2020-02-13 23:00:00	ANGA	1	1	0	0	1.2	0	0	0	1.18	424	0.312935	1	0	0	0	0	0
setup	0	2020-02-14 23:00:00	ANGA	1	1	0	0	1.2	0	0	0	1.18	424	0.355297	1	0	0	0	0	0
setup	0	2020-02-15 23:00:00	ANGA	1	1	0	0	1.2	0	0	0	1.18	424	0.401535	1	0	0	0	0	0
setup	0	2020-02-16 23:00:00	ANGA	1	1	0	0	1.2	0	0	0	1.18	424	0.4517	1	0	0	0	0	0
setup	0	2020-02-17 23:00:00	ANGA	1	1	0	0	1.2	0	0	0	1.18	424	0.505792	1	0	0	0	0	0
setup	0	2020-02-18 23:00:00	ANGA	1	1	0	0	1.2	0	0	0	1.18	424	0.563753	1	0	0	0	0	0
setup	0	2020-02-19 23:00:00	ANGA	1	1	0	0	1.2	0	0	0	1.18	424	0.625462	1	0	0	0	0	0
setup	0	2020-02-20 23:00:00	ANGA	1	1	0	0	1.2	0	0	0	1.18	424	0.690729	1	0	0	0	0	0
setup	0	2020-02-21 23:00:00	ANGA	1	1	0	0	1.2	0	0	0	1.18	424	0.759294	1	0	0	0	0	0
setup	0	2020-02-22 23:00:00	ANGA	1	1	0	0	1.2	0	0	0	1.18	424	0.83082	1	0	0	0	0	0
setup	0	2020-02-23 23:00:00	ANGA	1	1	0	0	1.2	0	0	0	1.18	424	0.904896	1	0	0	0	0	0
setup	0	2020-02-24 23:00:00	ANGA	1	1	0	0	1.2	0	0	0	1.18	424	0.981038	1	0	0	0	0	0
setup	0	2020-02-25 23:00:00	ANGA	1	1	0	0	1.2	0	0	0	1.18	424	0.981038	1	0	0	0	0	0
setup	0	2020-02-26 23:00:00	ANGA	1	1	0	0	1.2	0	0	0	1.18	424	1.05869	1	0	0	0	0	0
setup	0	2020-02-27 23:00:00	ANGA	1	1	0	0	1.2	0	0	0	1.18	424	1.13722	1	0	0	0	0	0
setup	0	2020-02-28 23:00:00	ANGA	1	1	0	0	1.2	0	0	0	1.18	424	1.21595	1	0	0	0	0	0
setup	0	2020-02-29 23:00:00	ANGA	1	1	0	0	1.2	0	0	0	1.18	424	1.21595	1	0	0	0	0	0
setup	0	2020-03-01 23:00:00	ANGA	1	1	0	0	1.2	0	0	0	1.18	424	1.21595	1	0	0	0	0	0
setup	0	2020-03-02 23:00:00	ANGA	1	1	0	0	1.2	0	0	0	1.18	424	1.29415	1	0	0	0	0	0
setup	0	2020-03-03 23:00:00	ANGA	1	1	0	0	1.2	0	0	0	1.18	424	1.37103	1	0	0	0	0	0
setup	0	2020-03-04 23:00:00	ANGA	1	1	0	0	1.2	0	0	0	1.18	424	1.44578	1	0	0	0	0	0
setup	0	2020-03-05 23:00:00	ANGA	1	1	0	0	1.2	0	0	0	1.18	424	1.5176	1	0	0	0	0	0
setup	0	2020-03-06 23:00:00	ANGA	1	1	0	0	1.2	0	0	0	1.18	424	1.58563	1	0	0	0	0	0
setup	0	2020-03-07 23:00:00	ANGA	1	1	0	0	1.2	0	0	0	1.18	424	1.64909	1	0	0	0	0	0
setup	0	2020-03-08 23:00:00	ANGA	1	1	0	0	1.2	0	0	0	1.18	424	1.64909	1	0	0	0	0	0
setup	0	2020-03-09 23:00:00	ANGA	1	1	0	0	1.2	0	0	0	1.18	424	1.64909	1	0	0	0	0	0
setup	0	2020-03-10 23:00:00	ANGA	1	1	0	0	1.2	0	0	0	1.18	424	1.64909	1	0	0	0	0	0
setup	0	2020-03-11 23:00:00	ANGA	1	1	0	0	1.2	0	0	0	1.18	424	1.64909	1	0	0	0	0	0
setup	0	2020-03-12 23:00:00	ANGA	1	1	0	0	1.2	0	0	0	1.18	424	1.64909	1	0	0	0	0	0
setup	0	2020-03-13 23:00:00	ANGA	1	1	0	0	1.2	0	0	0	1.18	424	1.64909	1	0	0	0	0	0
setup	0	2020-03-14 23:00:00	ANGA	1	1	0	0	1.2	0	0	0	1.18	424	1.64909	1	0	0	0	0	0
setup	0	2020-03-15 23:00:00	ANGA	1	1	0	0	1.2	0	0	0	1.18	424	1.64909	1	0	0	0	0	0
setup	0	2020-03-16 23:00:00	ANGA	1	1	0	0	1.2	0	0	0	1.18	424	1.64909	1	0	0	0	0	0
setup	0	2020-03-17 23:00:00	ANGA	1	1	0	0	1.2	0	0	0	1.18	424	1.64909	1	0	0	0	0	0
setup	0	2020-03-18 23:00:00	ANGA	1	1	0	0	1.2	0	0	0	1.18	424	1.64909	1	0	0	0	0	0
setup	0	2020-03-19 23:00:00	ANGA	1	1	0	0	1.2	0	0	0	1.18	424	1.64909	1	0	0	0	0	0
setup	0	2020-03-20 23:00:00	ANGA	1	1	0	0	1.2	0	0	0	1.18	424	1.64909	1	0	0	0	0	0
setup	0	2020-03-21 23:00:00	ANGA	1	1	0	0	1.2	0	0	0	1.18	424	1.64909	1	0	0	0	0	0
setup	0	2020-03-22 23:00:00	ANGA	1	1	0	0	1.2	0	0	0	1.18	424	1.64909	1	0	0	0	0	0
setup	0	2020-03-23 23:00:00	ANGA	1	1	0	0	1.2	0	0	0	1.18	424	1.64909	1	0	0	0	0	0
setup	0	2020-03-24 23:00:00	ANGA	1	1	0	0	1.2	0	0	0	1.18	424	1.64909	1	0	0	0	0	0
setup	0	2020-03-25 23:00:00	ANGA	1	1	0	0	1.2	0	0	0	1.18	424	1.64909	1	0	0	0	0	0
setup	0	2020-03-26 23:00:00	ANGA	1	1	0	0	1.2	0	0	0	1.18	424	1.64909	1	0	0	0	0	0
setup	0	2020-03-27 23:00:00	ANGA	1	1	0	0	1.2	0	0	0	1.18	424	1.70719	1	0	0	0	0	0
setup	0	2020-03-28 23:00:00	ANGA	1	1	0	0	1.2	0	0	0	1.18	424	1.7592	1	0	0	0	0	0
setup	0	2020-03-29 23:00:00	ANGA	1	1	0	0	1.2	0	0	0	1.18	424	1.80444	1	0	0	0	0	0
setup	0	2020-03-30 23:00:00	ANGA	1	1	0	0	1.2	0	0	0	1.18	424	1.84232	1	0	0	0	0	0
setup	0	2020-03-31 23:00:00	ANGA	1	1	0	0	1.2	0	0	0	1.18	424	1.87233	1	0	0	0	0	0
setup	0	2020-04-01 23:00:00	ANGA	1	1	0	0	1.2	0	0	0	1.18	424	1.89406	1	0	0	0	0	0
setup	0	2020-04-02 23:00:00	ANGA	1	1	0	0	1.2	0	0	0	1.18	424	1.89301	1	0	0	0	0	0
setup	0	2020-04-03 23:00:00	ANGA	1	1	0	0	1.2	0	0	0	1.18	424	1.89179	1	0	0	0	0	0
setup	0	2020-04-04 23:00:00	ANGA	1	1	0	0	1.2	0	0	0	1.18	424	1.89038	1	0	0	0	0	0
setup	0	2020-04-05 23:00:00	ANGA	1	1	0	0	1.2	0	0	0	1.18	424	1.88875	1	0	0	0	0	0
setup	0	2020-04-06 23:00:00	ANGA	1	1	0	0	1.2	0	0	0	1.18	424	1.88687	1	0	0	0	0	0
setup	0	2020-04-07 23:00:00	ANGA	1	1	0	0	1.2	0	0	0	1.18	424	1.88472	1	0	0	0	0	0
setup	0	2020-04-08 23:00:00	ANGA	1	1	0	0	1.2	0	0	0	1.18	424	1.88226	1	0	0	0	0	0
setup	0	2020-04-09 23:00:00	ANGA	1	1	0	0	1.2	0	0	0	1.18	424	1.87944	1	0	0	0	0	0
setup	0	2020-04-10 23:00:00	ANGA	1	1	0	0	1.2	0	0	0	1.18	424	1.87624	1	0	0	0	0	0
setup	0	2020-04-11 23:00:00	ANGA	1	1	0	0	1.2	0	0	0	1.18	424	1.87261	1	0	0	0	0	0
setup	0	2020-04-12 23:00:00	ANGA	1	1	0	0	1.2	0	0	0	1.18	424	1.86849	1	0	0	0	0	0
setup	0	2020-04-13 23:00:00	ANGA	1	1	0	0	1.2	0	0	0	1.18	424	1.86383	1	0	0	0	0	0
setup	0	2020-04-14 23:00:00	ANGA	1	1	0	0	1.2	0	0	0	1.18	424	1.85859	1	0	0	0	0	0
setup	0	2020-04-15 23:00:00	ANGA	1	1	0	0	1.2	0	0	0	1.18	424	1.8527	1	0	0	0	0	0
setup	0	2020-04-16 23:00:00	ANGA	1	1	0	0	1.2	0	0	0	1.18	424	1.85925	1	0	0	0	0	0
setup	0	2020-04-17 23:00:00	ANGA	1	1	0	0	1.2	0	0	0	1.18	424	1.85623	1	0	0	0	0	0
setup	0	2020-04-18 23:00:00	ANGA	1	1	0	0	1.2	0	0	0	1.18	424	1.84792	1	0	0	0	0	0
setup	0	2020-04-19 23:00:00	ANGA	1	1	0	0	1.2	0	0	0	1.18	424	1.83868	1	0	0	0	0	0
setup	0	2020-04-20 23:00:00	ANGA	1	1	0	0	1.2	0	0	0	1.18	424	1.82844	1	0	0	0	0	0
setup	0	2020-04-21 23:00:00	ANGA	1	1	0	0	1.2	0	0	0	1.18	424	1.81712	1	0	0	0	0	0
setup	0	2020-04-22 23:00:00	ANGA	1	1	0	0	1.2	0	0	0	1.18	424	1.80463	1	0	0	0	0	0
setup	0	2020-04-23 23:00:00	ANGA	1	1	0	0	1.2	0	0	0	1.18	424	1.7909	1	0	0	0	0	0
setup	0	2020-04-24 23:00:00	ANGA	1	1	0	0	1.2	0	0	0	1.18	424	1.77585	1	0	0	0	0	0
setup	0	2020-04-25 23:00:00	ANGA	1	1	0	0	1.2	0	0	0	1.18	424	1.75938	1	0	0	0	0	0
setup	0	2020-04-26 23:00:00	ANGA	1	1	0	0	1.2	0	0	0	1.18	424	1.74143	1	0	0	0	0	0
setup	0	2020-04-27 23:00:00	ANGA	1	1	0	0	1.2	0	0	0	1.18	424	1.72191	1	0	0	0	0	0
setup	0	2020-04-28 23:00:00	ANGA	1	1	0	0	1.2	0	0	0	1.18	424	1.70074	1	0	0	0	0	0
setup	0	2020-04-29 23:00:00	ANGA	1	1	0	0	1.2	0	0	0	1.18	424	1.67786	1	0	0	0	0	0
setup	0	2020-04-30 23:00:00	ANGA	1	1	0	0	1.2	0	0	0	1.18	424	1.65319	1	0	0	0	0	0
setup	0	2020-05-01 23:00:00	ANGA	1	1	0	0	1.2	0	0	0	1.18	424	1.62667	1	0	0	0	0	0
setup	0	2020-05-02 23:00:00	ANGA	1	1	0	0	1.2	0	0	0	1.18	424	1.59826	1	0	0	0	0	0
setup	0	2020-05-03 23:00:00	ANGA	1	1	0	0	1.2	0	0	0	1.18	424	1.5679	1	0	0	0	0	0
setup	0	2020-05-04 23:00:00	ANGA	1	1	0	0	1.2	0	0	0	1.18	424	1.53556	1	0	0	0	0	0
setup	0	2020-05-05 23:00:00	ANGA	1	1	0	0	1.2	0	0	0	1.18	424	1.50122	1	0	0	0	0	0
setup	0	2020-05-06 23:00:00	ANGA	1	1	0	0	1.2	0	0	0	1.18	424	1.46486	1	0	0	0	0	0
setup	0	2020-05-07 23:00:00	ANGA	1	1	0	0	1.2	0	0	0	1.18	424	1.42649	1	0	0	0	0	0
setup	0	2020-05-08 23:00:00	ANGA	1	1	0	0	1.2	0	0	0	1.18	424	1.38613	1	0	0	0	0	0
setup	0	2020-05-09 23:00:00	ANGA	1	1	0	0	1.2	0	0	0	1.18	424	1.34381	1	0	0	0	0	0
setup	0	2020-05-10 23:00:00	ANGA	1	1	0	0	1.2	0	0	0	1.18	424	1.29958	1	0	0	0	0	0
setup	0	2020-05-11 23:00:00	ANGA	1	1	0	0	1.2	0	0	0	1.18	424	1.25351	1	0	0	0	0	0
setup	0	2020-05-12 23:00:00	ANGA	1	1	0	0	1.2	0	0	0	1.18	424	1.20569	1	0	0	0	0	0
setup	0	2020-05-13 23:00:00	ANGA	1	1	0	0	1.2	0	0	0	1.18	424	1.15623	1	0	0	0	0	0
setup	0	2020-05-14 23:00:00	ANGA	1	1	0	0	1.2	0	0	0	1.18	424	1.10525	1	0	0	0	0	0
setup	0	2020-05-15 23:00:00	ANGA	1	1	0	0	1.2	0	0	0	1.18	424	1.0529	1	0	0	0	0	0
setup	0	2020-05-16 23:00:00	ANGA	1	1	0	0	1.2	0	0	0	1.18	424	0.999337	1	0	0	0	0	0
setup	0	2020-05-17 23:00:00	ANGA	1	1	0	0	1.2	0	0	0	1.18	424	0.944758	1	0	0	0	0	0
setup	0	2020-05-18 23:00:00	ANGA	1	1	0	0	1.2	0	0	0	1.18	424	0.889363	1	0	0	0	0	0
setup	0	2020-05-19 23:00:00	ANGA	1	1	0	0	1.2	0	0	0	1.18	424	0.833373	1	0	0	0	0	0
setup	0	2020-05-20 23:00:00	ANGA	1	1	0	0	1.2	0	0	0	1.18	424	0.777027	1	0	0	0	0	0
setup	0	2020-05-21 23:00:00	ANGA	1	1	0	0	1.2	0	0	0	1.18	424	0.720577	1	0	0	0	0	0
setup	0	2020-05-22 23:00:00	ANGA	1	1	0	0	1.2	0	0	0	1.18	424	0.664292	1	0	0	0	0	0
setup	0	2020-05-23 23:00:00	ANGA	1	1	0	0	1.2	0	0	0	1.18	424	0.60845	1	0	0	0	0	0
setup	0	2020-05-24 23:00:00	ANGA	1	1	0	0	1.2	0	0	0	1.18	424	0.553339	1	0	0	0	0	0
setup	0	2020-05-25 23:00:00	ANGA	1	1	0	0	1.2	0	0	0	1.18	424	0.499254	1	0	0	0	0	0
setup	0	2020-05-26 23:00:00	ANGA	1	1	0	0	1.2	0	0	0	1.18	424	0.446497	1	0	0	0	0	0
setup	0	2020-05-27 23:00:00	ANGA	1	1	0	0	1.2	0	0	0	1.18	424	0.395369	1	0	0	0	0	0
setup	0	2020-05-28 23:00:00	ANGA	1	1	0	0	1.2	0	0	0	1.18	424	0.346171	1	0	0	0	0	0
setup	0	2020-05-29 23:00:00	ANGA	1	1	0	0	1.2	0	0	0	1.18	424	0.299201	1	0	0	0	0	0
setup	0	2020-05-30 23:00:00	ANGA	1	1	0	0	1.2	0	0	0	1.18	424	0.254751	1	0	0	0	0	0
setup	0	2020-05-31 23:00:00	ANGA	1	1	0	0	1.2	0	0	0	1.18	424	0.2131	1	0	0	0	0	0
setup	0	2020-06-01 23:00:00	ANGA	1	1	0	0	1.2	0	0	0	1.18	424	0.174519	1	0	0	0	0	0
setup	0	2020-06-02 23:00:00	ANGA	1	1	0	0	1.2	0	0	0	1.18	424	0.139259	1	0	0	0	0	0
setup	0	2020-06-03 23:00:00	ANGA	1	1	0	0	1.2	0	0	0	1.18	424	0.107555	1	0	0	0	0	0
setup	0	2020-06-04 23:00:00	ANGA	1	1	0	0	1.2	0	0	0	1.18	424	0.0796224	1	0	0	0	0	0
setup	0	2020-06-05 23:00:00	ANGA	1	1	0	0	1.2	0	0	0	1.18	424	0.0556505	1	0	0	0	0	0
setup	0	2020-06-06 23:00:00	ANGA	1	1	0	0	1.2	0	0	0	1.18	424	0.0358048	1	0	0	0	0	0
setup	0	2020-06-07 23:00:00	ANGA	1	1	0	0	1.2	0	0	0	1.18	424	0.0202232	1	0	0	0	0	0
setup	0	2020-06-08 23:00:00	ANGA	1	1	0	0	1.2	0	0	0	1.18	424	0.00901455	1	0	0	0	0	0
setup	0	2020-06-09 23:00:00	ANGA	1	1	0	0	1.2	0	0	0	1.18	424	0.00225762	1	0	0	0	0	0
setup	0	2020-06-10 23:00:00	ANGA	1	1	0	0	1.2	0	0	0	1.18	424	0	1	0	0	0	0	0
setup	0	2020-06-11 23:00:00	ANGA	1	1	0	0	1.2	0	0	0	1.18	424	0	1	0	0	0	0	0
setup	0	2020-06-12 23:00:00	ANGA	1	1	0	0	1.2	0	0	0	1.18	424	0	1	0	0	0	0	0
setup	0	2020-06-13 23:00:00	ANGA	1	1	0	0	1.2	0	0	0	1.18	424	0	1	0	0	0	0	0
setup	0	2020-06-14 23:00:00	ANGA	1	1	0	0	1.2	0	0	0	1.18	424	0	1	0	0	0	0	0
setup	0	2020-06-15 23:00:00	ANGA	1	1	0	0	1.2	0	0	0	1.18	424	0	1	0	0	0	0	0
setup	0	2020-06-16 23:00:00	ANGA	1	1	0	0	1.2	0	0	0	1.18	424	0	1	0	0	0	0	0
setup	0	2020-06-17 23:00:00	ANGA	1	1	0	0	1.2	0	0	0	1.18	424	0	1	0	0	0	0	0
setup	0	2020-06-18 23:00:00	ANGA	1	1	0	0	1.2	0	0	0	1.18	424	0	1	0	0	0	0	0
setup	0	2020-06-19 23:00:00	ANGA	1	1	0	0	1.2	0	0	0	1.18	424	0	1	0	0	0	0	0
setup	0	2020-06-20 23:00:00	ANGA	1	1	0	0	1.2	0	0	0	1.18	424	0	1	0	0	0	0	0
setup	0	2020-06-21 23:00:00	ANGA	1	1	0	0	1.2	0	0	0	1.18	424	0	1	0	0	0	0	0
setup	0	2020-06-22 23:00:00	ANGA	1	1	0	0	1.2	0	0	0	1.18	424	0	1	0	0	0	0	0
setup	0	2020-06-23 23:00:00	ANGA	1	1	0	0	1.2	0	0	0	1.18	424	0	1	0	0	0	0	0
setup	0	2020-06-24 23:00:00	ANGA	1	1	0	0	1.2	0	0	0	1.18	424	0	1	0	0	0	0	0
setup	0	2020-06-25 23:00:00	ANGA	1	1	0	0	1.2	0	0	0	1.18	424	0	1	0	0	0	0	0
setup	0	2020-06-26 23:00:00	ANGA	1	1	0	0	1.2	0	0	0	1.18	424	0	1	0	0	0	0	0
setup	0	2020-06-27 23:00:00	ANGA	1	1	0	0	1.2	0	0	0	1.18	424	0	1	0	0	0	0	0
setup	0	2020-06-28 23:00:00	ANGA	1	1	0	0	1.2	0	0	0	1.18	424	0	1	0	0	0	0	0
setup	0	2020-06-29 23:00:00	ANGA	1	1	0	0	1.2	0	0	0	1.18	424	0	1	0	0	0	0	0
setup	0	2020-06-30 23:00:00	ANGA	1	1	0	0	1.2	0	0	0	1.18	424	0	1	0	0	0	0	0
setup	0	2020-07-01 23:00:00	ANGA	1	1	0	0	1.2	0	0	0	1.18	424	0	1	0	0	0	0	0
setup	0	2020-07-02 23:00:00	ANGA	1	1	0	0	1.2	0	0	0	1.18	424	0	1	0	0	0	0	0
setup	0	2020-07-03 23:00:00	ANGA	1	1	0	0	1.2	0	0	0	1.18	424	0	1	0	0	0	0	0
setup	0	2020-07-04 23:00:00	ANGA	1	1	0	0	1.2	0	0	0	1.18	424	0	1	0	0	0	0	0
setup	0	2020-07-05 23:00:00	ANGA	1	1	0	0	1.2	0	0	0	1.18	424	0	1	0	0	0	0	0
setup	0	2020-07-06 23:00:00	ANGA	1	1	0	0	1.2	0	0	0	1.18	424	0	1	0	0	0	0	0
setup	0	2020-07-07 23:00:00	ANGA	1	1	0	0	1.2	0	0	0	1.18	424	0	1	0	0	0	0	0
setup	0	2020-07-08 23:00:00	ANGA	1	1	0	0	1.2	0	0	0	1.18	424	0	1	0	0	0	0	0
setup	0	2020-07-09 23:00:00	ANGA	1	1	0	0	1.2	0	0	0	1.18	424	0	1	0	0	0	0	0
setup	0	2020-07-10 23:00:00	ANGA	1	1	0	0	1.2	0	0	0	1.18	424	0	1	0	0	0	0	0
setup	0	2020-07-11 23:00:00	ANGA	1	1	0	0	1.2	0	0	0	1.18	424	0	1	0	0	0	0	0
setup	0	2020-07-12 23:00:00	ANGA	1	1	0	0	1.2	0	0	0	1.18	424	0	1	0	0	0	0	0
setup	0	2020-07-13 23:00:00	ANGA	1	1	0	0	1.2	0	0	0	1.18	424	0	1	0	0	0	0	0
setup	0	2020-07-14 23:00:00	ANGA	1	1	0	0	1.2	0	0	0	1.18	424	0	1	0	0	0	0	0
setup	0	2020-07-15 23:00:00	ANGA	1	1	0	0	1.2	0	0	0	1.18	424	0	1	0	0	0	0	0
setup	0	2020-07-16 23:00:00	ANGA	1	1	0	0	1.2	0	0	0	1.18	424	0	1	0	0	0	0	0
setup	0	2020-07-17 23:00:00	ANGA	1	1	0	0	1.2	0	0	0	1.18	424	0	1	0	0	0	0	0
setup	0	2020-07-18 23:00:00	ANGA	1	1	0	0	1.2	0	0	0	1.18	424	0	1	0	0	0	0	0
setup	0	2020-07-19 23:00:00	ANGA	1	1	0	0	1.2	0	0	0	1.18	424	0	1	0	0	0	0	0
setup	0	2020-07-20 23:00:00	ANGA	1	1	0	0	1.2	0	0	0	1.18	424	0	1	0	0	0	0	0
setup	0	2020-07-21 23:00:00	ANGA	1	1	0	0	1.2	0	0	0	1.18	424	0	1	0	0	0	0	0
setup	0	2020-07-22 23:00:00	ANGA	1	1	0	0	1.2	0	0	0	1.18	424	0	1	0	0	0	0	0
setup	0	2020-07-23 23:00:00	ANGA	1	1	0	0	1.2	0	0	0	1.18	424	0	1	0	0	0	0	0
setup	0	2020-07-24 23:00:00	ANGA	1	1	0	0	1.2	0	0	0	1.18	424	0.00290987	1	0	0	0	0	0
setup	0	2020-07-25 23:00:00	ANGA	1	1	0	0	1.2	0	0	0	1.18	424	0.00367388	1	0	0	0	0	0
setup	0	2020-07-26 23:00:00	ANGA	1	1	0	0	1.2	0	0	0	1.18	424	0.00461712	1	0	0	0	0	0
setup	0	2020-07-27 23:00:00	ANGA	1	1	0	0	1.2	0	0	0	1.18	424	0.0057758	1	0	0	0	0	0
setup	0	2020-07-28 23:00:00	ANGA	1	1	0	0	1.2	0	0	0	1.18	424	0.00719198	1	0	0	0	0	0
setup	0	2020-07-29 23:00:00	ANGA	1	1	0	0	1.2	0	0	0	1.18	424	0.00891415	1	0	0	0	0	0
setup	0	2020-07-30 23:00:00	ANGA	1	1	0	0	1.2	0	0	0	1.18	424	0.0109978	1	0	0	0	0	0
setup	0	2020-07-31 23:00:00	ANGA	1	1	0	0	1.2	0	0	0	1.18	424	0.0109978	1	0	0	0	0	0
setup	0	2020-08-01 23:00:00	ANGA	1	1	0	0	1.2	0	0	0	1.18	424	0.0109978	1	0	0	0	0	0
setup	0	2020-08-02 23:00:00	ANGA	1	1	0	0	1.2	0	0	0	1.18	424	0.0109978	1	0	0	0	0	0
setup	0	2020-08-03 23:00:00	ANGA	1	1	0	0	1.2	0	0	0	1.18	424	0.0109978	1	0	0	0	0	0
setup	0	2020-08-04 23:00:00	ANGA	1	1	0	0	1.2	0	0	0	1.18	424	0.0109978	1	0	0	0	0	0
setup	0	2020-08-05 23:00:00	ANGA	1	1	0	0	1.2	0	0	0	1.18	424	0.0109978	1	0	0	0	0	0
setup	0	2020-08-06 23:00:00	ANGA	1	1	0	0	1.2	0	0	0	1.18	424	0.0109978	1	0	0	0	0	0
setup	0	2020-08-07 23:00:00	ANGA	1	1	0	0	1.2	0	0	0	1.18	424	0.0109978	1	0	0	0	0	0
setup	0	2020-08-08 23:00:00	ANGA	1	1	0	0	1.2	0	0	0	1.18	424	0.0109978	1	0	0	0	0	0
setup	0	2020-08-09 23:00:00	ANGA	1	1	0	0	1.2	0	0	0	1.18	424	0.0109978	1	0	0	0	0	0
setup	0	2020-08-10 23:00:00	ANGA	1	1	0	0	1.2	0	0	0	1.18	424	0.0109978	1	0	0	0	0	0
setup	0	2020-08-11 23:00:00	ANGA	1	1	0	0	1.2	0	0	0	1.18	424	0.0109978	1	0	0	0	0	0
setup	0	2020-08-12 23:00:00	ANGA	1	1	0	0	1.2	0	0	0	1.18	424	0.013506	1	0	0	0	0	0
setup	0	2020-08-13 23:00:00	ANGA	1	1	0	0	1.2	0	0	0	1.18	424	0.0165099	1	0	0	0	0	0
setup	0	2020-08-14 23:00:00	ANGA	1	1	0	0	1.2	0	0	0	1.18	424	0.0200889	1	0	0	0	0	0
setup	0	2020-08-15 23:00:00	ANGA	1	1	0	0	1.2	0	0	0	1.18	424	0.0243311	1	0	0	0	0	0
setup	0	2020-08-16 23:00:00	ANGA	1	1	0	0	1.2	0	0	0	1.18	424	0.0293335	1	0	0	0	0	0
setup	0	2020-08-17 23:00:00	ANGA	1	1	0	0	1.2	0	0	0	1.18	424	0.0352014	1	0	0	0	0	0
setup	0	2020-08-18 23:00:00	ANGA	1	1	0	0	1.2	0	0	0	1.18	424	0.0420486	1	0	0	0	0	0
setup	0	2020-08-19 23:00:00	ANGA	1	1	0	0	1.2	0	0	0	1.18	424	0.0499963	1	0	0	0	0	0
setup	0	2020-08-20 23:00:00	ANGA	1	1	0	0	1.2	0	0	0	1.18	424	0.0591724	1	0	0	0	0	0
setup	0	2020-08-21 23:00:00	ANGA	1	1	0	0	1.2	0	0	0	1.18	424	0.0697101	1	0	0	0	0	0
setup	0	2020-08-22 23:00:00	ANGA	1	1	0	0	1.2	0	0	0	1.18	424	0.0817462	1	0	0	0	0	0
setup	0	2020-08-23 23:00:00	ANGA	1	1	0	0	1.2	0	0	0	1.18	424	0.0954189	1	0	0	0	0	0
setup	0	2020-08-24 23:00:00	ANGA	1	1	0	0	1.2	0	0	0	1.18	424	0.110865	1	0	0	0	0	0
setup	0	2020-08-25 23:00:00	ANGA	1	1	0	0	1.2	0	0	0	1.18	424	0.128219	1	0	0	0	0	0
setup	0	2020-08-26 23:00:00	ANGA	1	1	0	0	1.2	0	0	0	1.18	424	0.147606	1	0	0	0	0	0
setup	0	2020-08-27 23:00:00	ANGA	1	1	0	0	1.2	0	0	0	1.18	424	0.169142	1	0	0	0	0	0
setup	0	2020-08-28 23:00:00	ANGA	1	1	0	0	1.2	0	0	0	1.18	424	0.192927	1	0	0	0	0	0
setup	0	2020-08-29 23:00:00	ANGA	1	1	0	0	1.2	0	0	0	1.18	424	0.219043	1	0	0	0	0	0
setup	0	2020-08-30 23:00:00	ANGA	1	1	0	0	1.2	0	0	0	1.18	424	0.247549	1	0	0	0	0	0
setup	0	2020-08-31 23:00:00	ANGA	1	1	0	0	1.2	0	0	0	1.18	424	0.278476	1	0	0	0	0	0
setup	0	2020-09-01 23:00:00	ANGA	1	1	0	0	1.2	0	0	0	1.18	424	0.311824	1	0	0	0	0	0
setup	0	2020-09-02 23:00:00	ANGA	1	1	0	0	1.2	0	0	0	1.18	424	0.347558	1	0	0	0	0	0
setup	0	2020-09-03 23:00:00	ANGA	1	1	0	0	1.2	0	0	0	1.18	424	0.347558	1	0	0	0	0	0
setup	0	2020-09-04 23:00:00	ANGA	1	1	0	0	1.2	0	0	0	1.18	424	0.347558	1	0	0	0	0	0
setup	0	2020-09-05 23:00:00	ANGA	1	1	0	0	1.2	0	0	0	1.18	424	0.385602	1	0	0	0	0	0
setup	0	2020-09-06 23:00:00	ANGA	1	1	0	0	1.2	0	0	0	1.18	424	0.42584	1	0	0	0	0	0
setup	0	2020-09-07 23:00:00	ANGA	1	1	0	0	1.2	0	0	0	1.18	424	0.46811	1	0	0	0	0	0
setup	0	2020-09-08 23:00:00	ANGA	1	1	0	0	1.2	0	0	0	1.18	424	0.512206	1	0	0	0	0	0
setup	0	2020-09-09 23:00:00	ANGA	1	1	0	0	1.2	0	0	0	1.18	424	0.557875	1	0	0	0	0	0
setup	0	2020-09-10 23:00:00	ANGA	1	1	0	0	1.2	0	0	0	1.18	424	0.604817	1	0	0	0	0	0
setup	0	2020-09-11 23:00:00	ANGA	1	1	0	0	1.2	0	0	0	1.18	424	0.652689	1	0	0	0	0	0
setup	0	2020-09-12 23:00:00	ANGA	1	1	0	0	1.2	0	0	0	1.18	424	0.701105	1	0	0	0	0	0
setup	0	2020-09-13 23:00:00	ANGA	1	1	0	0	1.2	0	0	0	1.18	424	0.749644	1	0	0	0	0	0
setup	0	2020-09-14 23:00:00	ANGA	1	1	0	0	1.2	0	0	0	1.18	424	0.749644	1	0	0	0	0	0
setup	0	2020-09-15 23:00:00	ANGA	1	1	0	0	1.2	0	0	0	1.18	424	0.749644	1	0	0	0	0	0
setup	0	2020-09-16 23:00:00	ANGA	1	1	0	0	1.2	0	0	0	1.18	424	0.749644	1	0	0	0	0	0
setup	0	2020-09-17 23:00:00	ANGA	1	1	0	0	1.2	0	0	0	1.18	424	0.749644	1	0	0	0	0	0
setup	0	2020-09-18 23:00:00	ANGA	1	1	0	0	1.2	0	0	0	1.18	424	0.749644	1	0	0	0	0	0
setup	0	2020-09-19 23:00:00	ANGA	1	1	0	0	1.2	0	0	0	1.18	424	0.749644	1	0	0	0	0	0
setup	0	2020-09-20 23:00:00	ANGA	1	1	0	0	1.2	0	0	0	1.18	424	0.749644	1	0	0	0	0	0
setup	0	2020-09-21 23:00:00	ANGA	1	1	0	0	1.2	0	0	0	1.18	424	0.749644	1	0	0	0	0	0
setup	0	2020-09-22 23:00:00	ANGA	1	1	0	0	1.2	0	0	0	1.18	424	0.749644	1	0	0	0	0	0
setup	0	2020-09-23 23:00:00	ANGA	1	1	0	0	1.2	0	0	0	1.18	424	0.749644	1	0	0	0	0	0
setup	0	2020-09-24 23:00:00	ANGA	1	1	0	0	1.2	0	0	0	1.18	424	0.749644	1	0	0	0	0	0
setup	0	2020-09-25 23:00:00	ANGA	1	1	0	0	1.2	0	0	0	1.18	424	0.749644	1	0	0	0	0	0
setup	0	2020-09-26 23:00:00	ANGA	1	1	0	0	1.2	0	0	0	1.18	424	0.749644	1	0	0	0	0	0
setup	0	2020-09-27 23:00:00	ANGA	1	1	0	0	1.2	0	0	0	1.18	424	0.797852	1	0	0	0	0	0
setup	0	2020-09-28 23:00:00	ANGA	1	1	0	0	1.2	0	0	0	1.18	424	0.845249	1	0	0	0	0	0
setup	0	2020-09-29 23:00:00	ANGA	1	1	0	0	1.2	0	0	0	1.18	424	0.891337	1	0	0	0	0	0
setup	0	2020-09-30 23:00:00	ANGA	1	1	0	0	1.2	0	0	0	1.18	424	0.935608	1	0	0	0	0	0
setup	0	2020-10-01 23:00:00	ANGA	1	1	0	0	1.2	0	0	0	1.18	424	0.977555	1	0	0	0	0	0
setup	0	2020-10-02 23:00:00	ANGA	1	1	0	0	1.2	0	0	0	1.18	424	1.01668	1	0	0	0	0	0
setup	0	2020-10-03 23:00:00	ANGA	1	1	0	0	1.2	0	0	0	1.18	424	1.01668	1	0	0	0	0	0
setup	0	2020-10-04 23:00:00	ANGA	1	1	0	0	1.2	0	0	0	1.18	424	1.01668	1	0	0	0	0	0
setup	0	2020-10-05 23:00:00	ANGA	1	1	0	0	1.2	0	0	0	1.18	424	1.01668	1	0	0	0	0	0
setup	0	2020-10-06 23:00:00	ANGA	1	1	0	0	1.2	0	0	0	1.18	424	1.01668	1	0	0	0	0	0
setup	0	2020-10-07 23:00:00	ANGA	1	1	0	0	1.2	0	0	0	1.18	424	1.01668	1	0	0	0	0	0
setup	0	2020-10-08 23:00:00	ANGA	1	1	0	0	1.2	0	0	0	1.18	424	1.01668	1	0	0	0	0	0
setup	0	2020-10-09 23:00:00	ANGA	1	1	0	0	1.2	0	0	0	1.18	424	1.01668	1	0	0	0	0	0
setup	0	2020-10-10 23:00:00	ANGA	1	1	0	0	1.2	0	0	0	1.18	424	1.01668	1	0	0	0	0	0
setup	0	2020-10-11 23:00:00	ANGA	1	1	0	0	1.2	0	0	0	1.18	424	1.01668	1	0	0	0	0	0
setup	0	2020-10-12 23:00:00	ANGA	1	1	0	0	1.2	0	0	0	1.18	424	1.01668	1	0	0	0	0	0
setup	0	2020-10-13 23:00:00	ANGA	1	1	0	0	1.2	0	0	0	1.18	424	1.01668	1	0	0	0	0	0
setup	0	2020-10-14 23:00:00	ANGA	1	1	0	0	1.2	0	0	0	1.18	424	1.01668	1	0	0	0	0	0
setup	0	2020-10-15 23:00:00	ANGA	1	1	0	0	1.2	0	0	0	1.18	424	1.01668	1	0	0	0	0	0
setup	0	2020-10-16 23:00:00	ANGA	1	1	0	0	1.2	0	0	0	1.18	424	1.01668	1	0	0	0	0	0
setup	0	2020-10-17 23:00:00	ANGA	1	1	0	0	1.2	0	0	0	1.18	424	1.01668	1	0	0	0	0	0
setup	0	2020-10-18 23:00:00	ANGA	1	1	0	0	1.2	0	0	0	1.18	424	1.01668	1	0	0	0	0	0
setup	0	2020-10-19 23:00:00	ANGA	1	1	0	0	1.2	0	0	0	1.18	424	1.01668	1	0	0	0	0	0
setup	0	2020-10-20 23:00:00	ANGA	1	1	0	0	1.2	0	0	0	1.18	424	1.01668	1	0	0	0	0	0
setup	0	2020-10-21 23:00:00	ANGA	1	1	0	0	1.2	0	0	0	1.18	424	1.0525	1	0	0	0	0	0
setup	0	2020-10-22 23:00:00	ANGA	1	1	0	0	1.2	0	0	0	1.18	424	1.0525	1	0	0	0	0	0
setup	0	2020-10-23 23:00:00	ANGA	1	1	0	0	1.2	0	0	0	1.18	424	1.0525	1	0	0	0	0	0
setup	0	2020-10-24 23:00:00	ANGA	1	1	0	0	1.2	0	0	0	1.18	424	1.0525	1	0	0	0	0	0
setup	0	2020-10-25 23:00:00	ANGA	1	1	0	0	1.2	0	0	0	1.18	424	1.0525	1	0	0	0	0	0
setup	0	2020-10-26 23:00:00	ANGA	1	1	0	0	1.2	0	0	0	1.18	424	1.0525	1	0	0	0	0	0
setup	0	2020-10-27 23:00:00	ANGA	1	1	0	0	1.2	0	0	0	1.18	424	1.0525	1	0	0	0	0	0
setup	0	2020-10-28 23:00:00	ANGA	1	1	0	0	1.2	0	0	0	1.18	424	1.0525	1	0	0	0	0	0
setup	0	2020-10-29 23:00:00	ANGA	1	1	0	0	1.2	0	0	0	1.18	424	1.0525	1	0	0	0	0	0
setup	0	2020-10-30 23:00:00	ANGA	1	1	0	0	1.2	0	0	0	1.18	424	1.08456	1	0	0	0	0	0
setup	0	2020-10-31 23:00:00	ANGA	1	1	0	0	1.2	0	0	0	1.18	424	1.11245	1	0	0	0	0	0
setup	0	2020-11-01 23:00:00	ANGA	1	1	0	0	1.2	0	0	0	1.18	424	1.1358	1	0	0	0	0	0
setup	0	2020-11-02 23:00:00	ANGA	1	1	0	0	1.2	0	0	0	1.18	424	1.13517	1	0	0	0	0	0
setup	0	2020-11-03 23:00:00	ANGA	1	1	0	0	1.2	0	0	0	1.18	424	1.13444	1	0	0	0	0	0
setup	0	2020-11-04 23:00:00	ANGA	1	1	0	0	1.2	0	0	0	1.18	424	1.13359	1	0	0	0	0	0
setup	0	2020-11-05 23:00:00	ANGA	1	1	0	0	1.2	0	0	0	1.18	424	1.15112	1	0	0	0	0	0
setup	0	2020-11-06 23:00:00	ANGA	1	1	0	0	1.2	0	0	0	1.18	424	1.16337	1	0	0	0	0	0
setup	0	2020-11-07 23:00:00	ANGA	1	1	0	0	1.2	0	0	0	1.18	424	1.17016	1	0	0	0	0	0
setup	0	2020-11-08 23:00:00	ANGA	1	1	0	0	1.2	0	0	0	1.18	424	1.16863	1	0	0	0	0	0
setup	0	2020-11-09 23:00:00	ANGA	1	1	0	0	1.2	0	0	0	1.18	424	1.1696	1	0	0	0	0	0
setup	0	2020-11-10 23:00:00	ANGA	1	1	0	0	1.2	0	0	0	1.18	424	1.16761	1	0	0	0	0	0
setup	0	2020-11-11 23:00:00	ANGA	1	1	0	0	1.2	0	0	0	1.18	424	1.16535	1	0	0	0	0	0
setup	0	2020-11-12 23:00:00	ANGA	1	1	0	0	1.2	0	0	0	1.18	424	1.16278	1	0	0	0	0	0
setup	0	2020-11-13 23:00:00	ANGA	1	1	0	0	1.2	0	0	0	1.18	424	1.15989	1	0	0	0	0	0
setup	0	2020-11-14 23:00:00	ANGA	1	1	0	0	1.2	0	0	0	1.18	424	1.15662	1	0	0	0	0	0
setup	0	2020-11-15 23:00:00	ANGA	1	1	0	0	1.2	0	0	0	1.18	424	1.15296	1	0	0	0	0	0
setup	0	2020-11-16 23:00:00	ANGA	1	1	0	0	1.2	0	0	0	1.18	424	1.14885	1	0	0	0	0	0
setup	0	2020-11-17 23:00:00	ANGA	1	1	0	0	1.2	0	0	0	1.18	424	1.14425	1	0	0	0	0	0
setup	0	2020-11-18 23:00:00	ANGA	1	1	0	0	1.2	0	0	0	1.18	424	1.13913	1	0	0	0	0	0
setup	0	2020-11-19 23:00:00	ANGA	1	1	0	0	1.2	0	0	0	1.18	424	1.13344	1	0	0	0	0	0
setup	0	2020-11-20 23:00:00	ANGA	1	1	0	0	1.2	0	0	0	1.18	424	1.12713	1	0	0	0	0	0
setup	0	2020-11-21 23:00:00	ANGA	1	1	0	0	1.2	0	0	0	1.18	424	1.12015	1	0	0	0	0	0
setup	0	2020-11-22 23:00:00	ANGA	1	1	0	0	1.2	0	0	0	1.18	424	1.11245	1	0	0	0	0	0
setup	0	2020-11-23 23:00:00	ANGA	1	1	0	0	1.2	0	0	0	1.18	424	1.10398	1	0	0	0	0	0
setup	0	2020-11-24 23:00:00	ANGA	1	1	0	0	1.2	0	0	0	1.18	424	1.0947	1	0	0	0	0	0
setup	0	2020-11-25 23:00:00	ANGA	1	1	0	0	1.2	0	0	0	1.18	424	1.08455	1	0	0	0	0	0
setup	0	2020-11-26 23:00:00	ANGA	1	1	0	0	1.2	0	0	0	1.18	424	1.07349	1	0	0	0	0	0
setup	0	2020-11-27 23:00:00	ANGA	1	1	0	0	1.2	0	0	0	1.18	424	1.06145	1	0	0	0	0	0
setup	0	2020-11-28 23:00:00	ANGA	1	1	0	0	1.2	0	0	0	1.18	424	1.0484	1	0	0	0	0	0
setup	0	2020-11-29 23:00:00	ANGA	1	1	0	0	1.2	0	0	0	1.18	424	1.0343	1	0	0	0	0	0
setup	0	2020-11-30 23:00:00	ANGA	1	1	0	0	1.2	0	0	0	1.18	424	1.01909	1	0	0	0	0	0
setup	0	2020-12-01 23:00:00	ANGA	1	1	0	0	1.2	0	0	0	1.18	424	1.00275	1	0	0	0	0	0
setup	0	2020-12-02 23:00:00	ANGA	1	1	0	0	1.2	0	0	0	1.18	424	0.985231	1	0	0	0	0	0
setup	0	2020-12-03 23:00:00	ANGA	1	1	0	0	1.2	0	0	0	1.18	424	0.966516	1	0	0	0	0	0
setup	0	2020-12-04 23:00:00	ANGA	1	1	0	0	1.2	0	0	0	1.18	424	0.946581	1	0	0	0	0	0
setup	0	2020-12-05 23:00:00	ANGA	1	1	0	0	1.2	0	0	0	1.18	424	0.925412	1	0	0	0	0	0
setup	0	2020-12-06 23:00:00	ANGA	1	1	0	0	1.2	0	0	0	1.18	424	0.903	1	0	0	0	0	0
setup	0	2020-12-07 23:00:00	ANGA	1	1	0	0	1.2	0	0	0	1.18	424	0.879349	1	0	0	0	0	0
setup	0	2020-12-08 23:00:00	ANGA	1	1	0	0	1.2	0	0	0	1.18	424	0.854468	1	0	0	0	0	0
setup	0	2020-12-09 23:00:00	ANGA	1	1	0	0	1.2	0	0	0	1.18	424	0.82838	1	0	0	0	0	0
setup	0	2020-12-10 23:00:00	ANGA	1	1	0	0	1.2	0	0	0	1.18	424	0.801115	1	0	0	0	0	0
setup	0	2020-12-11 23:00:00	ANGA	1	1	0	0	1.2	0	0	0	1.18	424	0.772717	1	0	0	0	0	0
setup	0	2020-12-12 23:00:00	ANGA	1	1	0	0	1.2	0	0	0	1.18	424	0.743239	1	0	0	0	0	0
setup	0	2020-12-13 23:00:00	ANGA	1	1	0	0	1.2	0	0	0	1.18	424	0.712747	1	0	0	0	0	0
setup	0	2020-12-14 23:00:00	ANGA	1	1	0	0	1.2	0	0	0	1.18	424	0.68132	1	0	0	0	0	0
setup	0	2020-12-15 23:00:00	ANGA	1	1	0	0	1.2	0	0	0	1.18	424	0.649047	1	0	0	0	0	0
setup	0	2020-12-16 23:00:00	ANGA	1	1	0	0	1.2	0	0	0	1.18	424	0.616031	1	0	0	0	0	0
setup	0	2020-12-17 23:00:00	ANGA	1	1	0	0	1.2	0	0	0	1.18	424	0.582387	1	0	0	0	0	0
setup	0	2020-12-18 23:00:00	ANGA	1	1	0	0	1.2	0	0	0	1.18	424	0.548239	1	0	0	0	0	0
setup	0	2020-12-19 23:00:00	ANGA	1	1	0	0	1.2	0	0	0	1.18	424	0.513725	1	0	0	0	0	0
setup	0	2020-12-20 23:00:00	ANGA	1	1	0	0	1.2	0	0	0	1.18	424	0.478991	1	0	0	0	0	0
setup	0	2020-12-21 23:00:00	ANGA	1	1	0	0	1.2	0	0	0	1.18	424	0.444193	1	0	0	0	0	0
setup	0	2020-12-22 23:00:00	ANGA	1	1	0	0	1.2	0	0	0	1.18	424	0.409496	1	0	0	0	0	0
setup	0	2020-12-23 23:00:00	ANGA	1	1	0	0	1.2	0	0	0	1.18	424	0.375073	1	0	0	0	0	0
setup	0	2020-12-24 23:00:00	ANGA	1	1	0	0	1.2	0	0	0	1.18	424	0.3411	1	0	0	0	0	0
setup	0	2020-12-25 23:00:00	ANGA	1	1	0	0	1.2	0	0	0	1.18	424	0.307761	1	0	0	0	0	0
setup	0	2020-12-26 23:00:00	ANGA	1	1	0	0	1.2	0	0	0	1.18	424	0.275239	1	0	0	0	0	0
setup	0	2020-12-27 23:00:00	ANGA	1	1	0	0	1.2	0	0	0	1.18	424	0.243721	1	0	0	0	0	0
setup	0	2020-12-28 23:00:00	ANGA	1	1	0	0	1.2	0	0	0	1.18	424	0.213394	1	0	0	0	0	0
setup	0	2020-12-29 23:00:00	ANGA	1	1	0	0	1.2	0	0	0	1.18	424	0.18444	1	0	0	0	0	0
setup	0	2020-12-30 23:00:00	ANGA	1	1	0	0	1.2	0	0	0	1.18	424	0.157039	1	0	0	0	0	0
setup	0	2020-12-31 23:00:00	ANGA	1	1	0	0	1.2	0	0	0	1.18	424	0.131364	1	0	0	0	0	0
setup	0	2021-01-01 23:00:00	ANGA	1	1	0	0	1.2	0	0	0	1.18	424	0.10758	1	0	0	0	0	0
setup	0	2021-01-02 23:00:00	ANGA	1	1	0	0	1.2	0	0	0	1.18	424	0.0858447	1	0	0	0	0	0
setup	0	2021-01-03 23:00:00	ANGA	1	1	0	0	1.2	0	0	0	1.18	424	0.0663015	1	0	0	0	0	0
setup	0	2021-01-04 23:00:00	ANGA	1	1	0	0	1.2	0	0	0	1.18	424	0.0490825	1	0	0	0	0	0
setup	0	2021-01-05 23:00:00	ANGA	1	1	0	0	1.2	0	0	0	1.18	424	0.0343052	1	0	0	0	0	0
setup	0	2021-01-06 23:00:00	ANGA	1	1	0	0	1.2	0	0	0	1.18	424	0.0220715	1	0	0	0	0	0
setup	0	2021-01-07 23:00:00	ANGA	1	1	0	0	1.2	0	0	0	1.18	424	0.0124664	1	0	0	0	0	0
setup	0	2021-01-08 23:00:00	ANGA	1	1	0	0	1.2	0	0	0	1.18	424	0.00555693	1	0	0	0	0	0
setup	0	2021-01-09 23:00:00	ANGA	1	1	0	0	1.2	0	0	0	1.18	424	0.00139169	1	0	0	0	0	0
setup	0	2021-01-10 23:00:00	ANGA	1	1	0	0	1.2	0	0	0	1.18	424	0	1	0	0	0	0	0
setup	0	2021-01-11 23:00:00	ANGA	1	1	0	0	1.2	0	0	0	1.18	424	0	1	0	0	0	0	0
setup	0	2021-01-12 23:00:00	ANGA	1	1	0	0	1.2	0	0	0	1.18	424	0	1	0	0	0	0	0
setup	0	2021-01-13 23:00:00	ANGA	1	1	0	0	1.2	0	0	0	1.18	424	0	1	0	0	0	0	0
setup	0	2021-01-14 23:00:00	ANGA	1	1	0	0	1.2	0	0	0	1.18	424	0	1	0	0	0	0	0
setup	0	2021-01-15 23:00:00	ANGA	1	1	0	0	1.2	0	0	0	1.18	424	0	1	0	0	0	0	0
setup	0	2021-01-16 23:00:00	ANGA	1	1	0	0	1.2	0	0	0	1.18	424	0	1	0	0	0	0	0
setup	0	2021-01-17 23:00:00	ANGA	1	1	0	0	1.2	0	0	0	1.18	424	0	1	0	0	0	0	0
setup	0	2021-01-18 23:00:00	ANGA	1	1	0	0	1.2	0	0	0	1.18	424	0	1	0	0	0	0	0
setup	0	2021-01-19 23:00:00	ANGA	1	1	0	0	1.2	0	0	0	1.18	424	0	1	0	0	0	0	0
setup	0	2021-01-20 23:00:00	ANGA	1	1	0	0	1.2	0	0	0	1.18	424	0	1	0	0	0	0	0
setup	0	2021-01-21 23:00:00	ANGA	1	1	0	0	1.2	0	0	0	1.18	424	0	1	0	0	0	0	0
setup	0	2021-01-22 23:00:00	ANGA	1	1	0	0	1.2	0	0	0	1.18	424	0	1	0	0	0	0	0
setup	0	2021-01-23 23:00:00	ANGA	1	1	0	0	1.2	0	0	0	1.18	424	0	1	0	0	0	0	0
setup	0	2021-01-24 23:00:00	ANGA	1	1	0	0	1.2	0	0	0	1.18	424	0	1	0	0	0	0	0
setup	0	2021-01-25 23:00:00	ANGA	1	1	0	0	1.2	0	0	0	1.18	424	0	1	0	0	0	0	0
setup	0	2021-01-26 23:00:00	ANGA	1	1	0	0	1.2	0	0	0	1.18	424	0	1	0	0	0	0	0
setup	0	2021-01-27 23:00:00	ANGA	1	1	0	0	1.2	0	0	0	1.18	424	0	1	0	0	0	0	0
setup	0	2021-01-28 23:00:00	ANGA	1	1	0	0	1.2	0	0	0	1.18	424	0	1	0	0	0	0	0
setup	0	2021-01-29 23:00:00	ANGA	1	1	0	0	1.2	0	0	0	1.18	424	0	1	0	0	0	0	0
setup	0	2021-01-30 23:00:00	ANGA	1	1	0	0	1.2	0	0	0	1.18	424	0	1	0	0	0	0	0
setup	0	2021-01-31 23:00:00	ANGA	1	1	0	0	1.2	0	0	0	1.18	424	0.0024443	1	0	0	0	0	0
setup	0	2021-02-01 23:00:00	ANGA	1	1	0	0	1.2	0	0	0	1.18	424	0.00308607	1	0	0	0	0	0
setup	0	2021-02-02 23:00:00	ANGA	1	1	0	0	1.2	0	0	0	1.18	424	0.00387839	1	0	0	0	0	0
setup	0	2021-02-03 23:00:00	ANGA	1	1	0	0	1.2	0	0	0	1.18	424	0.00485169	1	0	0	0	0	0
setup	0	2021-02-04 23:00:00	ANGA	1	1	0	0	1.2	0	0	0	1.18	424	0.00604128	1	0	0	0	0	0
setup	0	2021-02-05 23:00:00	ANGA	1	1	0	0	1.2	0	0	0	1.18	424	0.00748791	1	0	0	0	0	0
setup	0	2021-02-06 23:00:00	ANGA	1	1	0	0	1.2	0	0	0	1.18	424	0.00923819	1	0	0	0	0	0
setup	0	2021-02-07 23:00:00	ANGA	1	1	0	0	1.2	0	0	0	1.18	424	0.0113451	1	0	0	0	0	0
setup	0	2021-02-08 23:00:00	ANGA	1	1	0	0	1.2	0	0	0	1.18	424	0.0138683	1	0	0	0	0	0
setup	0	2021-02-09 23:00:00	ANGA	1	1	0	0	1.2	0	0	0	1.18	424	0.0168747	1	0	0	0	0	0
setup	0	2021-02-10 23:00:00	ANGA	1	1	0	0	1.2	0	0	0	1.18	424	0.0204382	1	0	0	0	0	0
setup	0	2021-02-11 23:00:00	ANGA	1	1	0	0	1.2	0	0	0	1.18	424	0.0246402	1	0	0	0	0	0
setup	0	2021-02-12 23:00:00	ANGA	1	1	0	0	1.2	0	0	0	1.18	424	0.0295693	1	0	0	0	0	0
setup	0	2021-02-13 23:00:00	ANGA	1	1	0	0	1.2	0	0	0	1.18	424	0.0353209	1	0	0	0	0	0
setup	0	2021-02-14 23:00:00	ANGA	1	1	0	0	1.2	0	0	0	1.18	424	0.041997	1	0	0	0	0	0
setup	0	2021-02-15 23:00:00	ANGA	1	1	0	0	1.2	0	0	0	1.18	424	0.049705	1	0	0	0	0	0
setup	0	2021-02-16 23:00:00	ANGA	1	1	0	0	1.2	0	0	0	1.18	424	0.0585567	1	0	0	0	0	0
setup	0	2021-02-17 23:00:00	ANGA	1	1	0	0	1.2	0	0	0	1.18	424	0.068667	1	0	0	0	0	0
setup	0	2021-02-18 23:00:00	ANGA	1	1	0	0	1.2	0	0	0	1.18	424	0.0801521	1	0	0	0	0	0
setup	0	2021-02-19 23:00:00	ANGA	1	1	0	0	1.2	0	0	0	1.18	424	0.0931272	1	0	0	0	0	0
setup	0	2021-02-20 23:00:00	ANGA	1	1	0	0	1.2	0	0	0	1.18	424	0.107704	1	0	0	0	0	0
setup	0	2021-02-21 23:00:00	ANGA	1	1	0	0	1.2	0	0	0	1.18	424	0.123989	1	0	0	0	0	0
setup	0	2021-02-22 23:00:00	ANGA	1	1	0	0	1.2	0	0	0	1.18	424	0.14208	1	0	0	0	0	0
setup	0	2021-02-23 23:00:00	ANGA	1	1	0	0	1.2	0	0	0	1.18	424	0.162059	1	0	0	0	0	0
setup	0	2021-02-24 23:00:00	ANGA	1	1	0	0	1.2	0	0	0	1.18	424	0.183997	1	0	0	0	0	0
setup	0	2021-02-25 23:00:00	ANGA	1	1	0	0	1.2	0	0	0	1.18	424	0.207942	1	0	0	0	0	0
setup	0	2021-02-26 23:00:00	ANGA	1	1	0	0	1.2	0	0	0	1.18	424	0.233921	1	0	0	0	0	0
setup	0	2021-02-27 23:00:00	ANGA	1	1	0	0	1.2	0	0	0	1.18	424	0.261933	1	0	0	0	0	0
setup	0	2021-02-28 23:00:00	ANGA	1	1	0	0	1.2	0	0	0	1.18	424	0.291949	1	0	0	0	0	0
setup	0	2021-03-01 23:00:00	ANGA	1	1	0	0	1.2	0	0	0	1.18	424	0.323906	1	0	0	0	0	0
setup	0	2021-03-02 23:00:00	ANGA	1	1	0	0	1.2	0	0	0	1.18	424	0.357706	1	0	0	0	0	0
setup	0	2021-03-03 23:00:00	ANGA	1	1	0	0	1.2	0	0	0	1.18	424	0.393214	1	0	0	0	0	0
setup	0	2021-03-04 23:00:00	ANGA	1	1	0	0	1.2	0	0	0	1.18	424	0.430255	1	0	0	0	0	0
setup	0	2021-03-05 23:00:00	ANGA	1	1	0	0	1.2	0	0	0	1.18	424	0.468616	1	0	0	0	0	0
setup	0	2021-03-06 23:00:00	ANGA	1	1	0	0	1.2	0	0	0	1.18	424	0.508048	1	0	0	0	0	0
setup	0	2021-03-07 23:00:00	ANGA	1	1	0	0	1.2	0	0	0	1.18	424	0.508048	1	0	0	0	0	0
setup	0	2021-03-08 23:00:00	ANGA	1	1	0	0	1.2	0	0	0	1.18	424	0.508048	1	0	0	0	0	0
setup	0	2021-03-09 23:00:00	ANGA	1	1	0	0	1.2	0	0	0	1.18	424	0.508048	1	0	0	0	0	0
setup	0	2021-03-10 23:00:00	ANGA	1	1	0	0	1.2	0	0	0	1.18	424	0.508048	1	0	0	0	0	0
setup	0	2021-03-11 23:00:00	ANGA	1	1	0	0	1.2	0	0	0	1.18	424	0.508048	1	0	0	0	0	0
setup	0	2021-03-12 23:00:00	ANGA	1	1	0	0	1.2	0	0	0	1.18	424	0.508048	1	0	0	0	0	0
setup	0	2021-03-13 23:00:00	ANGA	1	1	0	0	1.2	0	0	0	1.18	424	0.508048	1	0	0	0	0	0
setup	0	2021-03-14 23:00:00	ANGA	1	1	0	0	1.2	0	0	0	1.18	424	0.508048	1	0	0	0	0	0
setup	0	2021-03-15 23:00:00	ANGA	1	1	0	0	1.2	0	0	0	1.18	424	0.508048	1	0	0	0	0	0
setup	0	2021-03-16 23:00:00	ANGA	1	1	0	0	1.2	0	0	0	1.18	424	0.508048	1	0	0	0	0	0
setup	0	2021-03-17 23:00:00	ANGA	1	1	0	0	1.2	0	0	0	1.18	424	0.508048	1	0	0	0	0	0
setup	0	2021-03-18 23:00:00	ANGA	1	1	0	0	1.2	0	0	0	1.18	424	0.508048	1	0	0	0	0	0
setup	0	2021-03-19 23:00:00	ANGA	1	1	0	0	1.2	0	0	0	1.18	424	0.508048	1	0	0	0	0	0
setup	0	2021-03-20 23:00:00	ANGA	1	1	0	0	1.2	0	0	0	1.18	424	0.508048	1	0	0	0	0	0
setup	0	2021-03-21 23:00:00	ANGA	1	1	0	0	1.2	0	0	0	1.18	424	0.508048	1	0	0	0	0	0
setup	0	2021-03-22 23:00:00	ANGA	1	1	0	0	1.2	0	0	0	1.18	424	0.508048	1	0	0	0	0	0
setup	0	2021-03-23 23:00:00	ANGA	1	1	0	0	1.2	0	0	0	1.18	424	0.508048	1	0	0	0	0	0
setup	0	2021-03-24 23:00:00	ANGA	1	1	0	0	1.2	0	0	0	1.18	424	0.508048	1	0	0	0	0	0
setup	0	2021-03-25 23:00:00	ANGA	1	1	0	0	1.2	0	0	0	1.18	424	0.508048	1	0	0	0	0	0
setup	0	2021-03-26 23:00:00	ANGA	1	1	0	0	1.2	0	0	0	1.18	424	0.508048	1	0	0	0	0	0
setup	0	2021-03-27 23:00:00	ANGA	1	1	0	0	1.2	0	0	0	1.18	424	0.508048	1	0	0	0	0	0
setup	0	2021-03-28 23:00:00	ANGA	1	1	0	0	1.2	0	0	0	1.18	424	0.508048	1	0	0	0	0	0
setup	0	2021-03-29 23:00:00	ANGA	1	1	0	0	1.2	0	0	0	1.18	424	0.54826	1	0	0	0	0	0
setup	0	2021-03-30 23:00:00	ANGA	1	1	0	0	1.2	0	0	0	1.18	424	0.58893	1	0	0	0	0	0
setup	0	2021-03-31 23:00:00	ANGA	1	1	0	0	1.2	0	0	0	1.18	424	0.629703	1	0	0	0	0	0
setup	0	2021-04-01 23:00:00	ANGA	1	1	0	0	1.2	0	0	0	1.18	424	0.670198	1	0	0	0	0	0
setup	0	2021-04-02 23:00:00	ANGA	1	1	0	0	1.2	0	0	0	1.18	424	0.710011	1	0	0	0	0	0
setup	0	2021-04-03 23:00:00	ANGA	1	1	0	0	1.2	0	0	0	1.18	424	0.748725	1	0	0	0	0	0
setup	0	2021-04-04 23:00:00	ANGA	1	1	0	0	1.2	0	0	0	1.18	424	0.785913	1	0	0	0	0	0
setup	0	2021-04-05 23:00:00	ANGA	1	1	0	0	1.2	0	0	0	1.18	424	0.821149	1	0	0	0	0	0
setup	0	2021-04-06 23:00:00	ANGA	1	1	0	0	1.2	0	0	0	1.18	424	0.854012	1	0	0	0	0	0
setup	0	2021-04-07 23:00:00	ANGA	1	1	0	0	1.2	0	0	0	1.18	424	0.8841	1	0	0	0	0	0
setup	0	2021-04-08 23:00:00	ANGA	1	1	0	0	1.2	0	0	0	1.18	424	0.911032	1	0	0	0	0	0
setup	0	2021-04-09 23:00:00	ANGA	1	1	0	0	1.2	0	0	0	1.18	424	0.934461	1	0	0	0	0	0
setup	0	2021-04-10 23:00:00	ANGA	1	1	0	0	1.2	0	0	0	1.18	424	0.953558	1	0	0	0	0	0
setup	0	2021-04-11 23:00:00	ANGA	1	1	0	0	1.2	0	0	0	1.18	424	0.968484	1	0	0	0	0	0
setup	0	2021-04-12 23:00:00	ANGA	1	1	0	0	1.2	0	0	0	1.18	424	0.979016	1	0	0	0	0	0
setup	0	2021-04-13 23:00:00	ANGA	1	1	0	0	1.2	0	0	0	1.18	424	0.984988	1	0	0	0	0	0
setup	0	2021-04-14 23:00:00	ANGA	1	1	0	0	1.2	0	0	0	1.18	424	0.98401	1	0	0	0	0	0
setup	0	2021-04-15 23:00:00	ANGA	1	1	0	0	1.2	0	0	0	1.18	424	0.982888	1	0	0	0	0	0
setup	0	2021-04-16 23:00:00	ANGA	1	1	0	0	1.2	0	0	0	1.18	424	0.981604	1	0	0	0	0	0
setup	0	2021-04-17 23:00:00	ANGA	1	1	0	0	1.2	0	0	0	1.18	424	0.980137	1	0	0	0	0	0
setup	0	2021-04-18 23:00:00	ANGA	1	1	0	0	1.2	0	0	0	1.18	424	0.978467	1	0	0	0	0	0
setup	0	2021-04-19 23:00:00	ANGA	1	1	0	0	1.2	0	0	0	1.18	424	0.976571	1	0	0	0	0	0
setup	0	2021-04-20 23:00:00	ANGA	1	1	0	0	1.2	0	0	0	1.18	424	0.974423	1	0	0	0	0	0
setup	0	2021-04-21 23:00:00	ANGA	1	1	0	0	1.2	0	0	0	1.18	424	0.971996	1	0	0	0	0	0
setup	0	2021-04-22 23:00:00	ANGA	1	1	0	0	1.2	0	0	0	1.18	424	0.971544	1	0	0	0	0	0
setup	0	2021-04-23 23:00:00	ANGA	1	1	0	0	1.2	0	0	0	1.18	424	0.968463	1	0	0	0	0	0
setup	0	2021-04-24 23:00:00	ANGA	1	1	0	0	1.2	0	0	0	1.18	424	0.965011	1	0	0	0	0	0
setup	0	2021-04-25 23:00:00	ANGA	1	1	0	0	1.2	0	0	0	1.18	424	0.961152	1	0	0	0	0	0
setup	0	2021-04-26 23:00:00	ANGA	1	1	0	0	1.2	0	0	0	1.18	424	0.95685	1	0	0	0	0	0
setup	0	2021-04-27 23:00:00	ANGA	1	1	0	0	1.2	0	0	0	1.18	424	0.952068	1	0	0	0	0	0
setup	0	2021-04-28 23:00:00	ANGA	1	1	0	0	1.2	0	0	0	1.18	424	0.946765	1	0	0	0	0	0
setup	0	2021-04-29 23:00:00	ANGA	1	1	0	0	1.2	0	0	0	1.18	424	0.940902	1	0	0	0	0	0
setup	0	2021-04-30 23:00:00	ANGA	1	1	0	0	1.2	0	0	0	1.18	424	0.934437	1	0	0	0	0	0
setup	0	2021-05-01 23:00:00	ANGA	1	1	0	0	1.2	0	0	0	1.18	424	0.927327	1	0	0	0	0	0
setup	0	2021-05-02 23:00:00	ANGA	1	1	0	0	1.2	0	0	0	1.18	424	0.919531	1	0	0	0	0	0
setup	0	2021-05-03 23:00:00	ANGA	1	1	0	0	1.2	0	0	0	1.18	424	0.911006	1	0	0	0	0	0
setup	0	2021-05-04 23:00:00	ANGA	1	1	0	0	1.2	0	0	0	1.18	424	0.90171	1	0	0	0	0	0
setup	0	2021-05-05 23:00:00	ANGA	1	1	0	0	1.2	0	0	0	1.18	424	0.891601	1	0	0	0	0	0
setup	0	2021-05-06 23:00:00	ANGA	1	1	0	0	1.2	0	0	0	1.18	424	0.880641	1	0	0	0	0	0
setup	0	2021-05-07 23:00:00	ANGA	1	1	0	0	1.2	0	0	0	1.18	424	0.868792	1	0	0	0	0	0
setup	0	2021-05-08 23:00:00	ANGA	1	1	0	0	1.2	0	0	0	1.18	424	0.856018	1	0	0	0	0	0
setup	0	2021-05-09 23:00:00	ANGA	1	1	0	0	1.2	0	0	0	1.18	424	0.842289	1	0	0	0	0	0
setup	0	2021-05-10 23:00:00	ANGA	1	1	0	0	1.2	0	0	0	1.18	424	0.827576	1	0	0	0	0	0
setup	0	2021-05-11 23:00:00	ANGA	1	1	0	0	1.2	0	0	0	1.18	424	0.811856	1	0	0	0	0	0
setup	0	2021-05-12 23:00:00	ANGA	1	1	0	0	1.2	0	0	0	1.18	424	0.795111	1	0	0	0	0	0
setup	0	2021-05-13 23:00:00	ANGA	1	1	0	0	1.2	0	0	0	1.18	424	0.777329	1	0	0	0	0	0
setup	0	2021-05-14 23:00:00	ANGA	1	1	0	0	1.2	0	0	0	1.18	424	0.758504	1	0	0	0	0	0
setup	0	2021-05-15 23:00:00	ANGA	1	1	0	0	1.2	0	0	0	1.18	424	0.738637	1	0	0	0	0	0
setup	0	2021-05-16 23:00:00	ANGA	1	1	0	0	1.2	0	0	0	1.18	424	0.717738	1	0	0	0	0	0
setup	0	2021-05-17 23:00:00	ANGA	1	1	0	0	1.2	0	0	0	1.18	424	0.695824	1	0	0	0	0	0
setup	0	2021-05-18 23:00:00	ANGA	1	1	0	0	1.2	0	0	0	1.18	424	0.672923	1	0	0	0	0	0
setup	0	2021-05-19 23:00:00	ANGA	1	1	0	0	1.2	0	0	0	1.18	424	0.649068	1	0	0	0	0	0
setup	0	2021-05-20 23:00:00	ANGA	1	1	0	0	1.2	0	0	0	1.18	424	0.624307	1	0	0	0	0	0
setup	0	2021-05-21 23:00:00	ANGA	1	1	0	0	1.2	0	0	0	1.18	424	0.598695	1	0	0	0	0	0
setup	0	2021-05-22 23:00:00	ANGA	1	1	0	0	1.2	0	0	0	1.18	424	0.572296	1	0	0	0	0	0
setup	0	2021-05-23 23:00:00	ANGA	1	1	0	0	1.2	0	0	0	1.18	424	0.545188	1	0	0	0	0	0
setup	0	2021-05-24 23:00:00	ANGA	1	1	0	0	1.2	0	0	0	1.18	424	0.517455	1	0	0	0	0	0
setup	0	2021-05-25 23:00:00	ANGA	1	1	0	0	1.2	0	0	0	1.18	424	0.489194	1	0	0	0	0	0
setup	0	2021-05-26 23:00:00	ANGA	1	1	0	0	1.2	0	0	0	1.18	424	0.460511	1	0	0	0	0	0
setup	0	2021-05-27 23:00:00	ANGA	1	1	0	0	1.2	0	0	0	1.18	424	0.43152	1	0	0	0	0	0
setup	0	2021-05-28 23:00:00	ANGA	1	1	0	0	1.2	0	0	0	1.18	424	0.402343	1	0	0	0	0	0
setup	0	2021-05-29 23:00:00	ANGA	1	1	0	0	1.2	0	0	0	1.18	424	0.373114	1	0	0	0	0	0
setup	0	2021-05-30 23:00:00	ANGA	1	1	0	0	1.2	0	0	0	1.18	424	0.34397	1	0	0	0	0	0
setup	0	2021-05-31 23:00:00	ANGA	1	1	0	0	1.2	0	0	0	1.18	424	0.315055	1	0	0	0	0	0
setup	0	2021-06-01 23:00:00	ANGA	1	1	0	0	1.2	0	0	0	1.18	424	0.286518	1	0	0	0	0	0
setup	0	2021-06-02 23:00:00	ANGA	1	1	0	0	1.2	0	0	0	1.18	424	0.258513	1	0	0	0	0	0
setup	0	2021-06-03 23:00:00	ANGA	1	1	0	0	1.2	0	0	0	1.18	424	0.231196	1	0	0	0	0	0
setup	0	2021-06-04 23:00:00	ANGA	1	1	0	0	1.2	0	0	0	1.18	424	0.204721	1	0	0	0	0	0
setup	0	2021-06-05 23:00:00	ANGA	1	1	0	0	1.2	0	0	0	1.18	424	0.179247	1	0	0	0	0	0
setup	0	2021-06-06 23:00:00	ANGA	1	1	0	0	1.2	0	0	0	1.18	424	0.154926	1	0	0	0	0	0
setup	0	2021-06-07 23:00:00	ANGA	1	1	0	0	1.2	0	0	0	1.18	424	0.13191	1	0	0	0	0	0
setup	0	2021-06-08 23:00:00	ANGA	1	1	0	0	1.2	0	0	0	1.18	424	0.110343	1	0	0	0	0	0
setup	0	2021-06-09 23:00:00	ANGA	1	1	0	0	1.2	0	0	0	1.18	424	0.0903656	1	0	0	0	0	0
setup	0	2021-06-10 23:00:00	ANGA	1	1	0	0	1.2	0	0	0	1.18	424	0.072108	1	0	0	0	0	0
setup	0	2021-06-11 23:00:00	ANGA	1	1	0	0	1.2	0	0	0	1.18	424	0.055692	1	0	0	0	0	0
setup	0	2021-06-12 23:00:00	ANGA	1	1	0	0	1.2	0	0	0	1.18	424	0.0412284	1	0	0	0	0	0
setup	0	2021-06-13 23:00:00	ANGA	1	1	0	0	1.2	0	0	0	1.18	424	0.0288158	1	0	0	0	0	0
setup	0	2021-06-14 23:00:00	ANGA	1	1	0	0	1.2	0	0	0	1.18	424	0.0185397	1	0	0	0	0	0
setup	0	2021-06-15 23:00:00	ANGA	1	1	0	0	1.2	0	0	0	1.18	424	0.0104715	1	0	0	0	0	0
setup	0	2021-06-16 23:00:00	ANGA	1	1	0	0	1.2	0	0	0	1.18	424	0.00466773	1	0	0	0	0	0
setup	0	2021-06-17 23:00:00	ANGA	1	1	0	0	1.2	0	0	0	1.18	424	0.00116899	1	0	0	0	0	0
setup	0	2021-06-18 23:00:00	ANGA	1	1	0	0	1.2	0	0	0	1.18	424	0	1	0	0	0	0	0
setup	0	2021-06-19 23:00:00	ANGA	1	1	0	0	1.2	0	0	0	1.18	424	0	1	0	0	0	0	0
setup	0	2021-06-20 23:00:00	ANGA	1	1	0	0	1.2	0	0	0	1.18	424	0	1	0	0	0	0	0
setup	0	2021-06-21 23:00:00	ANGA	1	1	0	0	1.2	0	0	0	1.18	424	0	1	0	0	0	0	0
setup	0	2021-06-22 23:00:00	ANGA	1	1	0	0	1.2	0	0	0	1.18	424	0	1	0	0	0	0	0
setup	0	2021-06-23 23:00:00	ANGA	1	1	0	0	1.2	0	0	0	1.18	424	0	1	0	0	0	0	0
setup	0	2021-06-24 23:00:00	ANGA	1	1	0	0	1.2	0	0	0	1.18	424	0	1	0	0	0	0	0
setup	0	2021-06-25 23:00:00	ANGA	1	1	0	0	1.2	0	0	0	1.18	424	0	1	0	0	0	0	0
setup	0	2021-06-26 23:00:00	ANGA	1	1	0	0	1.2	0	0	0	1.18	424	0	1	0	0	0	0	0
setup	0	2021-06-27 23:00:00	ANGA	1	1	0	0	1.2	0	0	0	1.18	424	0	1	0	0	0	0	0
setup	0	2021-06-28 23:00:00	ANGA	1	1	0	0	1.2	0	0	0	1.18	424	0	1	0	0	0	0	0
setup	0	2021-06-29 23:00:00	ANGA	1	1	0	0	1.2	0	0	0	1.18	424	0	1	0	0	0	0	0
setup	0	2021-06-30 23:00:00	ANGA	1	1	0	0	1.2	0	0	0	1.18	424	0	1	0	0	0	0	0
setup	0	2021-07-01 23:00:00	ANGA	1	1	0	0	1.2	0	0	0	1.18	424	0	1	0	0	0	0	0
setup	0	2021-07-02 23:00:00	ANGA	1	1	0	0	1.2	0	0	0	1.18	424	0	1	0	0	0	0	0
setup	0	2021-07-03 23:00:00	ANGA	1	1	0	0	1.2	0	0	0	1.18	424	0	1	0	0	0	0	0
setup	0	2021-07-04 23:00:00	ANGA	1	1	0	0	1.2	0	0	0	1.18	424	0	1	0	0	0	0	0
setup	0	2021-07-05 23:00:00	ANGA	1	1	0	0	1.2	0	0	0	1.18	424	0	1	0	0	0	0	0
setup	0	2021-07-06 23:00:00	ANGA	1	1	0	0	1.2	0	0	0	1.18	424	0	1	0	0	0	0	0
setup	0	2021-07-07 23:00:00	ANGA	1	1	0	0	1.2	0	0	0	1.18	424	0	1	0	0	0	0	0
setup	0	2021-07-08 23:00:00	ANGA	1	1	0	0	1.2	0	0	0	1.18	424	0	1	0	0	0	0	0
setup	0	2021-07-09 23:00:00	ANGA	1	1	0	0	1.2	0	0	0	1.18	424	0	1	0	0	0	0	0
setup	0	2021-07-10 23:00:00	ANGA	1	1	0	0	1.2	0	0	0	1.18	424	0	1	0	0	0	0	0
setup	0	2021-07-11 23:00:00	ANGA	1	1	0	0	1.2	0	0	0	1.18	424	0	1	0	0	0	0	0
setup	0	2021-07-12 23:00:00	ANGA	1	1	0	0	1.2	0	0	0	1.18	424	0	1	0	0	0	0	0
setup	0	2021-07-13 23:00:00	ANGA	1	1	0	0	1.2	0	0	0	1.18	424	0	1	0	0	0	0	0
setup	0	2021-07-14 23:00:00	ANGA	1	1	0	0	1.2	0	0	0	1.18	424	0	1	0	0	0	0	0
setup	0	2021-07-15 23:00:00	ANGA	1	1	0	0	1.2	0	0	0	1.18	424	0	1	0	0	0	0	0
setup	0	2021-07-16 23:00:00	ANGA	1	1	0	0	1.2	0	0	0	1.18	424	0	1	0	0	0	0	0
setup	0	2021-07-17 23:00:00	ANGA	1	1	0	0	1.2	0	0	0	1.18	424	0	1	0	0	0	0	0
setup	0	2021-07-18 23:00:00	ANGA	1	1	0	0	1.2	0	0	0	1.18	424	0	1	0	0	0	0	0
setup	0	2021-07-19 23:00:00	ANGA	1	1	0	0	1.2	0	0	0	1.18	424	0	1	0	0	0	0	0
setup	0	2021-07-20 23:00:00	ANGA	1	1	0	0	1.2	0	0	0	1.18	424	0	1	0	0	0	0	0
setup	0	2021-07-21 23:00:00	ANGA	1	1	0	0	1.2	0	0	0	1.18	424	0	1	0	0	0	0	0
setup	0	2021-07-22 23:00:00	ANGA	1	1	0	0	1.2	0	0	0	1.18	424	0	1	0	0	0	0	0
setup	0	2021-07-23 23:00:00	ANGA	1	1	0	0	1.2	0	0	0	1.18	424	0	1	0	0	0	0	0
setup	0	2021-07-24 23:00:00	ANGA	1	1	0	0	1.2	0	0	0	1.18	424	0	1	0	0	0	0	0
setup	0	2021-07-25 23:00:00	ANGA	1	1	0	0	1.2	0	0	0	1.18	424	0	1	0	0	0	0	0
setup	0	2021-07-26 23:00:00	ANGA	1	1	0	0	1.2	0	0	0	1.18	424	0	1	0	0	0	0	0
setup	0	2021-07-27 23:00:00	ANGA	1	1	0	0	1.2	0	0	0	1.18	424	0	1	0	0	0	0	0
setup	0	2021-07-28 23:00:00	ANGA	1	1	0	0	1.2	0	0	0	1.18	424	0	1	0	0	0	0	0
setup	0	2021-07-29 23:00:00	ANGA	1	1	0	0	1.2	0	0	0	1.18	424	0	1	0	0	0	0	0
setup	0	2021-07-30 23:00:00	ANGA	1	1	0	0	1.2	0	0	0	1.18	424	0	1	0	0	0	0	0
setup	0	2021-07-31 23:00:00	ANGA	1	1	0	0	1.2	0	0	0	1.18	424	0	1	0	0	0	0	0
setup	0	2021-08-01 23:00:00	ANGA	1	1	0	0	1.2	0	0	0	1.18	424	0	1	0	0	0	0	0
setup	0	2021-08-02 23:00:00	ANGA	1	1	0	0	1.2	0	0	0	1.18	424	0	1	0	0	0	0	0
setup	0	2021-08-03 23:00:00	ANGA	1	1	0	0	1.2	0	0	0	1.18	424	0	1	0	0	0	0	0
setup	0	2021-08-04 23:00:00	ANGA	1	1	0	0	1.2	0	0	0	1.18	424	0	1	0	0	0	0	0
setup	0	2021-08-05 23:00:00	ANGA	1	1	0	0	1.2	0	0	0	1.18	424	0	1	0	0	0	0	0
setup	0	2021-08-06 23:00:00	ANGA	1	1	0	0	1.2	0	0	0	1.18	424	0	1	0	0	0	0	0
setup	0	2021-08-07 23:00:00	ANGA	1	1	0	0	1.2	0	0	0	1.18	424	0	1	0	0	0	0	0
setup	0	2021-08-08 23:00:00	ANGA	1	1	0	0	1.2	0	0	0	1.18	424	0	1	0	0	0	0	0
setup	0	2021-08-09 23:00:00	ANGA	1	1	0	0	1.2	0	0	0	1.18	424	0	1	0	0	0	0	0
setup	0	2021-08-10 23:00:00	ANGA	1	1	0	0	1.2	0	0	0	1.18	424	0	1	0	0	0	0	0
setup	0	2021-08-11 23:00:00	ANGA	1	1	0	0	1.2	0	0	0	1.18	424	0.00183661	1	0	0	0	0	0
setup	0	2021-08-12 23:00:00	ANGA	1	1	0	0	1.2	0	0	0	1.18	424	0.00231882	1	0	0	0	0	0
setup	0	2021-08-13 23:00:00	ANGA	1	1	0	0	1.2	0	0	0	1.18	424	0.00291416	1	0	0	0	0	0
setup	0	2021-08-14 23:00:00	ANGA	1	1	0	0	1.2	0	0	0	1.18	424	0.00291416	1	0	0	0	0	0
setup	0	2021-08-15 23:00:00	ANGA	1	1	0	0	1.2	0	0	0	1.18	424	0.00291416	1	0	0	0	0	0
setup	0	2021-08-16 23:00:00	ANGA	1	1	0	0	1.2	0	0	0	1.18	424	0.00291416	1	0	0	0	0	0
setup	0	2021-08-17 23:00:00	ANGA	1	1	0	0	1.2	0	0	0	1.18	424	0.00291416	1	0	0	0	0	0
setup	0	2021-08-18 23:00:00	ANGA	1	1	0	0	1.2	0	0	0	1.18	424	0.00291416	1	0	0	0	0	0
setup	0	2021-08-19 23:00:00	ANGA	1	1	0	0	1.2	0	0	0	1.18	424	0.00291416	1	0	0	0	0	0
setup	0	2021-08-20 23:00:00	ANGA	1	1	0	0	1.2	0	0	0	1.18	424	0.00291416	1	0	0	0	0	0
setup	0	2021-08-21 23:00:00	ANGA	1	1	0	0	1.2	0	0	0	1.18	424	0.00291416	1	0	0	0	0	0
setup	0	2021-08-22 23:00:00	ANGA	1	1	0	0	1.2	0	0	0	1.18	424	0.00291416	1	0	0	0	0	0
setup	0	2021-08-23 23:00:00	ANGA	1	1	0	0	1.2	0	0	0	1.18	424	0.00291416	1	0	0	0	0	0
setup	0	2021-08-24 23:00:00	ANGA	1	1	0	0	1.2	0	0	0	1.18	424	0.00291416	1	0	0	0	0	0
setup	0	2021-08-25 23:00:00	ANGA	1	1	0	0	1.2	0	0	0	1.18	424	0.00291416	1	0	0	0	0	0
setup	0	2021-08-26 23:00:00	ANGA	1	1	0	0	1.2	0	0	0	1.18	424	0.00291416	1	0	0	0	0	0
setup	0	2021-08-27 23:00:00	ANGA	1	1	0	0	1.2	0	0	0	1.18	424	0.00291416	1	0	0	0	0	0
setup	0	2021-08-28 23:00:00	ANGA	1	1	0	0	1.2	0	0	0	1.18	424	0.00291416	1	0	0	0	0	0
setup	0	2021-08-29 23:00:00	ANGA	1	1	0	0	1.2	0	0	0	1.18	424	0.00291416	1	0	0	0	0	0
setup	0	2021-08-30 23:00:00	ANGA	1	1	0	0	1.2	0	0	0	1.18	424	0.00291416	1	0	0	0	0	0
setup	0	2021-08-31 23:00:00	ANGA	1	1	0	0	1.2	0	0	0	1.18	424	0.00291416	1	0	0	0	0	0
setup	0	2021-09-01 23:00:00	ANGA	1	1	0	0	1.2	0	0	0	1.18	424	0.00291416	1	0	0	0	0	0
setup	0	2021-09-02 23:00:00	ANGA	1	1	0	0	1.2	0	0	0	1.18	424	0.00291416	1	0	0	0	0	0
setup	0	2021-09-03 23:00:00	ANGA	1	1	0	0	1.2	0	0	0	1.18	424	0.00291416	1	0	0	0	0	0
setup	0	2021-09-04 23:00:00	ANGA	1	1	0	0	1.2	0	0	0	1.18	424	0.00291416	1	0	0	0	0	0
setup	0	2021-09-05 23:00:00	ANGA	1	1	0	0	1.2	0	0	0	1.18	424	0.00291416	1	0	0	0	0	0
setup	0	2021-09-06 23:00:00	ANGA	1	1	0	0	1.2	0	0	0	1.18	424	0.00291416	1	0	0	0	0	0
setup	0	2021-09-07 23:00:00	ANGA	1	1	0	0	1.2	0	0	0	1.18	424	0.00291416	1	0	0	0	0	0
setup	0	2021-09-08 23:00:00	ANGA	1	1	0	0	1.2	0	0	0	1.18	424	0.00291416	1	0	0	0	0	0
setup	0	2021-09-09 23:00:00	ANGA	1	1	0	0	1.2	0	0	0	1.18	424	0.00291416	1	0	0	0	0	0
setup	0	2021-09-10 23:00:00	ANGA	1	1	0	0	1.2	0	0	0	1.18	424	0.00291416	1	0	0	0	0	0
setup	0	2021-09-11 23:00:00	ANGA	1	1	0	0	1.2	0	0	0	1.18	424	0.00291416	1	0	0	0	0	0
setup	0	2021-09-12 23:00:00	ANGA	1	1	0	0	1.2	0	0	0	1.18	424	0.00291416	1	0	0	0	0	0
setup	0	2021-09-13 23:00:00	ANGA	1	1	0	0	1.2	0	0	0	1.18	424	0.00291416	1	0	0	0	0	0
setup	0	2021-09-14 23:00:00	ANGA	1	1	0	0	1.2	0	0	0	1.18	424	0.00291416	1	0	0	0	0	0
setup	0	2021-09-15 23:00:00	ANGA	1	1	0	0	1.2	0	0	0	1.18	424	0.00291416	1	0	0	0	0	0
setup	0	2021-09-16 23:00:00	ANGA	1	1	0	0	1.2	0	0	0	1.18	424	0.00291416	1	0	0	0	0	0
setup	0	2021-09-17 23:00:00	ANGA	1	1	0	0	1.2	0	0	0	1.18	424	0.00291416	1	0	0	0	0	0
setup	0	2021-09-18 23:00:00	ANGA	1	1	0	0	1.2	0	0	0	1.18	424	0.00291416	1	0	0	0	0	0
setup	0	2021-09-19 23:00:00	ANGA	1	1	0	0	1.2	0	0	0	1.18	424	0.00291416	1	0	0	0	0	0
setup	0	2021-09-20 23:00:00	ANGA	1	1	0	0	1.2	0	0	0	1.18	424	0.00291416	1	0	0	0	0	0
setup	0	2021-09-21 23:00:00	ANGA	1	1	0	0	1.2	0	0	0	1.18	424	0.00291416	1	0	0	0	0	0
setup	0	2021-09-22 23:00:00	ANGA	1	1	0	0	1.2	0	0	0	1.18	424	0.00291416	1	0	0	0	0	0
setup	0	2021-09-23 23:00:00	ANGA	1	1	0	0	1.2	0	0	0	1.18	424	0.00291416	1	0	0	0	0	0
setup	0	2021-09-24 23:00:00	ANGA	1	1	0	0	1.2	0	0	0	1.18	424	0.00291416	1	0	0	0	0	0
setup	0	2021-09-25 23:00:00	ANGA	1	1	0	0	1.2	0	0	0	1.18	424	0.00291416	1	0	0	0	0	0
setup	0	2021-09-26 23:00:00	ANGA	1	1	0	0	1.2	0	0	0	1.18	424	0.00291416	1	0	0	0	0	0
setup	0	2021-09-27 23:00:00	ANGA	1	1	0	0	1.2	0	0	0	1.18	424	0.00291416	1	0	0	0	0	0
setup	0	2021-09-28 23:00:00	ANGA	1	1	0	0	1.2	0	0	0	1.18	424	0.00291416	1	0	0	0	0	0
setup	0	2021-09-29 23:00:00	ANGA	1	1	0	0	1.2	0	0	0	1.18	424	0.00291416	1	0	0	0	0	0
setup	0	2021-09-30 23:00:00	ANGA	1	1	0	0	1.2	0	0	0	1.18	424	0.00291416	1	0	0	0	0	0
setup	0	2021-10-01 23:00:00	ANGA	1	1	0	0	1.2	0	0	0	1.18	424	0.00291416	1	0	0	0	0	0
setup	0	2021-10-02 23:00:00	ANGA	1	1	0	0	1.2	0	0	0	1.18	424	0.00291416	1	0	0	0	0	0
setup	0	2021-10-03 23:00:00	ANGA	1	1	0	0	1.2	0	0	0	1.18	424	0.00291416	1	0	0	0	0	0
setup	0	2021-10-04 23:00:00	ANGA	1	1	0	0	1.2	0	0	0	1.18	424	0.00364548	1	0	0	0	0	0
setup	0	2021-10-05 23:00:00	ANGA	1	1	0	0	1.2	0	0	0	1.18	424	0.00453933	1	0	0	0	0	0
setup	0	2021-10-06 23:00:00	ANGA	1	1	0	0	1.2	0	0	0	1.18	424	0.0056263	1	0	0	0	0	0
setup	0	2021-10-07 23:00:00	ANGA	1	1	0	0	1.2	0	0	0	1.18	424	0.00694143	1	0	0	0	0	0
setup	0	2021-10-08 23:00:00	ANGA	1	1	0	0	1.2	0	0	0	1.18	424	0.00852453	1	0	0	0	0	0
setup	0	2021-10-09 23:00:00	ANGA	1	1	0	0	1.2	0	0	0	1.18	424	0.0104205	1	0	0	0	0	0
setup	0	2021-10-10 23:00:00	ANGA	1	1	0	0	1.2	0	0	0	1.18	424	0.0126794	1	0	0	0	0	0
setup	0	2021-10-11 23:00:00	ANGA	1	1	0	0	1.2	0	0	0	1.18	424	0.0153569	1	0	0	0	0	0
setup	0	2021-10-12 23:00:00	ANGA	1	1	0	0	1.2	0	0	0	1.18	424	0.0185142	1	0	0	0	0	0
setup	0	2021-10-13 23:00:00	ANGA	1	1	0	0	1.2	0	0	0	1.18	424	0.0222179	1	0	0	0	0	0
setup	0	2021-10-14 23:00:00	ANGA	1	1	0	0	1.2	0	0	0	1.18	424	0.0265396	1	0	0	0	0	0
setup	0	2021-10-15 23:00:00	ANGA	1	1	0	0	1.2	0	0	0	1.18	424	0.0315559	1	0	0	0	0	0
setup	0	2021-10-16 23:00:00	ANGA	1	1	0	0	1.2	0	0	0	1.18	424	0.0373476	1	0	0	0	0	0
setup	0	2021-10-17 23:00:00	ANGA	1	1	0	0	1.2	0	0	0	1.18	424	0.0439986	1	0	0	0	0	0
setup	0	2021-10-18 23:00:00	ANGA	1	1	0	0	1.2	0	0	0	1.18	424	0.0515953	1	0	0	0	0	0
setup	0	2021-10-19 23:00:00	ANGA	1	1	0	0	1.2	0	0	0	1.18	424	0.060225	1	0	0	0	0	0
setup	0	2021-10-20 23:00:00	ANGA	1	1	0	0	1.2	0	0	0	1.18	424	0.0699743	1	0	0	0	0	0
setup	0	2021-10-21 23:00:00	ANGA	1	1	0	0	1.2	0	0	0	1.18	424	0.0809274	1	0	0	0	0	0
setup	0	2021-10-22 23:00:00	ANGA	1	1	0	0	1.2	0	0	0	1.18	424	0.0931638	1	0	0	0	0	0
setup	0	2021-10-23 23:00:00	ANGA	1	1	0	0	1.2	0	0	0	1.18	424	0.106756	1	0	0	0	0	0
setup	0	2021-10-24 23:00:00	ANGA	1	1	0	0	1.2	0	0	0	1.18	424	0.121769	1	0	0	0	0	0
setup	0	2021-10-25 23:00:00	ANGA	1	1	0	0	1.2	0	0	0	1.18	424	0.138252	1	0	0	0	0	0
setup	0	2021-10-26 23:00:00	ANGA	1	1	0	0	1.2	0	0	0	1.18	424	0.156244	1	0	0	0	0	0
setup	0	2021-10-27 23:00:00	ANGA	1	1	0	0	1.2	0	0	0	1.18	424	0.175764	1	0	0	0	0	0
setup	0	2021-10-28 23:00:00	ANGA	1	1	0	0	1.2	0	0	0	1.18	424	0.196813	1	0	0	0	0	0
setup	0	2021-10-29 23:00:00	ANGA	1	1	0	0	1.2	0	0	0	1.18	424	0.219366	1	0	0	0	0	0
setup	0	2021-10-30 23:00:00	ANGA	1	1	0	0	1.2	0	0	0	1.18	424	0.243378	1	0	0	0	0	0
setup	0	2021-10-31 23:00:00	ANGA	1	1	0	0	1.2	0	0	0	1.18	424	0.268775	1	0	0	0	0	0
setup	0	2021-11-01 23:00:00	ANGA	1	1	0	0	1.2	0	0	0	1.18	424	0.295455	1	0	0	0	0	0
setup	0	2021-11-02 23:00:00	ANGA	1	1	0	0	1.2	0	0	0	1.18	424	0.323287	1	0	0	0	0	0
setup	0	2021-11-03 23:00:00	ANGA	1	1	0	0	1.2	0	0	0	1.18	424	0.352111	1	0	0	0	0	0
setup	0	2021-11-04 23:00:00	ANGA	1	1	0	0	1.2	0	0	0	1.18	424	0.381739	1	0	0	0	0	0
setup	0	2021-11-05 23:00:00	ANGA	1	1	0	0	1.2	0	0	0	1.18	424	0.411954	1	0	0	0	0	0
setup	0	2021-11-06 23:00:00	ANGA	1	1	0	0	1.2	0	0	0	1.18	424	0.411954	1	0	0	0	0	0
setup	0	2021-11-07 23:00:00	ANGA	1	1	0	0	1.2	0	0	0	1.18	424	0.411954	1	0	0	0	0	0
setup	0	2021-11-08 23:00:00	ANGA	1	1	0	0	1.2	0	0	0	1.18	424	0.411954	1	0	0	0	0	0
setup	0	2021-11-09 23:00:00	ANGA	1	1	0	0	1.2	0	0	0	1.18	424	0.411954	1	0	0	0	0	0
setup	0	2021-11-10 23:00:00	ANGA	1	1	0	0	1.2	0	0	0	1.18	424	0.411954	1	0	0	0	0	0
setup	0	2021-11-11 23:00:00	ANGA	1	1	0	0	1.2	0	0	0	1.18	424	0.411954	1	0	0	0	0	0
setup	0	2021-11-12 23:00:00	ANGA	1	1	0	0	1.2	0	0	0	1.18	424	0.411954	1	0	0	0	0	0
setup	0	2021-11-13 23:00:00	ANGA	1	1	0	0	1.2	0	0	0	1.18	424	0.411954	1	0	0	0	0	0
setup	0	2021-11-14 23:00:00	ANGA	1	1	0	0	1.2	0	0	0	1.18	424	0.411954	1	0	0	0	0	0
setup	0	2021-11-15 23:00:00	ANGA	1	1	0	0	1.2	0	0	0	1.18	424	0.411954	1	0	0	0	0	0
setup	0	2021-11-16 23:00:00	ANGA	1	1	0	0	1.2	0	0	0	1.18	424	0.442513	1	0	0	0	0	0
setup	0	2021-11-17 23:00:00	ANGA	1	1	0	0	1.2	0	0	0	1.18	424	0.473149	1	0	0	0	0	0
setup	0	2021-11-18 23:00:00	ANGA	1	1	0	0	1.2	0	0	0	1.18	424	0.503576	1	0	0	0	0	0
setup	0	2021-11-19 23:00:00	ANGA	1	1	0	0	1.2	0	0	0	1.18	424	0.533491	1	0	0	0	0	0
setup	0	2021-11-20 23:00:00	ANGA	1	1	0	0	1.2	0	0	0	1.18	424	0.56258	1	0	0	0	0	0
setup	0	2021-11-21 23:00:00	ANGA	1	1	0	0	1.2	0	0	0	1.18	424	0.590523	1	0	0	0	0	0
setup	0	2021-11-22 23:00:00	ANGA	1	1	0	0	1.2	0	0	0	1.18	424	0.616998	1	0	0	0	0	0
setup	0	2021-11-23 23:00:00	ANGA	1	1	0	0	1.2	0	0	0	1.18	424	0.641692	1	0	0	0	0	0
setup	0	2021-11-24 23:00:00	ANGA	1	1	0	0	1.2	0	0	0	1.18	424	0.664299	1	0	0	0	0	0
setup	0	2021-11-25 23:00:00	ANGA	1	1	0	0	1.2	0	0	0	1.18	424	0.684536	1	0	0	0	0	0
setup	0	2021-11-26 23:00:00	ANGA	1	1	0	0	1.2	0	0	0	1.18	424	0.702139	1	0	0	0	0	0
setup	0	2021-11-27 23:00:00	ANGA	1	1	0	0	1.2	0	0	0	1.18	424	0.716488	1	0	0	0	0	0
setup	0	2021-11-28 23:00:00	ANGA	1	1	0	0	1.2	0	0	0	1.18	424	0.727704	1	0	0	0	0	0
setup	0	2021-11-29 23:00:00	ANGA	1	1	0	0	1.2	0	0	0	1.18	424	0.735618	1	0	0	0	0	0
setup	0	2021-11-30 23:00:00	ANGA	1	1	0	0	1.2	0	0	0	1.18	424	0.740105	1	0	0	0	0	0
setup	0	2021-12-01 23:00:00	ANGA	1	1	0	0	1.2	0	0	0	1.18	424	0.741085	1	0	0	0	0	0
setup	0	2021-12-02 23:00:00	ANGA	1	1	0	0	1.2	0	0	0	1.18	424	0.74024	1	0	0	0	0	0
setup	0	2021-12-03 23:00:00	ANGA	1	1	0	0	1.2	0	0	0	1.18	424	0.739273	1	0	0	0	0	0
setup	0	2021-12-04 23:00:00	ANGA	1	1	0	0	1.2	0	0	0	1.18	424	0.738168	1	0	0	0	0	0
setup	0	2021-12-05 23:00:00	ANGA	1	1	0	0	1.2	0	0	0	1.18	424	0.736911	1	0	0	0	0	0
setup	0	2021-12-06 23:00:00	ANGA	1	1	0	0	1.2	0	0	0	1.18	424	0.735482	1	0	0	0	0	0
setup	0	2021-12-07 23:00:00	ANGA	1	1	0	0	1.2	0	0	0	1.18	424	0.733864	1	0	0	0	0	0
setup	0	2021-12-08 23:00:00	ANGA	1	1	0	0	1.2	0	0	0	1.18	424	0.732037	1	0	0	0	0	0
setup	0	2021-12-09 23:00:00	ANGA	1	1	0	0	1.2	0	0	0	1.18	424	0.729977	1	0	0	0	0	0
setup	0	2021-12-10 23:00:00	ANGA	1	1	0	0	1.2	0	0	0	1.18	424	0.727663	1	0	0	0	0	0
setup	0	2021-12-11 23:00:00	ANGA	1	1	0	0	1.2	0	0	0	1.18	424	0.725069	1	0	0	0	0	0
setup	0	2021-12-12 23:00:00	ANGA	1	1	0	0	1.2	0	0	0	1.18	424	0.722169	1	0	0	0	0	0
setup	0	2021-12-13 23:00:00	ANGA	1	1	0	0	1.2	0	0	0	1.18	424	0.718937	1	0	0	0	0	0
setup	0	2021-12-14 23:00:00	ANGA	1	1	0	0	1.2	0	0	0	1.18	424	0.715344	1	0	0	0	0	0
setup	0	2021-12-15 23:00:00	ANGA	1	1	0	0	1.2	0	0	0	1.18	424	0.71136	1	0	0	0	0	0
setup	0	2021-12-16 23:00:00	ANGA	1	1	0	0	1.2	0	0	0	1.18	424	0.706954	1	0	0	0	0	0
setup	0	2021-12-17 23:00:00	ANGA	1	1	0	0	1.2	0	0	0	1.18	424	0.702097	1	0	0	0	0	0
setup	0	2021-12-18 23:00:00	ANGA	1	1	0	0	1.2	0	0	0	1.18	424	0.696755	1	0	0	0	0	0
setup	0	2021-12-19 23:00:00	ANGA	1	1	0	0	1.2	0	0	0	1.18	424	0.690897	1	0	0	0	0	0
setup	0	2021-12-20 23:00:00	ANGA	1	1	0	0	1.2	0	0	0	1.18	424	0.684492	1	0	0	0	0	0
setup	0	2021-12-21 23:00:00	ANGA	1	1	0	0	1.2	0	0	0	1.18	424	0.677507	1	0	0	0	0	0
setup	0	2021-12-22 23:00:00	ANGA	1	1	0	0	1.2	0	0	0	1.18	424	0.669912	1	0	0	0	0	0
setup	0	2021-12-23 23:00:00	ANGA	1	1	0	0	1.2	0	0	0	1.18	424	0.661677	1	0	0	0	0	0
setup	0	2021-12-24 23:00:00	ANGA	1	1	0	0	1.2	0	0	0	1.18	424	0.652774	1	0	0	0	0	0
setup	0	2021-12-25 23:00:00	ANGA	1	1	0	0	1.2	0	0	0	1.18	424	0.643176	1	0	0	0	0	0
setup	0	2021-12-26 23:00:00	ANGA	1	1	0	0	1.2	0	0	0	1.18	424	0.632861	1	0	0	0	0	0
setup	0	2021-12-27 23:00:00	ANGA	1	1	0	0	1.2	0	0	0	1.18	424	0.621806	1	0	0	0	0	0
setup	0	2021-12-28 23:00:00	ANGA	1	1	0	0	1.2	0	0	0	1.18	424	0.609995	1	0	0	0	0	0
setup	0	2021-12-29 23:00:00	ANGA	1	1	0	0	1.2	0	0	0	1.18	424	0.597413	1	0	0	0	0	0
setup	0	2021-12-30 23:00:00	ANGA	1	1	0	0	1.2	0	0	0	1.18	424	0.584053	1	0	0	0	0	0
setup	0	2021-12-31 23:00:00	ANGA	1	1	0	0	1.2	0	0	0	1.18	424	0.569908	1	0	0	0	0	0
setup	0	2022-01-01 23:00:00	ANGA	1	1	0	0	1.2	0	0	0	1.18	424	0.554981	1	0	0	0	0	0
setup	0	2022-01-02 23:00:00	ANGA	1	1	0	0	1.2	0	0	0	1.18	424	0.539278	1	0	0	0	0	0
setup	0	2022-01-03 23:00:00	ANGA	1	1	0	0	1.2	0	0	0	1.18	424	0.522813	1	0	0	0	0	0
setup	0	2022-01-04 23:00:00	ANGA	1	1	0	0	1.2	0	0	0	1.18	424	0.505606	1	0	0	0	0	0
setup	0	2022-01-05 23:00:00	ANGA	1	1	0	0	1.2	0	0	0	1.18	424	0.487683	1	0	0	0	0	0
setup	0	2022-01-06 23:00:00	ANGA	1	1	0	0	1.2	0	0	0	1.18	424	0.469078	1	0	0	0	0	0
setup	0	2022-01-07 23:00:00	ANGA	1	1	0	0	1.2	0	0	0	1.18	424	0.449834	1	0	0	0	0	0
setup	0	2022-01-08 23:00:00	ANGA	1	1	0	0	1.2	0	0	0	1.18	424	0.429999	1	0	0	0	0	0
setup	0	2022-01-09 23:00:00	ANGA	1	1	0	0	1.2	0	0	0	1.18	424	0.409631	1	0	0	0	0	0
setup	0	2022-01-10 23:00:00	ANGA	1	1	0	0	1.2	0	0	0	1.18	424	0.388794	1	0	0	0	0	0
setup	0	2022-01-11 23:00:00	ANGA	1	1	0	0	1.2	0	0	0	1.18	424	0.36756	1	0	0	0	0	0
setup	0	2022-01-12 23:00:00	ANGA	1	1	0	0	1.2	0	0	0	1.18	424	0.346009	1	0	0	0	0	0
setup	0	2022-01-13 23:00:00	ANGA	1	1	0	0	1.2	0	0	0	1.18	424	0.324226	1	0	0	0	0	0
setup	0	2022-01-14 23:00:00	ANGA	1	1	0	0	1.2	0	0	0	1.18	424	0.302304	1	0	0	0	0	0
setup	0	2022-01-15 23:00:00	ANGA	1	1	0	0	1.2	0	0	0	1.18	424	0.280342	1	0	0	0	0	0
setup	0	2022-01-16 23:00:00	ANGA	1	1	0	0	1.2	0	0	0	1.18	424	0.258444	1	0	0	0	0	0
setup	0	2022-01-17 23:00:00	ANGA	1	1	0	0	1.2	0	0	0	1.18	424	0.236719	1	0	0	0	0	0
setup	0	2022-01-18 23:00:00	ANGA	1	1	0	0	1.2	0	0	0	1.18	424	0.215278	1	0	0	0	0	0
setup	0	2022-01-19 23:00:00	ANGA	1	1	0	0	1.2	0	0	0	1.18	424	0.194236	1	0	0	0	0	0
setup	0	2022-01-20 23:00:00	ANGA	1	1	0	0	1.2	0	0	0	1.18	424	0.173711	1	0	0	0	0	0
setup	0	2022-01-21 23:00:00	ANGA	1	1	0	0	1.2	0	0	0	1.18	424	0.153819	1	0	0	0	0	0
setup	0	2022-01-22 23:00:00	ANGA	1	1	0	0	1.2	0	0	0	1.18	424	0.134679	1	0	0	0	0	0
setup	0	2022-01-23 23:00:00	ANGA	1	1	0	0	1.2	0	0	0	1.18	424	0.116405	1	0	0	0	0	0
setup	0	2022-01-24 23:00:00	ANGA	1	1	0	0	1.2	0	0	0	1.18	424	0.0991114	1	0	0	0	0	0
setup	0	2022-01-25 23:00:00	ANGA	1	1	0	0	1.2	0	0	0	1.18	424	0.0829072	1	0	0	0	0	0
setup	0	2022-01-26 23:00:00	ANGA	1	1	0	0	1.2	0	0	0	1.18	424	0.0678969	1	0	0	0	0	0
setup	0	2022-01-27 23:00:00	ANGA	1	1	0	0	1.2	0	0	0	1.18	424	0.0541789	1	0	0	0	0	0
setup	0	2022-01-28 23:00:00	ANGA	1	1	0	0	1.2	0	0	0	1.18	424	0.0418447	1	0	0	0	0	0
setup	0	2022-01-29 23:00:00	ANGA	1	1	0	0	1.2	0	0	0	1.18	424	0.0309773	1	0	0	0	0	0
setup	0	2022-01-30 23:00:00	ANGA	1	1	0	0	1.2	0	0	0	1.18	424	0.021651	1	0	0	0	0	0
setup	0	2022-01-31 23:00:00	ANGA	1	1	0	0	1.2	0	0	0	1.18	424	0.0139299	1	0	0	0	0	0
setup	0	2022-02-01 23:00:00	ANGA	1	1	0	0	1.2	0	0	0	1.18	424	0.00786788	1	0	0	0	0	0
setup	0	2022-02-02 23:00:00	ANGA	1	1	0	0	1.2	0	0	0	1.18	424	0.00350713	1	0	0	0	0	0
setup	0	2022-02-03 23:00:00	ANGA	1	1	0	0	1.2	0	0	0	1.18	424	0.000878333	1	0	0	0	0	0
setup	0	2022-02-04 23:00:00	ANGA	1	1	0	0	1.2	0	0	0	1.18	424	0	1	0	0	0	0	0
setup	0	2022-02-05 23:00:00	ANGA	1	1	0	0	1.2	0	0	0	1.18	424	0	1	0	0	0	0	0
setup	0	2022-02-06 23:00:00	ANGA	1	1	0	0	1.2	0	0	0	1.18	424	0	1	0	0	0	0	0
setup	0	2022-02-07 23:00:00	ANGA	1	1	0	0	1.2	0	0	0	1.18	424	0	1	0	0	0	0	0
setup	0	2022-02-08 23:00:00	ANGA	1	1	0	0	1.2	0	0	0	1.18	424	0	1	0	0	0	0	0
setup	0	2022-02-09 23:00:00	ANGA	1	1	0	0	1.2	0	0	0	1.18	424	0	1	0	0	0	0	0
setup	0	2022-02-10 23:00:00	ANGA	1	1	0	0	1.2	0	0	0	1.18	424	0	1	0	0	0	0	0
setup	0	2022-02-11 23:00:00	ANGA	1	1	0	0	1.2	0	0	0	1.18	424	0	1	0	0	0	0	0
setup	0	2022-02-12 23:00:00	ANGA	1	1	0	0	1.2	0	0	0	1.18	424	0	1	0	0	0	0	0
setup	0	2022-02-13 23:00:00	ANGA	1	1	0	0	1.2	0	0	0	1.18	424	0	1	0	0	0	0	0
setup	0	2022-02-14 23:00:00	ANGA	1	1	0	0	1.2	0	0	0	1.18	424	0	1	0	0	0	0	0
setup	0	2022-02-15 23:00:00	ANGA	1	1	0	0	1.2	0	0	0	1.18	424	0	1	0	0	0	0	0
setup	0	2022-02-16 23:00:00	ANGA	1	1	0	0	1.2	0	0	0	1.18	424	0	1	0	0	0	0	0
setup	0	2022-02-17 23:00:00	ANGA	1	1	0	0	1.2	0	0	0	1.18	424	0	1	0	0	0	0	0
setup	0	2022-02-18 23:00:00	ANGA	1	1	0	0	1.2	0	0	0	1.18	424	0	1	0	0	0	0	0
setup	0	2022-02-19 23:00:00	ANGA	1	1	0	0	1.2	0	0	0	1.18	424	0	1	0	0	0	0	0
setup	0	2022-02-20 23:00:00	ANGA	1	1	0	0	1.2	0	0	0	1.18	424	0	1	0	0	0	0	0
setup	0	2022-02-21 23:00:00	ANGA	1	1	0	0	1.2	0	0	0	1.18	424	0	1	0	0	0	0	0
setup	0	2022-02-22 23:00:00	ANGA	1	1	0	0	1.2	0	0	0	1.18	424	0	1	0	0	0	0	0
setup	0	2022-02-23 23:00:00	ANGA	1	1	0	0	1.2	0	0	0	1.18	424	0	1	0	0	0	0	0
setup	0	2022-02-24 23:00:00	ANGA	1	1	0	0	1.2	0	0	0	1.18	424	0.00177748	1	0	0	0	0	0
setup	0	2022-02-25 23:00:00	ANGA	1	1	0	0	1.2	0	0	0	1.18	424	0.00224417	1	0	0	0	0	0
setup	0	2022-02-26 23:00:00	ANGA	1	1	0	0	1.2	0	0	0	1.18	424	0.00282034	1	0	0	0	0	0
setup	0	2022-02-27 23:00:00	ANGA	1	1	0	0	1.2	0	0	0	1.18	424	0.00352812	1	0	0	0	0	0
setup	0	2022-02-28 23:00:00	ANGA	1	1	0	0	1.2	0	0	0	1.18	424	0.00439319	1	0	0	0	0	0
setup	0	2022-03-01 23:00:00	ANGA	1	1	0	0	1.2	0	0	0	1.18	424	0.00544516	1	0	0	0	0	0
