source	id	datetime	daylength[h]	solar_radiation[Wm-2]	sw_radiation_above_canopy_in[Wm-2]	sw_radiation_above_canopy_out[Wm-2]	lw_radiation_above_canopy_in[Wm-2]	lw_radiation_above_canopy_out[Wm-2]	latent_heat_out_top[Wm-2]	latent_heat_out_bottom[Wm-2]	sensible_heat_out_top[Wm-2]	sensible_heat_out_bottom[Wm-2]	energy[Jm-2]	temp_above_canopy_avg[oC]	temp_above_canopy_min[oC]	temp_above_canopy_max[oC]	temp_canopy_top[oC]	temp_canopy_middle[oC]	temp_canopy_bottom[oC]	temp_surfacewater[oC]	temp_soil_surface[oC]	temp_5cm[oC]	temp_10cm[oC]	temp_15cm[oC]	temp_20cm[oC]	temp_30cm[oC]	temp_50cm[oC]	temp_100cm[oC]	vpd[mbar]
setup	0	2019-01-01 23:00:00	12.0927	421.532	262.41	19.7187	348.054	0	30.1224	0	0	0	0	21.71	16.61	29.16	43.5112	39.5956	35.6504	-99.99	35.591	18.6188	16.8367	14.5626	13.2874	10.9257	8.95876	8.00816	1.8808
setup	0	2019-01-02 23:00:00	12.0924	421.752	291.91	21.9389	334.217	0	30.5177	0	0	0	0	22.02	15.21	30.41	22.0198	21.9513	21.7654	-99.99	21.759	20.4543	19.4211	17.9123	16.941	14.6936	11.7858	8.22486	1.16285
setup	0	2019-01-03 23:00:00	12.092	421.985	272.36	20.4731	346.931	0	103.259	0	0	0	0	22.03	15.08	29.98	22.0298	21.977	21.8335	-99.99	21.8285	20.826	20.0316	18.8572	18.0858	16.2199	13.5334	8.79981	1.03149
setup	0	2019-01-04 23:00:00	12.0916	422.232	204.79	15.3968	373.27	0	103.575	0	0	0	0	21.11	18.14	26.78	21.1099	21.0736	20.975	-99.99	20.9716	20.2897	19.7492	18.9293	18.3705	16.9241	14.6008	9.51328	0.545009
setup	0	2019-01-05 23:00:00	12.0912	422.491	224.23	16.8616	365.095	0	103.877	0	0	0	0	21.17	17.01	27.93	21.1699	21.1342	21.0375	-99.99	21.0341	20.3512	19.8026	18.9874	18.4501	17.1233	15.0894	10.2177	0.677643
setup	0	2019-01-06 23:00:00	12.0908	422.763	272.59	20.5025	343.427	0	102.346	0	0	0	0	20.87	16.73	25.71	20.8699	20.8401	20.7592	-99.99	20.7564	20.1923	19.7422	19.0631	18.6043	17.4313	15.5534	10.8425	0.729314
setup	0	2019-01-07 23:00:00	12.0903	423.048	297.81	22.4044	327.201	0	108.25	0	0	0	0	22.03	15.36	30.09	22.0298	21.9896	21.8804	-99.99	21.8766	21.1118	20.51	19.6383	19.0793	17.765	15.8917	11.3943	1.29096
setup	0	2019-01-08 23:00:00	12.0898	423.344	205.71	15.4793	363.494	0	95.4128	0	0	0	0	20.87	15.87	27.8	20.8699	20.8487	20.7912	-99.99	20.7892	20.3774	20.0341	19.493	19.1135	18.098	16.3878	11.8866	0.91436
setup	0	2019-01-09 23:00:00	12.0893	423.651	262.41	19.7508	343.834	0	99.6389	0	0	0	0	21.46	16.22	28.5	21.4599	21.4292	21.3461	-99.99	21.3432	20.7689	20.3216	19.6682	19.241	18.1947	16.5909	12.3382	1.04245
setup	0	2019-01-10 23:00:00	12.0887	423.97	261.48	19.6859	342.223	0	101.616	0	0	0	0	20.73	15.47	27.04	20.7299	20.7108	20.6591	-99.99	20.6573	20.2859	19.9775	19.4975	19.1655	18.2924	16.8352	12.7302	0.884315
setup	0	2019-01-11 23:00:00	12.0881	424.298	262.75	19.7869	348.488	0	106.345	0	0	0	0	21.66	16.06	28.5	21.6599	21.6289	21.5447	-99.99	21.5418	20.9641	20.5189	19.8772	19.4637	18.4727	16.9988	13.0727	0.969802
setup	0	2019-01-12 23:00:00	12.0875	424.637	293.65	22.1201	328.832	0	104.15	0	0	0	0	21.23	14.73	28.63	21.2299	21.2091	21.1529	-99.99	21.151	20.7456	20.4106	19.8975	19.5499	18.6658	17.2575	13.3749	1.08773
setup	0	2019-01-13 23:00:00	12.0868	424.985	277.56	20.9142	337.326	0	102.669	0	0	0	0	20.94	14.37	29.02	20.9399	20.921	20.8697	-99.99	20.8679	20.503	20.2056	19.7519	19.4445	18.6582	17.3808	13.652	0.966152
setup	0	2019-01-14 23:00:00	12.0862	425.343	257.09	19.3776	351.178	0	106.634	0	0	0	0	21.72	15.72	28.98	21.7199	21.692	21.6163	-99.99	21.6137	21.1002	20.7088	20.1453	19.7807	18.8973	17.5566	13.8938	0.992447
setup	0	2019-01-15 23:00:00	12.0855	425.708	207.68	15.6583	364.513	0	99.9115	0	0	0	0	20.4	16.22	25.76	20.3999	20.3898	20.3622	-99.99	20.3612	20.1613	19.9886	19.7014	19.4893	18.8774	17.7331	14.1178	0.674923
setup	0	2019-01-16 23:00:00	12.0847	426.082	229.885	17.3403	359.139	0	104.215	0	0	0	0	21.31	16.14	28.41	21.3099	21.2858	21.2203	-99.99	21.218	20.7656	20.4149	19.908	19.5819	18.8092	17.6676	14.317	0.923656
setup	0	2019-01-17 23:00:00	12.084	426.463	302.56	22.8331	328.488	0	104.898	0	0	0	0	21.61	15.94	28.85	21.6099	21.587	21.525	-99.99	21.5228	21.0909	20.7501	20.2474	19.9169	19.1079	17.8761	14.4788	1.11994
setup	0	2019-01-18 23:00:00	12.0832	426.85	294.8	22.2589	333.356	0	106.918	0	0	0	0	22.69	15.72	31.23	22.6899	22.6592	22.576	-99.99	22.5731	21.9976	21.551	20.907	20.4939	19.5243	18.1445	14.6428	1.41342
setup	0	2019-01-19 23:00:00	12.0824	427.244	299.66	22.6382	330.653	0	84.8536	0	0	0	0	22.65	15.51	31.04	22.6499	22.6258	22.5605	-99.99	22.5583	22.1005	21.7351	21.1892	20.8258	19.9216	18.5218	14.8248	1.42586
setup	0	2019-01-20 23:00:00	12.0816	427.644	312.04	23.5871	323.421	0	73.8543	0	0	0	0	23.26	15.67	32.24	23.2598	23.2316	23.1548	-99.99	23.1521	22.6194	22.2022	21.5922	21.1945	20.2335	18.7982	15.0287	1.65764
setup	0	2019-01-21 23:00:00	12.0807	428.049	287.63	21.7555	336.725	0	58.6306	0	0	0	0	22.97	16.1	30.11	22.9699	22.9481	22.8889	-99.99	22.8868	22.476	22.1501	21.6603	21.33	20.4835	19.1041	15.2409	1.47642
setup	0	2019-01-22 23:00:00	12.0798	428.457	285.08	21.577	339.425	0	60.2323	0	0	0	0	22.11	16.73	27.99	22.1099	22.0964	22.0599	-99.99	22.0586	21.7987	21.5837	21.245	21.0061	20.3523	19.1834	15.4552	1.16005
setup	0	2019-01-23 23:00:00	12.0789	428.87	228.28	17.2902	365.289	0	68.0498	0	0	0	0	22.34	17.32	29.33	22.3399	22.3211	22.2699	-99.99	22.2682	21.9105	21.6265	21.2044	20.9245	20.2266	19.1138	15.6371	1.10668
setup	0	2019-01-24 23:00:00	12.078	429.286	302.09	22.8982	329.794	0	59.4105	0	0	0	0	22.27	15.56	30.26	22.2699	22.2529	22.207	-99.99	22.2054	21.8741	21.6016	21.1881	20.9108	20.2177	19.1245	15.7785	1.33247
setup	0	2019-01-25 23:00:00	12.0771	429.704	306.14	23.2243	334.687	0	51.8509	0	0	0	0	23.43	15.49	31.95	23.4299	23.4015	23.3245	-99.99	23.3219	22.7927	22.3846	21.7988	21.4239	20.5438	19.2808	15.8998	1.53431
setup	0	2019-01-26 23:00:00	12.0761	430.124	286.47	21.7513	347.513	0	45.5379	0	0	0	0	23.3	17.95	30.79	23.2999	23.2781	23.2191	-99.99	23.217	22.8122	22.4964	22.0277	21.7144	20.9176	19.6284	16.0336	1.31959
setup	0	2019-01-27 23:00:00	12.0751	430.545	300.7	22.8536	340.667	0	44.9435	0	0	0	0	23.28	15.89	31.5	23.2799	23.2603	23.207	-99.99	23.2052	22.8234	22.5114	22.0402	21.7255	20.9432	19.724	16.192	1.39847
setup	0	2019-01-28 23:00:00	12.0741	430.967	260.9	19.8491	353.794	0	39.9856	0	0	0	0	22.77	15.96	30.49	22.7699	22.7549	22.7143	-99.99	22.7129	22.4246	22.1889	21.8261	21.5769	20.9225	19.8124	16.3413	1.29013
setup	0	2019-01-29 23:00:00	12.0731	431.388	299.66	22.8231	338.507	0	39.238	0	0	0	0	23.07	16.21	31.7	23.0699	23.0505	22.9978	-99.99	22.9959	22.6274	22.3353	21.9028	21.6175	20.9132	19.8121	16.4746	1.40969
setup	0	2019-01-30 23:00:00	12.072	431.808	299.78	22.8596	336.363	0	35.7847	0	0	0	0	23.18	15.46	32.2	23.1799	23.161	23.1096	-99.99	23.1078	22.7455	22.4548	22.0206	21.7322	21.0169	19.8989	16.5895	1.51933
setup	0	2019-01-31 23:00:00	12.071	432.227	309.84	23.6572	336.321	0	34.7154	0	0	0	0	23.75	16.12	32.48	23.7499	23.7263	23.6623	-99.99	23.66	23.2196	22.8778	22.38	22.0556	21.2673	20.0679	16.7019	1.5865
setup	0	2019-02-01 23:00:00	12.0699	432.643	284.04	21.7175	344.898	0	30.7707	0	0	0	0	23.47	16.07	31.72	23.4699	23.4523	23.4045	-99.99	23.4029	23.0664	22.7952	22.3847	22.1074	21.3986	20.2429	16.8253	1.54226
setup	0	2019-02-02 23:00:00	12.0688	433.056	320.03	24.5061	325.258	0	29.7298	0	0	0	0	24.22	16.12	32.89	24.2199	24.195	24.1276	-99.99	24.1252	23.6587	23.295	22.766	22.4227	21.5983	20.3687	16.9541	1.88474
setup	0	2019-02-03 23:00:00	12.0676	433.466	321.07	24.6257	320.774	0	25.3546	0	0	0	0	24.33	16.42	33.35	24.3299	24.3079	24.2483	-99.99	24.2462	23.8291	23.4976	23.0046	22.6778	21.8675	20.6065	17.0867	2.00525
setup	0	2019-02-04 23:00:00	12.0665	433.871	305.8	23.4956	334.506	0	25.7358	0	0	0	0	23.94	16.82	32.51	23.9399	23.9229	23.877	-99.99	23.8754	23.5514	23.2896	22.8913	22.6204	21.9193	20.7528	17.233	1.73359
setup	0	2019-02-05 23:00:00	12.0653	434.271	295.61	22.7557	342.274	0	31.6339	0	0	0	0	23.15	16.91	30.59	23.1499	23.1391	23.1099	-99.99	23.1089	22.8994	22.7244	22.447	22.2507	21.7097	20.7264	17.3741	1.3931
setup	0	2019-02-06 23:00:00	12.0641	434.665	298.62	23.0344	337.706	0	28.9417	0	0	0	0	22.78	16.38	30.31	22.7799	22.7693	22.7406	-99.99	22.7396	22.5321	22.3595	22.0909	21.9052	21.4124	20.552	17.4833	1.38126
setup	0	2019-02-07 23:00:00	12.063	435.053	277.56	21.4571	355.841	0	34.0777	0	0	0	0	23.38	17.09	30.56	23.3799	23.3612	23.3106	-99.99	23.3088	22.963	22.6967	22.3109	22.0602	21.4507	20.5071	17.5518	1.28346
setup	0	2019-02-08 23:00:00	12.0617	435.433	183.96	14.2549	389.369	0	34.2585	0	0	0	0	23.29	18.32	29.94	23.2899	23.2745	23.2327	-99.99	23.2313	22.9427	22.7152	22.3752	22.1471	21.5642	20.604	17.6107	1.2269
setup	0	2019-02-09 23:00:00	12.0605	435.806	269.47	20.9344	358.476	0	33.2321	0	0	0	0	23.34	17.75	30.78	23.3399	23.3246	23.2831	-99.99	23.2817	22.9871	22.7489	22.3906	22.1516	21.5549	20.6102	17.6769	1.28542
setup	0	2019-02-10 23:00:00	12.0593	436.17	292.72	22.803	345.152	0	33.4931	0	0	0	0	22.85	17.37	30.35	22.8499	22.8393	22.8104	-99.99	22.8094	22.6009	22.4266	22.1543	21.9656	21.4663	20.6076	17.7397	1.27829
setup	0	2019-02-11 23:00:00	12.058	436.525	297.81	23.2678	332.47	0	26.4795	0	0	0	0	23.24	15.61	32.17	23.2399	23.224	23.1808	-99.99	23.1793	22.871	22.6217	22.2508	22.0073	21.4189	20.5335	17.7924	1.71756
setup	0	2019-02-12 23:00:00	12.0567	436.869	307.65	24.1124	330.589	0	22.5136	0	0	0	0	22.84	15.77	31.67	22.8399	22.8286	22.798	-99.99	22.7969	22.5785	22.3993	22.1231	21.9334	21.4356	20.5901	17.8358	1.54954
setup	0	2019-02-13 23:00:00	12.0555	437.204	279.18	21.955	343.949	0	22.6425	0	0	0	0	22.77	14.95	31.31	22.7699	22.7578	22.7251	-99.99	22.724	22.4921	22.3043	22.0201	21.8285	21.3403	20.5378	17.8819	1.49676
setup	0	2019-02-14 23:00:00	12.0542	437.527	260.21	20.537	356.678	0	22.765	0	0	0	0	23.3	16.33	30.98	23.2999	23.2821	23.2337	-99.99	23.232	22.9042	22.6544	22.2942	22.0601	21.4884	20.5995	17.9207	1.48701
setup	0	2019-02-15 23:00:00	12.0528	437.838	297.58	23.5769	347.585	0	24.185	0	0	0	0	24.11	16.42	32.93	24.1099	24.0878	24.0278	-99.99	24.0257	23.6097	23.2853	22.8152	22.5121	21.7953	20.7583	17.9696	1.62945
setup	0	2019-02-16 23:00:00	12.0515	438.136	247.83	19.7158	368.239	0	27.5735	0	0	0	0	23.51	18.23	30.09	23.5099	23.4967	23.4608	-99.99	23.4595	23.2146	23.0213	22.7259	22.5219	21.9725	21.0055	18.0461	1.30532
setup	0	2019-02-17 23:00:00	12.0502	438.422	290.18	23.1855	353.631	0	24.7746	0	0	0	0	24.3	17.53	32.14	24.2999	24.2788	24.2216	-99.99	24.2197	23.8208	23.5073	23.0504	22.7549	22.0533	21.027	18.1418	1.58297
setup	0	2019-02-18 23:00:00	12.0488	438.693	320.6	25.7345	334.543	0	20.5508	0	0	0	0	24.78	16.19	34.24	24.7799	24.7583	24.6996	-99.99	24.6976	24.2823	23.9497	23.458	23.1365	22.3656	21.2361	18.2346	1.96564
setup	0	2019-02-19 23:00:00	12.0475	438.951	307.53	24.8061	350.328	0	21.5553	0	0	0	0	25.16	17.48	32.97	25.1599	25.1369	25.0746	-99.99	25.0724	24.6474	24.32	23.8429	23.5302	22.7596	21.5638	18.3498	1.79371
setup	0	2019-02-20 23:00:00	12.0461	439.193	302.9	24.5589	348.38	0	24.7372	0	0	0	0	23.49	18.09	30.71	23.4899	23.4854	23.473	-99.99	23.4725	23.3739	23.2773	23.0994	22.959	22.522	21.6296	18.4933	1.34197
setup	0	2019-02-21 23:00:00	12.0447	439.42	249.91	20.3729	365.126	0	25.9697	0	0	0	0	23.37	17.57	30.51	23.3699	23.3598	23.3325	-99.99	23.3315	23.1369	22.9781	22.7344	22.5679	22.1316	21.3747	18.6113	1.38439
setup	0	2019-02-22 23:00:00	12.0433	439.631	246.21	20.1862	368.365	0	26.3364	0	0	0	0	23.38	16.91	30.92	23.3799	23.3683	23.3368	-99.99	23.3357	23.1128	22.9323	22.659	22.4754	22.0109	21.2532	18.6746	1.34312
setup	0	2019-02-23 23:00:00	12.0419	439.825	267.15	22.0345	360.39	0	25.927	0	0	0	0	22.72	17.21	29.75	22.7199	22.7136	22.6964	-99.99	22.6959	22.5732	22.4697	22.3006	22.1781	21.8309	21.1743	18.7138	1.1283
setup	0	2019-02-24 23:00:00	12.0405	440.002	213.93	17.7557	381.182	0	26.7407	0	0	0	0	23.24	17.89	30.13	23.2399	23.2257	23.1872	-99.99	23.1859	22.9243	22.7244	22.4352	22.2474	21.79	21.0773	18.737	1.21426
setup	0	2019-02-25 23:00:00	12.0391	440.162	281.61	23.526	355.049	0	26.1429	0	0	0	0	22.61	17.38	28.91	22.61	22.6037	22.5866	-99.99	22.5861	22.4608	22.3526	22.1766	22.0502	21.6987	21.0564	18.752	1.10523
setup	0	2019-02-26 23:00:00	12.0377	440.303	314.36	26.4408	336.79	0	21.1329	0	0	0	0	23.2	16.29	31.38	23.1999	23.1859	23.1477	-99.99	23.1464	22.8759	22.6601	22.3438	22.1391	21.6552	20.9518	18.7631	1.50879
setup	0	2019-02-27 23:00:00	12.0362	440.427	290.06	24.5691	351.534	0	19.9659	0	0	0	0	23.63	16.77	31.55	23.6299	23.6136	23.5692	-99.99	23.5677	23.2633	23.0277	22.6854	22.4625	21.9215	21.1028	18.7716	1.49308
setup	0	2019-02-28 23:00:00	12.0348	440.531	317.83	27.1178	339.992	0	16.9441	0	0	0	0	24.45	16.08	33.34	24.4499	24.4289	24.372	-99.99	24.37	23.9744	23.6653	23.2179	22.9303	22.2542	21.2934	18.8081	1.81238
setup	0	2019-03-01 23:00:00	12.0333	440.615	323.27	27.7893	340.164	0	13.676	0	0	0	0	25.53	17.02	35.09	25.5299	25.5032	25.4307	-99.99	25.4281	24.9315	24.55	24.0034	23.6537	22.8331	21.6706	18.8792	2.10146
setup	0	2019-03-02 23:00:00	12.0319	440.68	280.46	24.2952	360.834	0	18.9964	0	0	0	0	25.88	17.26	34.86	25.8799	25.8561	25.7914	-99.99	25.7892	25.3441	24.9965	24.4856	24.1506	23.3327	22.0988	19.0027	2.13315
setup	0	2019-03-03 23:00:00	12.0304	440.725	314.36	27.4468	352.578	0	18.7562	0	0	0	0	25.75	18.29	34.22	25.7499	25.7305	25.6779	-99.99	25.6761	25.3123	25.0249	24.5941	24.3052	23.5728	22.3965	19.1693	1.93461
setup	0	2019-03-04 23:00:00	12.0289	440.75	273.28	24.052	364.788	0	18.6974	0	0	0	0	24.19	18.82	29.98	24.19	24.1854	24.1732	-99.99	24.1728	24.0811	23.995	23.8365	23.7092	23.3004	22.4355	19.3471	1.4414
setup	0	2019-03-05 23:00:00	12.0275	440.753	263.45	23.376	365.374	0	20.2715	0	0	0	0	23.48	18.46	29.63	23.48	23.4758	23.4643	-99.99	23.4639	23.3757	23.2941	23.1526	23.046	22.7306	22.0994	19.4847	1.29748
setup	0	2019-03-06 23:00:00	12.026	440.736	320.26	28.651	340.53	0	16.0279	0	0	0	0	24.58	17.14	32.39	24.5799	24.5617	24.5121	-99.99	24.5104	24.1655	23.8972	23.5129	23.2691	22.7078	21.9241	19.5478	1.80944
setup	0	2019-03-07 23:00:00	12.0245	440.697	322.69	29.1076	337.923	0	15.2542	0	0	0	0	25.48	17.84	34.07	25.4799	25.4573	25.3959	-99.99	25.3938	24.9727	24.6488	24.1836	23.8855	23.1824	22.1772	19.5887	2.13313
setup	0	2019-03-08 23:00:00	12.023	440.636	312.04	28.3804	336.963	0	15.2973	0	0	0	0	24.66	17.11	33.36	24.66	24.6502	24.6236	-99.99	24.6226	24.4251	24.2544	23.9806	23.7873	23.267	22.3744	19.6678	2.02056
setup	0	2019-03-09 23:00:00	12.0215	440.554	299.43	27.4584	342.626	0	12.517	0	0	0	0	24.2	16.93	32.76	24.2	24.1914	24.1681	-99.99	24.1673	23.9988	23.8576	23.6351	23.479	23.0571	22.3113	19.76	1.87278
setup	0	2019-03-10 23:00:00	12.02	440.449	325.46	30.0893	326.283	0	14.5995	0	0	0	0	23.2	15.77	31.16	23.2	23.1984	23.194	-99.99	23.1938	23.1513	23.1022	23.0048	22.9247	22.6674	22.1194	19.8263	1.71543
setup	0	2019-03-11 23:00:00	12.0185	440.323	313.78	29.2426	337.511	0	13.9545	0	0	0	0	24.07	16.53	32.87	24.07	24.055	24.0146	-99.99	24.0132	23.7382	23.5296	23.2339	23.0462	22.6054	21.9573	19.8517	1.83229
setup	0	2019-03-12 23:00:00	12.017	440.173	320.03	30.0591	331.383	0	8.99265	0	0	0	0	24.06	16.37	33.2	24.06	24.0485	24.0176	-99.99	24.0165	23.7977	23.6215	23.3571	23.1802	22.7359	22.0312	19.8613	1.92366
setup	0	2019-03-13 23:00:00	12.0154	440.002	315.28	29.8384	333.83	0	8.77358	0	0	0	0	23.43	15.85	33	23.43	23.4247	23.4104	-99.99	23.4099	23.3002	23.2016	23.0388	22.921	22.5933	21.9992	19.8849	1.74503
setup	0	2019-03-14 23:00:00	12.0139	439.808	293.42	27.9728	348.871	0	10.0474	0	0	0	0	23.51	16.12	32.26	23.51	23.5007	23.4755	-99.99	23.4746	23.3018	23.1671	22.9675	22.8339	22.4911	21.9147	19.9031	1.58949
setup	0	2019-03-15 23:00:00	12.0124	439.591	297.46	28.5558	346.32	0	7.56962	0	0	0	0	23.87	15.76	32.61	23.87	23.8576	23.8241	-99.99	23.823	23.5906	23.4087	23.143	22.9697	22.5483	21.9048	19.9121	1.74203
setup	0	2019-03-16 23:00:00	12.0109	439.351	292.14	28.2297	355.912	0	10.1692	0	0	0	0	24.01	16.64	32.28	24.01	23.9977	23.9643	-99.99	23.9632	23.7347	23.5572	23.2966	23.1242	22.6925	22.004	19.9276	1.56221
setup	0	2019-03-17 23:00:00	12.0094	439.089	318.87	31.0016	348.504	0	5.99525	0	0	0	0	24.93	17.35	33.46	24.93	24.9104	24.8573	-99.99	24.8554	24.4936	24.2178	23.8254	23.5755	22.9898	22.1536	19.9614	1.79759
setup	0	2019-03-18 23:00:00	12.0078	438.804	302.9	29.615	351.04	0	5.0151	0	0	0	0	24.56	17.49	32.76	24.56	24.5485	24.5175	-99.99	24.5164	24.2964	24.1171	23.8425	23.6548	23.1671	22.3616	20.0217	1.7606
setup	0	2019-03-19 23:00:00	12.0063	438.496	317.83	31.2331	345.152	0	4.13587	0	0	0	0	24.66	16.3	33.39	24.66	24.6472	24.6124	-99.99	24.6112	24.3632	24.1621	23.8604	23.6598	23.1624	22.3895	20.1008	1.83288
setup	0	2019-03-20 23:00:00	12.0048	438.166	288.56	28.4847	360.655	0	5.32886	0	0	0	0	24.87	17.71	33.47	24.87	24.8554	24.8157	-99.99	24.8143	24.5425	24.3318	24.0232	23.8196	23.3123	22.5094	20.1759	1.75885
setup	0	2019-03-21 23:00:00	12.0032	437.813	316.09	31.3235	348.177	0	2.92791	0	0	0	0	25.21	16.79	34.19	25.21	25.1941	25.1511	-99.99	25.1496	24.8475	24.6074	24.2536	24.0218	23.4587	22.6123	20.257	1.9561
setup	0	2019-03-22 23:00:00	12.0017	437.437	309.38	30.7576	351.187	0	3.67992	0	0	0	0	25.04	17.25	33.91	25.04	25.0274	24.9933	-99.99	24.9921	24.7526	24.5604	24.2704	24.0746	23.5731	22.7545	20.3446	1.88136
setup	0	2019-03-23 23:00:00	12.0002	437.04	291.91	29.0947	357.658	0	7.27872	0	0	0	0	24.35	16.89	33.19	24.35	24.3437	24.3266	-99.99	24.326	24.1984	24.0865	23.9034	23.7715	23.4038	22.7333	20.4366	1.65957
setup	0	2019-03-24 23:00:00	11.9986	436.62	279.42	27.9009	358.348	0	7.23125	0	0	0	0	24.16	17.55	32.96	24.1596	24.1447	24.1306	-99.99	24.1302	23.9817	23.862	23.6785	23.5521	23.2154	22.6217	20.5075	1.69276
setup	0	2019-03-25 23:00:00	11.9971	436.179	296.31	29.6202	349.475	0	2.33351	0	0	0	0	24.94	15.48	34.19	24.9393	24.9094	24.881	-99.99	24.8803	24.5824	24.3484	24.0102	23.7938	23.2903	22.5807	20.5508	2.0711
setup	0	2019-03-26 23:00:00	11.9956	435.716	311.7	31.1703	344.772	0	2.56215	0	0	0	0	25.43	16.97	34.71	25.4292	25.3961	25.3647	-99.99	25.3638	25.0424	24.7958	24.4398	24.2091	23.6514	22.8156	20.5931	2.16467
setup	0	2019-03-27 23:00:00	11.9941	435.232	286.59	28.6593	354.885	0	8.81394	0	0	0	0	24.23	16.95	32.34	24.2298	24.223	24.2166	-99.99	24.2164	24.1432	24.0745	23.9475	23.8471	23.5346	22.8984	20.6665	1.74783
setup	0	2019-03-28 23:00:00	11.9925	434.726	283.47	28.3474	357.572	0	9.12183	0	0	0	0	23.83	16.51	32.2	23.8298	23.8214	23.8134	-99.99	23.8132	23.7247	23.6476	23.5205	23.4286	23.17	22.6816	20.7327	1.58189
setup	0	2019-03-29 23:00:00	11.991	434.2	291.68	29.1685	358.587	0	9.30817	0	0	0	0	24.84	16.5	33.54	24.8392	24.8083	24.7789	-99.99	24.7781	24.479	24.253	23.9345	23.7341	23.2733	22.6286	20.7588	1.81907
setup	0	2019-03-30 23:00:00	11.9895	433.653	291.56	29.1566	362.874	0	9.53687	0	0	0	0	24.76	18.13	32.97	24.7595	24.7375	24.7167	-99.99	24.7161	24.5036	24.3388	24.0934	23.9287	23.5064	22.8148	20.7848	1.63493
setup	0	2019-03-31 23:00:00	11.988	433.086	306.03	30.6037	357.934	0	9.98193	0	0	0	0	24.73	18.47	33.17	24.7295	24.7094	24.6902	-99.99	24.6897	24.4899	24.3308	24.0915	23.9308	23.5224	22.8612	20.8352	1.62123
setup	0	2019-04-01 23:00:00	11.9864	432.5	279.42	27.9427	367.946	0	11.1844	0	0	0	0	24.55	18.21	32.8	24.5496	24.5325	24.5163	-99.99	24.5159	24.3459	24.2097	24.0008	23.8584	23.4886	22.8716	20.8876	1.53629
setup	0	2019-04-02 23:00:00	11.9849	431.894	286.7	28.6708	364.959	0	11.1723	0	0	0	0	24.6	18.28	33	24.5995	24.5806	24.5626	-99.99	24.5621	24.374	24.2247	24.0012	23.8518	23.4738	22.8645	20.9344	1.57172
setup	0	2019-04-03 23:00:00	11.9834	431.269	263.56	26.3568	373.934	0	11.3372	0	0	0	0	23.9	18.35	31.75	23.8999	23.8934	23.8873	-99.99	23.8871	23.8187	23.7568	23.6485	23.5657	23.3171	22.8244	20.9755	1.26524
setup	0	2019-04-04 23:00:00	11.9819	430.626	206.76	20.6767	388.409	0	11.3348	0	0	0	0	23.12	18.4	29.85	23.12	23.1209	23.1218	-99.99	23.1218	23.1269	23.1234	23.1006	23.0727	22.9511	22.624	21.0019	1.06716
setup	0	2019-04-05 23:00:00	11.9804	429.965	245.63	24.5639	376.766	0	11.2333	0	0	0	0	23.37	17.57	31.02	23.3698	23.3589	23.3486	-99.99	23.3483	23.2372	23.1474	23.0141	22.9269	22.7136	22.3772	20.9934	1.17641
setup	0	2019-04-06 23:00:00	11.9789	429.286	291.1	29.1111	359.873	0	11.7095	0	0	0	0	23.8	17.79	31.69	23.7996	23.7808	23.7629	-99.99	23.7625	23.5807	23.4422	23.2441	23.1172	22.8146	22.3678	20.9607	1.40365
setup	0	2019-04-07 23:00:00	11.9774	428.591	257.32	25.7331	367.537	0	9.57156	0	0	0	0	23.73	17.08	32.12	23.7297	23.7165	23.7039	-99.99	23.7035	23.5669	23.4537	23.2812	23.1649	22.8707	22.4057	20.9408	1.53015
setup	0	2019-04-08 23:00:00	11.9759	427.879	311.23	31.1244	354.153	0	11.4515	0	0	0	0	24.49	17.24	33.41	24.4894	24.462	24.436	-99.99	24.4353	24.169	23.9662	23.6794	23.4982	23.0772	22.4906	20.9372	1.62806
setup	0	2019-04-09 23:00:00	11.9744	427.151	269.93	26.9943	370.09	0	11.3353	0	0	0	0	24.19	17.99	31.38	24.1896	24.1741	24.1593	-99.99	24.1589	24.0081	23.8901	23.7107	23.5867	23.2531	22.677	20.958	1.43165
setup	0	2019-04-10 23:00:00	11.9729	426.408	283.23	28.3244	360.501	0	7.86153	0	0	0	0	23.34	18.89	29.31	23.34	23.3385	23.337	-99.99	23.337	23.3188	23.2972	23.2479	23.2017	23.0317	22.6304	21.0016	1.27283
setup	0	2019-04-11 23:00:00	11.9714	425.651	254.19	25.4203	373.353	0	10.7069	0	0	0	0	23.18	18.08	29.99	23.1799	23.1743	23.1691	-99.99	23.1689	23.1072	23.0512	22.9598	22.8948	22.7182	22.3989	21.0267	1.11542
setup	0	2019-04-12 23:00:00	11.9699	424.879	265.99	26.6005	368.214	0	8.90344	0	0	0	0	23.64	18.35	31.07	23.6396	23.6225	23.6063	-99.99	23.6058	23.4389	23.311	23.1286	23.0122	22.7365	22.3314	21.0188	1.33683
setup	0	2019-04-13 23:00:00	11.9685	424.094	217.28	21.7293	387.994	0	10.8595	0	0	0	0	24.16	17.83	31.76	24.1595	24.1368	24.1152	-99.99	24.1147	23.8917	23.7195	23.4726	23.315	22.9447	22.4211	21.0105	1.4112
setup	0	2019-04-14 23:00:00	11.967	423.296	270.04	27.0056	367.926	0	8.7472	0	0	0	0	24.2	18.32	31.89	24.1996	24.1812	24.1637	-99.99	24.1633	23.9811	23.8374	23.6243	23.4828	23.1278	22.5734	21.0256	1.50662
setup	0	2019-04-15 23:00:00	11.9656	422.486	285.937	28.5955	359.134	0	6.0175	0	0	0	0	23.98	17.39	32.3	23.9797	23.9673	23.9555	-99.99	23.9552	23.824	23.7122	23.5378	23.4181	23.109	22.6071	21.0628	1.55409
setup	0	2019-04-16 23:00:00	11.9641	421.665	300.59	30.061	347.382	0	6.41171	0	0	0	0	24.13	17.07	33.25	24.1296	24.1128	24.0968	-99.99	24.0964	23.9262	23.7895	23.5864	23.4524	23.1222	22.616	21.1005	1.79583
setup	0	2019-04-17 23:00:00	11.9627	420.833	302.21	30.2231	339.192	0	5.84154	0	0	0	0	23.66	14.83	33.25	23.6599	23.6533	23.647	-99.99	23.6468	23.5674	23.4907	23.3614	23.2684	23.0174	22.5886	21.1351	1.88734
setup	0	2019-04-18 23:00:00	11.9612	419.991	286.7	28.672	359.113	0	5.89281	0	0	0	0	24.68	16.72	33.65	24.6793	24.6488	24.6199	-99.99	24.6191	24.3329	24.1246	23.8386	23.6608	23.2507	22.6737	21.163	1.80731
setup	0	2019-04-19 23:00:00	11.9598	419.139	269.12	26.914	373.354	0	10.4381	0	0	0	0	24.73	18.12	33.33	24.7295	24.7078	24.6871	-99.99	24.6866	24.4763	24.3141	24.0757	23.9177	23.5197	22.8914	21.2069	1.54683
setup	0	2019-04-20 23:00:00	11.9584	418.279	285.89	28.5912	366.982	0	10.7109	0	0	0	0	24.59	17.83	32.66	24.5896	24.5729	24.5571	-99.99	24.5567	24.3902	24.2567	24.0539	23.9164	23.5615	22.9809	21.2758	1.51527
setup	0	2019-04-21 23:00:00	11.957	417.411	255	25.502	374.937	0	10.5969	0	0	0	0	23.18	18.99	28.56	23.1802	23.1869	23.1933	-99.99	23.1935	23.2583	23.3006	23.3371	23.3407	23.2646	22.9354	21.3466	1.01252
setup	0	2019-04-22 23:00:00	11.9556	416.536	255	25.502	376.965	0	11.5868	0	0	0	0	23.89	17.89	31.69	23.8896	23.8731	23.8574	-99.99	23.857	23.6902	23.559	23.3713	23.2539	22.9914	22.6394	21.3862	1.24754
setup	0	2019-04-23 23:00:00	11.9542	415.655	182.81	18.2825	397.171	0	12.8763	0	0	0	0	23.38	18.12	30.89	23.3799	23.3751	23.3706	-99.99	23.3705	23.3214	23.2794	23.2061	23.1498	22.9809	22.6484	21.3875	1.11754
setup	0	2019-04-24 23:00:00	11.9529	414.768	238.46	23.848	374.293	0	14.4622	0	0	0	0	22.39	18.88	27.8	22.3902	22.3978	22.405	-99.99	22.4052	22.4819	22.5397	22.6072	22.6367	22.6466	22.4974	21.3887	0.935641
setup	0	2019-04-25 23:00:00	11.9515	413.876	182.11	18.2126	395.537	0	17.0595	0	0	0	0	23.26	17.69	31.51	23.2596	23.243	23.2272	-99.99	23.2268	23.0627	22.9398	22.7714	22.6707	22.4624	22.2265	21.3637	1.18134
setup	0	2019-04-26 23:00:00	11.9501	412.981	200.86	20.0758	388.951	0	31.536	0	0	0	0	22.33	17.64	29.49	22.3301	22.3331	22.3359	-99.99	22.336	22.3635	22.3831	22.4085	22.4156	22.3871	22.2292	21.319	0.775261
setup	0	2019-04-27 23:00:00	11.9488	412.081	242.39	24.223	379.181	0	24.6945	0	0	0	0	22.69	18.73	28.53	22.6898	22.6793	22.6693	-99.99	22.6691	22.58	22.5244	22.4533	22.4093	22.2998	22.1092	21.2811	0.790747
setup	0	2019-04-28 23:00:00	11.9475	411.18	259.98	25.9758	377.255	0	24.5322	0	0	0	0	23.58	18.47	30.76	23.5795	23.5565	23.5346	-99.99	23.534	23.3113	23.1455	22.9194	22.7828	22.489	22.1303	21.2406	1.02779
setup	0	2019-04-29 23:00:00	11.9462	410.277	260.79	26.0506	375.402	0	23.1975	0	0	0	0	23.18	18.75	30.27	23.1799	23.173	23.1665	-99.99	23.1664	23.0952	23.0335	22.9317	22.8575	22.6504	22.2892	21.2228	0.933562
setup	0	2019-04-30 23:00:00	11.9449	409.373	241.93	24.1596	380.208	0	22.6172	0	0	0	0	23.15	18.39	30.18	23.1498	23.141	23.1325	-99.99	23.1323	23.0431	22.9714	22.8622	22.7879	22.5955	22.2767	21.2314	0.949261
setup	0	2019-05-01 23:00:00	11.9436	408.469	288.09	28.759	364.907	0	22.0534	0	0	0	0	23.29	17.86	30.5	23.2898	23.278	23.2668	-99.99	23.2665	23.149	23.056	22.9192	22.8295	22.6098	22.2739	21.2403	1.06604
setup	0	2019-05-02 23:00:00	11.9423	407.565	278.03	27.7428	364.225	0	21.2293	0	0	0	0	22.96	18.06	30.46	22.96	22.9555	22.9513	-99.99	22.9512	22.9035	22.8603	22.7868	22.7319	22.5738	22.2802	21.2508	1.07559
setup	0	2019-05-03 23:00:00	11.941	406.663	232.67	23.2046	376.605	0	20.7922	0	0	0	0	22.86	17.08	30.74	22.8599	22.8546	22.8494	-99.99	22.8493	22.7906	22.7392	22.6573	22.6003	22.4511	22.1988	21.2599	1.12881
setup	0	2019-05-04 23:00:00	11.9398	405.763	200.74	20.0076	384.413	0	21.3578	0	0	0	0	22.11	16.82	29.61	22.1101	22.1131	22.1212	-99.99	22.1215	22.174	22.2086	22.242	22.2518	22.2316	22.0959	21.2584	0.914022
setup	0	2019-05-05 23:00:00	11.9386	404.867	243.2	24.2216	372.289	0	40.8615	0	0	0	0	22.03	16.41	29.78	22.0301	22.0258	22.0144	-99.99	22.014	21.9453	21.9227	21.9222	21.9241	21.9206	21.8687	21.2397	0.867852
setup	0	2019-05-06 23:00:00	11.9373	403.974	177.14	17.6267	393.691	0	31.0018	0	0	0	0	22.39	17.81	29.34	22.3901	22.3845	22.3693	-99.99	22.3688	22.2763	22.2178	22.1425	22.0965	21.9892	21.8228	21.1972	0.892115
setup	0	2019-05-07 23:00:00	11.9361	403.086	245.4	24.3936	367.949	0	31.2557	0	0	0	0	21.91	17.69	29.14	21.9101	21.9114	21.9151	-99.99	21.9152	21.934	21.9431	21.9457	21.9404	21.9019	21.7831	21.1606	0.927104
setup	0	2019-05-08 23:00:00	11.935	402.203	251.53	24.9723	360.386	0	29.2115	0	0	0	0	21.43	16.09	29.19	21.4301	21.4344	21.4461	-99.99	21.4465	21.5151	21.5546	21.5958	21.6142	21.6348	21.6101	21.126	0.991763
setup	0	2019-05-09 23:00:00	11.9338	401.327	240.31	23.8242	363.585	0	28.5764	0	0	0	0	20.96	15.19	28.07	20.9601	20.9652	20.9793	-99.99	20.9797	21.0728	21.1398	21.2262	21.2745	21.3615	21.4155	21.075	0.846206
setup	0	2019-05-10 23:00:00	11.9326	400.457	224.92	22.2614	358.839	0	25.9412	0	0	0	0	19.85	15.22	25.71	19.8501	19.8634	19.8994	-99.99	19.9007	20.1433	20.3201	20.5517	20.684	20.936	21.152	21.0062	0.830521
setup	0	2019-05-11 23:00:00	11.9315	399.596	245.28	24.2299	348.717	0	25.4429	0	0	0	0	19.7	13.11	27.33	19.7001	19.7083	19.7304	-99.99	19.7311	19.872	19.9718	20.11	20.1985	20.4127	20.7147	20.9076	0.938074
setup	0	2019-05-12 23:00:00	11.9304	398.742	220.29	21.7133	366.304	0	26.6904	0	0	0	0	20.89	14.4	28.71	20.8901	20.8824	20.8616	-99.99	20.8609	20.7365	20.6632	20.5877	20.5563	20.5346	20.6053	20.7739	0.988461
setup	0	2019-05-13 23:00:00	11.9293	397.899	218.9	21.522	372.056	0	27.5673	0	0	0	0	21.18	15.12	28.37	21.1801	21.1751	21.1615	-99.99	21.161	21.0772	21.0233	20.9557	20.9168	20.8371	20.7555	20.6628	0.851725
setup	0	2019-05-14 23:00:00	11.9282	397.065	224.11	21.9713	369.775	0	27.4624	0	0	0	0	21.41	16.39	28.94	21.4101	21.4053	21.3922	-99.99	21.3918	21.3082	21.25	21.1718	21.1239	21.016	20.8764	20.6017	0.946291
setup	0	2019-05-15 23:00:00	11.9272	396.241	234.52	22.9177	368.51	0	27.159	0	0	0	0	21.49	16.05	28.55	21.4901	21.4863	21.4762	-99.99	21.4758	21.4075	21.3562	21.2827	21.2354	21.1228	20.9618	20.5752	0.883759
setup	0	2019-05-16 23:00:00	11.9261	395.429	216.82	21.1114	374.854	0	27.763	0	0	0	0	21.77	16.05	29.43	21.7701	21.7642	21.7482	-99.99	21.7477	21.6394	21.559	21.4475	21.3785	21.225	21.0265	20.5688	0.969177
setup	0	2019-05-17 23:00:00	11.9251	394.63	251.07	24.3477	365.834	0	27.7493	0	0	0	0	21.67	16.13	29.13	21.6701	21.6669	21.6582	-99.99	21.6579	21.5989	21.5534	21.4845	21.4372	21.314	21.1136	20.5766	0.859625
setup	0	2019-05-18 23:00:00	11.9241	393.843	171.24	16.5319	384.169	0	27.3995	0	0	0	0	20.52	16.18	27.08	20.5201	20.5282	20.5504	-99.99	20.5511	20.6974	20.8004	20.9256	20.9892	21.0774	21.0607	20.5949	0.670314
setup	0	2019-05-19 23:00:00	11.9232	393.07	150.76	14.4831	385.584	0	28.4693	0	0	0	0	19.88	15.47	25.7	19.8801	19.8883	19.9106	-99.99	19.9113	20.0605	20.174	20.3296	20.4218	20.6048	20.7656	20.5945	0.689039
setup	0	2019-05-20 23:00:00	11.9222	392.311	214.74	20.5184	365.565	0	28.296	0	0	0	0	20.06	15.69	26.68	20.0601	20.0623	20.0684	-99.99	20.0686	20.1128	20.15	20.2085	20.2491	20.3534	20.5036	20.5494	0.731909
setup	0	2019-05-21 23:00:00	11.9213	391.566	251.18	23.8597	352.431	0	26.7651	0	0	0	0	21.04	14.11	29.35	21.0401	21.0325	21.0119	-99.99	21.0112	20.8688	20.7641	20.6316	20.5614	20.4545	20.4299	20.4787	1.14607
setup	0	2019-05-22 23:00:00	11.9204	390.838	218.56	20.6298	370.002	0	29.1877	0	0	0	0	21.03	15.63	28.53	21.0301	21.0266	21.017	-99.99	21.0167	20.9597	20.9232	20.8736	20.841	20.7566	20.6283	20.4232	0.859196
setup	0	2019-05-23 23:00:00	11.9195	390.125	189.86	17.7993	374.834	0	33.4174	0	0	0	0	20.09	15.94	26.46	20.0901	20.0966	20.1144	-99.99	20.115	20.2345	20.3248	20.4415	20.5044	20.6031	20.6293	20.4074	0.667862
setup	0	2019-05-24 23:00:00	11.9186	389.429	198.66	18.4897	368.5	0	30.3818	0	0	0	0	19.78	15.61	26.48	19.7801	19.7857	19.8009	-99.99	19.8014	19.9031	19.9782	20.0799	20.1412	20.2708	20.4084	20.3903	0.72712
setup	0	2019-05-25 23:00:00	11.9178	388.751	172.86	15.9654	376.008	0	30.3601	0	0	0	0	19.84	14.75	27.01	19.8401	19.8426	19.8493	-99.99	19.8496	19.894	19.9276	19.9771	20.0106	20.0972	20.2298	20.3446	0.838107
setup	0	2019-05-26 23:00:00	11.917	388.09	163.6	14.9887	382.711	0	31.6427	0	0	0	0	20.28	15.34	27.05	20.2801	20.2771	20.2689	-99.99	20.2686	20.2223	20.1977	20.1752	20.1673	20.1669	20.2013	20.2853	0.801073
setup	0	2019-05-27 23:00:00	11.9162	387.448	189.52	17.218	373.75	0	31.9479	0	0	0	0	20.07	15.33	26.48	20.0701	20.0717	20.0762	-99.99	20.0763	20.1069	20.1297	20.1589	20.1749	20.2032	20.2269	20.2377	0.722009
setup	0	2019-05-28 23:00:00	11.9154	386.825	179.57	16.1725	374.498	0	32.0539	0	0	0	0	19.64	15.12	25.12	19.6401	19.6452	19.6589	-99.99	19.6594	19.7535	19.8236	19.9167	19.9703	20.0736	20.1677	20.204	0.662334
setup	0	2019-05-29 23:00:00	11.9147	386.222	185.35	16.5444	373.612	0	33.3963	0	0	0	0	20.19	15.57	27.24	20.1901	20.1871	20.179	-99.99	20.1787	20.1259	20.091	20.0523	20.0356	20.0252	20.068	20.1671	0.863272
setup	0	2019-05-30 23:00:00	11.914	385.638	222.61	19.6898	363.444	0	35.9922	0	0	0	0	20.76	14.69	28.67	20.7601	20.7538	20.7367	-99.99	20.7362	20.6186	20.531	20.4149	20.3488	20.2274	20.1386	20.1287	0.979944
setup	0	2019-05-31 23:00:00	11.9133	385.076	201.55	17.6634	373.511	0	39.4375	0	0	0	0	20.91	15.73	28.29	20.9101	20.9051	20.8915	-99.99	20.8911	20.8047	20.7445	20.6621	20.6104	20.4892	20.3268	20.114	0.882537
setup	0	2019-06-01 23:00:00	11.9127	384.534	173.2	15.0392	385.261	0	43.608	0	0	0	0	20.96	16.72	27.59	20.9601	20.9557	20.9439	-99.99	20.9435	20.8713	20.8244	20.761	20.72	20.6162	20.4527	20.1305	0.730424
setup	0	2019-06-02 23:00:00	11.912	384.014	155.39	13.3694	386.699	0	49.8074	0	0	0	0	20.1	16.74	25.38	20.1001	20.1049	20.1181	-99.99	20.1186	20.2078	20.2774	20.3668	20.4136	20.4772	20.4575	20.1619	0.542911
setup	0	2019-06-03 23:00:00	11.9114	383.515	189.17	16.1294	373.328	0	48.9171	0	0	0	0	20.21	14.98	27.7	20.2101	20.2109	20.2132	-99.99	20.2133	20.2159	20.2103	20.2011	20.1982	20.2097	20.2541	20.1801	0.817996
setup	0	2019-06-04 23:00:00	11.9109	383.04	137.22	11.5974	392.158	0	53.5545	0	0	0	0	20.38	15.04	27.47	20.3801	20.3783	20.3733	-99.99	20.3731	20.3433	20.3246	20.3025	20.2905	20.2676	20.2453	20.1691	0.78818
setup	0	2019-06-05 23:00:00	11.9103	382.586	129.35	10.8399	386.371	0	53.7133	0	0	0	0	18.87	15.76	24.38	18.8701	18.8845	18.9237	-99.99	18.9251	19.1889	19.3806	19.6274	19.7645	20.0084	20.1808	20.1586	0.569623
setup	0	2019-06-06 23:00:00	11.9098	382.156	145.09	12.0611	382.769	0	54.3087	0	0	0	0	19.21	14.82	25.62	19.2101	19.213	19.221	-99.99	19.2213	19.2762	19.3228	19.3991	19.4545	19.6065	19.8466	20.1311	0.656531
setup	0	2019-06-07 23:00:00	11.9093	381.75	223.42	18.432	362.488	0	60.1041	0	0	0	0	20.08	14.84	26.91	20.0801	20.074	20.0573	-99.99	20.0567	19.9518	19.8849	19.8109	19.7775	19.7462	19.8012	20.0668	0.732628
setup	0	2019-06-08 23:00:00	11.9089	381.367	203.17	16.6439	364.906	0	67.3615	0	0	0	0	19.43	15.68	24.82	19.4301	19.4351	19.4489	-99.99	19.4493	19.5459	19.6189	19.7131	19.7643	19.8507	19.9085	20.015	0.649041
setup	0	2019-06-09 23:00:00	11.9085	381.009	87.24	7.10123	400.822	0	66.7498	0	0	0	0	18.99	15.3	23.83	18.9901	18.9969	19.0156	-99.99	19.0162	19.1429	19.2377	19.3667	19.4438	19.6046	19.7817	19.9851	0.543305
setup	0	2019-06-10 23:00:00	11.9081	380.674	81.57	6.60199	405.172	0	56.5667	0	0	0	0	19.46	14.07	26.75	19.4601	19.4598	19.4589	-99.99	19.4589	19.4464	19.4346	19.4249	19.4271	19.4698	19.6115	19.9415	0.893125
setup	0	2019-06-11 23:00:00	11.9077	380.365	155.96	12.5607	374.515	0	53.678	0	0	0	0	18.79	13.53	25.04	18.7901	18.7978	18.8186	-99.99	18.8193	18.959	19.0608	19.1953	19.2736	19.4308	19.6011	19.8874	0.795419
setup	0	2019-06-12 23:00:00	11.9074	380.08	134.1	10.7556	387.462	0	67.8182	0	0	0	0	19.49	14.68	25.73	19.4901	19.4868	19.478	-99.99	19.4777	19.4298	19.4075	19.3937	19.3948	19.4266	19.5281	19.8389	0.734025
setup	0	2019-06-13 23:00:00	11.907	379.821	207.33	16.5748	366.522	0	69.3286	0	0	0	0	20.14	14.9	26.88	20.1401	20.1337	20.1164	-99.99	20.1158	20.0028	19.9239	19.8244	19.7699	19.6758	19.6274	19.7956	0.799266
setup	0	2019-06-14 23:00:00	11.9068	379.587	112	8.93235	399.421	0	80.6118	0	0	0	0	20.18	15.78	26.26	20.1801	20.1769	20.1682	-99.99	20.1679	20.1141	20.0776	20.0276	19.9956	19.9186	19.8155	19.7805	0.692053
setup	0	2019-06-15 23:00:00	11.9065	379.378	113.04	9.00197	395.563	0	66.8491	0	0	0	0	19.63	15.3	25.89	19.6301	19.6339	19.6444	-99.99	19.6448	19.7097	19.7511	19.7979	19.8204	19.8503	19.8479	19.7946	0.715418
setup	0	2019-06-16 23:00:00	11.9063	379.196	229.66	18.2789	352.854	0	66.1156	0	0	0	0	19.66	14.97	26.43	19.6601	19.661	19.6634	-99.99	19.6635	19.6785	19.6888	19.703	19.7123	19.7364	19.7732	19.8075	0.878571
setup	0	2019-06-17 23:00:00	11.9061	379.038	254.19	20.2296	341.608	0	79.3905	0	0	0	0	19.88	14.31	27.01	19.8801	19.8786	19.8745	-99.99	19.8744	19.8458	19.8242	19.796	19.7807	19.7573	19.7556	19.8068	1.03888
setup	0	2019-06-18 23:00:00	11.906	378.907	149.25	11.8772	382.579	0	75.7408	0	0	0	0	19.91	13.84	27.82	19.9101	19.9094	19.9075	-99.99	19.9074	19.8908	19.8753	19.8515	19.8365	19.8067	19.7844	19.8045	0.992555
setup	0	2019-06-19 23:00:00	11.9059	378.802	223.53	17.7874	363.207	0	67.43	0	0	0	0	20.72	14.8	28	20.7201	20.7112	20.6871	-99.99	20.6862	20.5324	20.4271	20.2924	20.215	20.0613	19.9076	19.8086	0.929263
setup	0	2019-06-20 23:00:00	11.9058	378.723	153.53	12.218	386.51	0	81.9777	0	0	0	0	20.53	15.43	27.28	20.5301	20.5277	20.5213	-99.99	20.5211	20.4781	20.4447	20.3929	20.3561	20.2559	20.0914	19.8337	0.873713
setup	0	2019-06-21 23:00:00	11.9057	378.67	93.6	7.44949	402.549	0	72.1129	0	0	0	0	19.72	15.28	26.29	19.7201	19.7257	19.7409	-99.99	19.7414	19.8396	19.9065	19.9867	20.0276	20.0852	20.0803	19.8774	0.747978
setup	0	2019-06-22 23:00:00	11.9057	378.643	204.33	16.2646	362.653	0	58.1544	0	0	0	0	19.63	14.34	26.62	19.6301	19.6328	19.6402	-99.99	19.6404	19.6871	19.7194	19.7625	19.7888	19.8473	19.9172	19.9047	0.8444
setup	0	2019-06-23 23:00:00	11.9057	378.643	254.89	20.2926	345.797	0	74.7018	0	0	0	0	20.14	13.8	26.84	20.1401	20.1365	20.1269	-99.99	20.1265	20.0643	20.0218	19.9696	19.9418	19.8975	19.8806	19.903	0.974036
setup	0	2019-06-24 23:00:00	11.9057	378.668	179.34	14.2809	381.075	0	73.6253	0	0	0	0	21.08	15.32	27.98	21.0801	21.0693	21.04	-99.99	21.039	20.8507	20.7199	20.549	20.4494	20.2497	20.0479	19.9002	0.932875
setup	0	2019-06-25 23:00:00	11.9058	378.719	141.96	11.3072	385.725	0	66.7492	0	0	0	0	19.35	16.24	24.5	19.3501	19.3603	19.3882	-99.99	19.3891	19.5803	19.7227	19.9023	19.9976	20.1424	20.1673	19.927	0.521552
setup	0	2019-06-26 23:00:00	11.9059	378.797	168.81	13.4499	375.535	0	68.2964	0	0	0	0	19.28	15.76	24.53	19.2801	19.2844	19.296	-99.99	19.2964	19.3775	19.4413	19.5334	19.592	19.7249	19.8846	19.9525	0.61691
setup	0	2019-06-27 23:00:00	11.906	378.9	144.74	11.5362	387.372	0	75.1101	0	0	0	0	20.07	14.83	27.17	20.0701	20.0656	20.0532	-99.99	20.0528	19.9684	19.9073	19.8314	19.7928	19.7434	19.7704	19.933	0.79047
setup	0	2019-06-28 23:00:00	11.9062	379.029	120.79	9.63125	396.815	0	69.1761	0	0	0	0	20.41	14.69	27.94	20.4101	20.4054	20.3927	-99.99	20.3923	20.3068	20.2435	20.1577	20.1066	20.0034	19.9079	19.9069	0.918893
setup	0	2019-06-29 23:00:00	11.9064	379.183	254.77	20.3237	345.549	0	58.8584	0	0	0	0	20.27	13.72	28.56	20.2701	20.2693	20.2669	-99.99	20.2669	20.2446	20.2212	20.1815	20.1539	20.0876	20.003	19.9073	1.05319
setup	0	2019-06-30 23:00:00	11.9066	379.363	258.24	20.6115	342.699	0	60.9408	0	0	0	0	20.67	13	29.37	20.6701	20.6651	20.6515	-99.99	20.651	20.557	20.4855	20.3868	20.327	20.2026	20.0707	19.9219	1.24808
setup	0	2019-07-01 23:00:00	11.9068	379.568	215.55	17.2145	366.226	0	52.4451	0	0	0	0	21.33	15.32	29.63	21.3301	21.3204	21.2939	-99.99	21.293	21.1239	21.0062	20.85	20.7557	20.5481	20.288	19.9478	1.17173
setup	0	2019-07-02 23:00:00	11.9071	379.799	243.09	19.4271	359.868	0	51.0078	0	0	0	0	21.53	15.56	29.08	21.5301	21.5228	21.5029	-99.99	21.5022	21.3686	21.268	21.1247	21.0328	20.8152	20.5111	20.0018	1.09153
setup	0	2019-07-03 23:00:00	11.9074	380.054	135.14	10.8082	393.085	0	53.6405	0	0	0	0	20.7	15.58	27.39	20.7001	20.7026	20.7095	-99.99	20.7097	20.7518	20.7762	20.7952	20.7962	20.7556	20.6	20.077	0.989198
setup	0	2019-07-04 23:00:00	11.9078	380.333	191.14	15.2999	369.231	0	43.0882	0	0	0	0	20.47	15.01	27.57	20.4701	20.4716	20.4756	-99.99	20.4758	20.4989	20.5114	20.5225	20.5256	20.5191	20.4716	20.142	1.10984
setup	0	2019-07-05 23:00:00	11.9082	380.637	244.59	19.5968	351.342	0	41.5045	0	0	0	0	20.56	14.5	28.17	20.5601	20.5592	20.5566	-99.99	20.5565	20.5367	20.5196	20.494	20.4776	20.4409	20.3906	20.1736	1.06815
setup	0	2019-07-06 23:00:00	11.9086	380.965	155.62	12.4814	384.564	0	43.5042	0	0	0	0	20.38	15.23	27.13	20.3801	20.3805	20.3818	-99.99	20.3818	20.3938	20.4052	20.4201	20.4272	20.4296	20.3936	20.188	0.911914
setup	0	2019-07-07 23:00:00	11.909	381.316	184.31	14.7995	375.617	0	38.7848	0	0	0	0	20.74	14.96	28.48	20.7401	20.7368	20.7279	-99.99	20.7275	20.665	20.6171	20.5512	20.512	20.4339	20.3567	20.1975	1.03221
setup	0	2019-07-08 23:00:00	11.9095	381.691	213.35	17.153	364.833	0	35.4426	0	0	0	0	21.02	14.59	29.34	21.0201	21.0157	21.0036	-99.99	21.0032	20.9191	20.8538	20.7614	20.7041	20.5799	20.4348	20.2038	1.1729
setup	0	2019-07-09 23:00:00	11.91	382.089	253.38	20.3997	350.637	0	33.3697	0	0	0	0	21.29	14.65	29.73	21.2901	21.2846	21.2698	-99.99	21.2693	21.168	21.091	20.9823	20.914	20.7598	20.5609	20.2225	1.24041
setup	0	2019-07-10 23:00:00	11.9105	382.509	184.54	14.88	379.507	0	34.6759	0	0	0	0	21.47	14.87	29.18	21.4701	21.4646	21.4495	-99.99	21.449	21.3484	21.2731	21.1663	21.0981	20.9362	20.7052	20.258	1.15222
setup	0	2019-07-11 23:00:00	11.911	382.951	219.71	17.7454	366.381	0	33.8211	0	0	0	0	21.19	15.75	28.45	21.1901	21.1885	21.1843	-99.99	21.1841	21.1555	21.1323	21.0938	21.0645	20.9748	20.7964	20.3077	1.0487
setup	0	2019-07-12 23:00:00	11.9116	383.415	241.81	19.5658	355.726	0	34.2082	0	0	0	0	21.27	15.02	29.14	21.2701	21.2673	21.2597	-99.99	21.2594	21.2033	21.1563	21.0857	21.0394	20.9301	20.7744	20.3569	1.20211
setup	0	2019-07-13 23:00:00	11.9122	383.901	175.98	14.2674	376.241	0	31.3176	0	0	0	0	20.51	15	27.29	20.5101	20.5143	20.5258	-99.99	20.5262	20.6021	20.6553	20.7199	20.7525	20.7922	20.7564	20.3941	1.07425
setup	0	2019-07-14 23:00:00	11.9128	384.407	202.94	16.4883	366.305	0	29.7019	0	0	0	0	20.43	14.55	27.86	20.4301	20.4319	20.4368	-99.99	20.4369	20.4671	20.4872	20.5129	20.5279	20.5583	20.5835	20.4141	1.05416
setup	0	2019-07-15 23:00:00	11.9135	384.933	174.59	14.2178	372.461	0	29.8381	0	0	0	0	19.62	14.22	26.99	19.6201	19.6282	19.65	-99.99	19.6507	19.7958	19.9008	20.0393	20.1202	20.2795	20.4271	20.4056	0.939249
setup	0	2019-07-16 23:00:00	11.9142	385.48	130.97	10.6923	386.502	0	28.477	0	0	0	0	19.45	13.63	27.4	19.4501	19.4557	19.4707	-99.99	19.4712	19.5717	19.6466	19.752	19.8186	19.9727	20.1767	20.3707	1.04249
setup	0	2019-07-17 23:00:00	11.9149	386.046	148.1	12.1233	380.703	0	27.248	0	0	0	0	19.33	13.84	26.84	19.3301	19.3346	19.347	-99.99	19.3474	19.4352	19.5054	19.6081	19.6741	19.8269	20.0293	20.3086	0.898664
setup	0	2019-07-18 23:00:00	11.9156	386.63	251.07	20.6117	341.325	0	27	0	0	0	0	19.46	12.99	27.37	19.4601	19.4626	19.4693	-99.99	19.4696	19.5148	19.5496	19.6022	19.6384	19.7361	19.9037	20.2378	1.02958
setup	0	2019-07-19 23:00:00	11.9164	387.233	171	14.0818	374.612	0	27.8332	0	0	0	0	19.54	14.22	26.74	19.5401	19.5413	19.5446	-99.99	19.5447	19.5756	19.607	19.6581	19.6932	19.7785	19.9005	20.1683	0.853342
setup	0	2019-07-20 23:00:00	11.9172	387.854	166.96	13.7946	376.832	0	27.219	0	0	0	0	19.82	13.94	26.9	19.8201	19.8194	19.8175	-99.99	19.8174	19.807	19.8024	19.8011	19.804	19.825	19.8896	20.1134	0.947749
setup	0	2019-07-21 23:00:00	11.918	388.492	231.52	19.1962	355.755	0	26.4697	0	0	0	0	20.31	14.91	26.66	20.3101	20.3057	20.294	-99.99	20.2936	20.2219	20.1758	20.12	20.0896	20.0345	19.9937	20.0732	1.01582
setup	0	2019-07-22 23:00:00	11.9189	389.146	176.44	14.6842	373.507	0	20.809	0	0	0	0	20.32	14.6	28.18	20.3201	20.3188	20.3154	-99.99	20.3153	20.2862	20.259	20.2167	20.1893	20.1303	20.0709	20.0582	1.1876
setup	0	2019-07-23 23:00:00	11.9197	389.816	257.78	21.5392	332.378	0	18.8309	0	0	0	0	19.73	11.8	27.87	19.7301	19.7349	19.7477	-99.99	19.7481	19.8233	19.8683	19.9189	19.9452	19.9924	20.037	20.0571	1.34595
setup	0	2019-07-24 23:00:00	11.9206	390.502	180.26	15.1253	371.099	0	17.7299	0	0	0	0	20.88	13.34	29.85	20.8801	20.8709	20.8459	-99.99	20.845	20.6834	20.5713	20.4286	20.3482	20.1995	20.0794	20.0505	1.52643
setup	0	2019-07-25 23:00:00	11.9215	391.202	267.73	22.5646	332.792	0	18.7969	0	0	0	0	20.29	12	30.01	20.2901	20.2921	20.2973	-99.99	20.2975	20.3224	20.3299	20.327	20.3184	20.2808	20.203	20.0568	1.40715
setup	0	2019-07-26 23:00:00	11.9224	391.916	231.86	19.6328	352.891	0	16.865	0	0	0	0	20.72	13.01	30.2	20.7201	20.7155	20.7029	-99.99	20.7025	20.6223	20.5669	20.4947	20.452	20.3615	20.2512	20.0773	1.35007
setup	0	2019-07-27 23:00:00	11.9234	392.644	244.82	20.832	346.24	0	19.9506	0	0	0	0	20.27	13.51	29.37	20.2701	20.2717	20.2762	-99.99	20.2763	20.3057	20.3255	20.3474	20.3564	20.3561	20.3052	20.1025	1.24241
setup	0	2019-07-28 23:00:00	11.9244	393.384	195.88	16.7532	365.323	0	19.683	0	0	0	0	20.13	13.1	27.7	20.1301	20.1312	20.1343	-99.99	20.1344	20.1575	20.1768	20.2038	20.2194	20.2455	20.2492	20.1263	1.17853
setup	0	2019-07-29 23:00:00	11.9254	394.137	179.91	15.4697	374.866	0	19.5159	0	0	0	0	20.35	14.81	27.7	20.3501	20.348	20.3425	-99.99	20.3423	20.3132	20.2987	20.2837	20.2763	20.261	20.2345	20.1369	1.05966
setup	0	2019-07-30 23:00:00	11.9264	394.9	133.06	11.505	387.499	0	20.2882	0	0	0	0	19.25	15.42	24.58	19.2501	19.2587	19.2822	-99.99	19.283	19.4471	19.5737	19.7443	19.8437	20.0303	20.1727	20.1436	0.706278
setup	0	2019-07-31 23:00:00	11.9274	395.675	165.8	14.4186	377.912	0	23.6271	0	0	0	0	19.37	15.6	25.3	19.3701	19.3725	19.379	-99.99	19.3792	19.4307	19.4792	19.5544	19.6051	19.7314	19.9144	20.1309	0.67331
setup	0	2019-08-01 23:00:00	11.9285	396.459	250.14	21.8828	352.656	0	26.2475	0	0	0	0	20.39	16.01	27.73	20.3901	20.3831	20.364	-99.99	20.3634	20.2405	20.157	20.0542	19.9998	19.9152	19.8997	20.0872	0.941731
setup	0	2019-08-02 23:00:00	11.9296	397.252	166.15	14.6245	383.689	0	28.5027	0	0	0	0	20.52	14.98	27.98	20.5201	20.5168	20.5078	-99.99	20.5075	20.4436	20.3929	20.3199	20.2745	20.1768	20.0748	20.058	0.89014
setup	0	2019-08-03 23:00:00	11.9307	398.054	224.81	19.9124	355.163	0	24.7525	0	0	0	0	19.88	13.35	28.22	19.8801	19.8844	19.8961	-99.99	19.8965	19.9639	20.0026	20.0432	20.0622	20.0888	20.0966	20.0601	1.07448
setup	0	2019-08-04 23:00:00	11.9318	398.863	282.42	25.1764	335.302	0	22.8543	0	0	0	0	20.29	13.07	29.03	20.2901	20.2873	20.2799	-99.99	20.2796	20.2299	20.1945	20.1495	20.1249	20.0827	20.0592	20.0624	1.16311
setup	0	2019-08-05 23:00:00	11.9329	399.68	266.23	23.889	345.961	0	20.9605	0	0	0	0	21.38	14.22	30.62	21.3801	21.3687	21.3377	-99.99	21.3366	21.1336	20.989	20.7989	20.6878	20.4627	20.2348	20.0631	1.35792
setup	0	2019-08-06 23:00:00	11.9341	400.502	274.56	24.8005	345.767	0	18.2578	0	0	0	0	21.81	13.66	30.99	21.8101	21.8006	21.775	-99.99	21.7741	21.5975	21.4621	21.2701	21.1496	20.8777	20.5375	20.0956	1.41785
setup	0	2019-08-07 23:00:00	11.9353	401.33	185.12	16.834	384	0	19.0654	0	0	0	0	21.69	15.85	29.37	21.6901	21.6842	21.6683	-99.99	21.6678	21.5676	21.4965	21.3934	21.3237	21.1369	20.8181	20.1691	1.06262
setup	0	2019-08-08 23:00:00	11.9364	402.163	210	19.2257	368.795	0	18.9609	0	0	0	0	20.84	15.83	28.06	20.8401	20.8432	20.8517	-99.99	20.852	20.9052	20.9379	20.9683	20.9766	20.9542	20.8216	20.2625	1.04404
setup	0	2019-08-09 23:00:00	11.9377	403	178.87	16.4866	374.93	0	15.1416	0	0	0	0	20.7	13.51	29.55	20.7001	20.7015	20.7052	-99.99	20.7053	20.7179	20.7161	20.7037	20.6928	20.665	20.6228	20.3282	1.3257
setup	0	2019-08-10 23:00:00	11.9389	403.84	244.47	22.685	352.89	0	16.2609	0	0	0	0	20.51	13.74	29.13	20.5101	20.5111	20.5138	-99.99	20.5139	20.5337	20.5486	20.5669	20.576	20.5859	20.5668	20.353	1.12356
setup	0	2019-08-11 23:00:00	11.9401	404.682	112.69	10.5267	397.494	0	15.6723	0	0	0	0	19.84	14.38	26.78	19.8401	19.846	19.8622	-99.99	19.8627	19.9762	20.0633	20.1812	20.2498	20.3787	20.4717	20.3622	0.912962
setup	0	2019-08-12 23:00:00	11.9414	405.526	273.648	25.7306	334.323	0	13.8653	0	0	0	0	19.77	13.56	27.18	19.7701	19.7738	19.7838	-99.99	19.7841	19.8499	19.8979	19.9652	20.008	20.1095	20.2478	20.3499	1.13446
setup	0	2019-08-13 23:00:00	11.9426	406.371	235.57	22.2929	354.81	0	14.0855	0	0	0	0	20.44	13.98	29.02	20.4401	20.4362	20.4258	-99.99	20.4255	20.3577	20.3111	20.2548	20.2262	20.1872	20.1976	20.3105	1.15293
setup	0	2019-08-14 23:00:00	11.9439	407.216	104.59	9.95982	401.87	0	13.2115	0	0	0	0	20.2	14.35	28.04	20.2001	20.201	20.2037	-99.99	20.2038	20.2236	20.2395	20.2601	20.2709	20.2864	20.2859	20.2782	1.12107
setup	0	2019-08-15 23:00:00	11.9452	408.06	217.05	20.7942	353.334	0	11.2699	0	0	0	0	19.59	12.76	27.68	19.5901	19.5964	19.6137	-99.99	19.6143	19.7232	19.7972	19.8915	19.9458	20.0566	20.1758	20.2621	1.21126
setup	0	2019-08-16 23:00:00	11.9465	408.903	126.69	12.2077	390.068	0	10.5784	0	0	0	0	19.53	13.53	26.65	19.5301	19.5332	19.5416	-99.99	19.5419	19.6058	19.66	19.7413	19.7938	19.9127	20.0581	20.2326	1.02534
setup	0	2019-08-17 23:00:00	11.9478	409.744	176.44	17.0951	376.639	0	10.8442	0	0	0	0	20.41	14.15	27.86	20.4101	20.4044	20.3891	-99.99	20.3886	20.2917	20.2272	20.15	20.1102	20.0506	20.0429	20.192	1.13445
setup	0	2019-08-18 23:00:00	11.9492	410.582	162.79	15.8541	384.003	0	10.5581	0	0	0	0	20.57	14.6	28.02	20.5701	20.5668	20.5581	-99.99	20.5578	20.5003	20.4585	20.4009	20.3656	20.2885	20.2005	20.1653	1.04566
setup	0	2019-08-19 23:00:00	11.9505	411.416	144.05	14.0963	389.256	0	10.2546	0	0	0	0	20.41	14.92	27.78	20.4101	20.4096	20.4085	-99.99	20.4084	20.401	20.3948	20.3829	20.3731	20.3422	20.2821	20.1678	1.06727
setup	0	2019-08-20 23:00:00	11.9518	412.246	221.57	21.7773	357.641	0	9.60133	0	0	0	0	20	13.93	27.61	20.0001	20.0033	20.0122	-99.99	20.0125	20.0669	20.1021	20.1439	20.1662	20.2053	20.2318	20.1795	1.09561
setup	0	2019-08-21 23:00:00	11.9532	413.071	182.11	17.9697	376.026	0	9.32928	0	0	0	0	20.44	14.65	27.49	20.4401	20.4368	20.4279	-99.99	20.4276	20.3743	20.3411	20.3025	20.2823	20.2466	20.2172	20.1805	1.05817
setup	0	2019-08-22 23:00:00	11.9546	413.89	175.29	17.3571	383.183	0	9.3359	0	0	0	0	21.4	15.02	29.7	21.4001	21.3902	21.3633	-99.99	21.3624	21.182	21.0494	20.8714	20.7664	20.5549	20.3469	20.1817	1.24937
setup	0	2019-08-23 23:00:00	11.956	414.702	250.95	24.9233	355.604	0	9.08673	0	0	0	0	21.45	15.22	29.07	21.4501	21.4444	21.429	-99.99	21.4284	21.324	21.2441	21.1284	21.0532	20.8714	20.6127	20.2092	1.25757
setup	0	2019-08-24 23:00:00	11.9574	415.507	181.65	18.0854	377.224	0	9.54069	0	0	0	0	20.3	15.42	27.25	20.3001	20.3061	20.3224	-99.99	20.323	20.4304	20.5051	20.5933	20.6367	20.6889	20.6443	20.2673	0.922919
setup	0	2019-08-25 23:00:00	11.9588	416.304	262.52	26.1878	345.149	0	6.30921	0	0	0	0	21.05	14.07	29.59	21.0498	21.0398	21.0303	-99.99	21.03	20.9292	20.8519	20.7478	20.6878	20.5762	20.4873	20.3083	1.35858
setup	0	2019-08-26 23:00:00	11.9602	417.092	260.44	26.0166	353.008	0	9.47312	0	0	0	0	21.41	15.27	29.5	21.4097	21.3975	21.3859	-99.99	21.3856	21.2728	21.1923	21.0831	21.0157	20.8625	20.6597	20.3268	1.22153
setup	0	2019-08-27 23:00:00	11.9616	417.871	224	22.3953	367.59	0	9.53083	0	0	0	0	21.81	14.74	29.78	21.8097	21.7955	21.782	-99.99	21.7816	21.643	21.5373	21.3882	21.2949	21.0845	20.8157	20.3662	1.3248
setup	0	2019-08-28 23:00:00	11.9631	418.64	238.34	23.8356	362.969	0	10.0528	0	0	0	0	21.39	15.48	28.98	21.39	21.3872	21.3845	-99.99	21.3844	21.3574	21.3347	21.2934	21.2607	21.1582	20.9548	20.4236	1.13152
setup	0	2019-08-29 23:00:00	11.9645	419.399	221.8	22.1814	367.054	0	10.1122	0	0	0	0	21.2	15.2	27.95	21.2	21.1983	21.1967	-99.99	21.1967	21.1807	21.1674	21.1437	21.1248	21.0642	20.9349	20.4846	1.12409
setup	0	2019-08-30 23:00:00	11.9659	420.146	155.62	15.563	393.166	0	10.4689	0	0	0	0	21.55	15.4	29.13	21.5498	21.5405	21.5316	-99.99	21.5314	21.4412	21.3735	21.2787	21.2202	21.0901	20.9232	20.5285	1.10343
setup	0	2019-08-31 23:00:00	11.9674	420.881	193.68	19.3692	378.651	0	10.4782	0	0	0	0	21.27	15.54	27.56	21.27	21.2682	21.2665	-99.99	21.2664	21.2507	21.2387	21.2167	21.1982	21.1347	20.9954	20.5647	1.05014
setup	0	2019-09-01 23:00:00	11.9689	421.603	253.61	25.3625	364.882	0	11.4367	0	0	0	0	22.31	16.14	29.38	22.3095	22.2876	22.2668	-99.99	22.2663	22.0599	21.9107	21.7105	21.5914	21.342	21.0618	20.6014	1.17896
setup	0	2019-09-02 23:00:00	11.9703	422.313	172.51	17.2519	390.023	0	11.6132	0	0	0	0	22.02	16.49	29.48	22.0199	22.013	22.0064	-99.99	22.0062	21.9355	21.8762	21.7823	21.7167	21.5436	21.265	20.6481	1.1658
setup	0	2019-09-03 23:00:00	11.9718	423.008	159.78	15.9788	388.661	0	11.0066	0	0	0	0	21.19	15.47	28.62	21.1902	21.1977	21.2048	-99.99	21.2049	21.2677	21.3035	21.3368	21.3471	21.3347	21.2315	20.7102	1.14028
setup	0	2019-09-04 23:00:00	11.9733	423.69	238.46	23.8472	362.499	0	10.7295	0	0	0	0	21.72	15.07	29.46	21.7198	21.7101	21.7009	-99.99	21.7006	21.6075	21.5389	21.4464	21.3914	21.2753	21.1371	20.75	1.28067
setup	0	2019-09-05 23:00:00	11.9748	424.357	189.52	18.9529	370.783	0	9.48266	0	0	0	0	20.16	14.83	25.89	20.1606	20.1821	20.2026	-99.99	20.2032	20.4072	20.5522	20.7358	20.8358	21.0058	21.0848	20.7716	1.08279
setup	0	2019-09-06 23:00:00	11.9763	425.008	239.96	23.9971	361.665	0	10.5086	0	0	0	0	21.27	15.17	28.19	21.2697	21.2579	21.2466	-99.99	21.2463	21.1376	21.0641	20.9762	20.9315	20.8655	20.8502	20.7695	1.1139
setup	0	2019-09-07 23:00:00	11.9778	425.643	189.17	18.9178	373.727	0	10.2056	0	0	0	0	20.47	15.73	26.96	20.4703	20.4802	20.4897	-99.99	20.4899	20.5844	20.6517	20.736	20.7814	20.8562	20.8873	20.745	1.05761
setup	0	2019-09-08 23:00:00	11.9793	426.263	159.55	15.9556	383.06	0	10.0494	0	0	0	0	20.4	14.78	27.9	20.4002	20.4055	20.4105	-99.99	20.4106	20.4571	20.4882	20.5293	20.555	20.6171	20.7054	20.7235	1.13748
setup	0	2019-09-09 23:00:00	11.9808	426.865	235.45	23.5458	358.208	0	10.2209	0	0	0	0	21.06	14.02	29.39	21.0598	21.0512	21.0431	-99.99	21.0429	20.9595	20.8985	20.8198	20.7765	20.7032	20.6692	20.6838	1.27091
setup	0	2019-09-10 23:00:00	11.9823	427.45	182.69	18.2696	382.291	0	11.8764	0	0	0	0	20.98	15.53	29.06	20.9799	20.9765	20.9733	-99.99	20.9732	20.9472	20.9339	20.9158	20.9032	20.8666	20.7974	20.6542	0.929511
setup	0	2019-09-11 23:00:00	11.9838	428.018	290.585	29.0594	342.655	0	11.7898	0	0	0	0	21.33	14.92	30	21.3298	21.3219	21.3145	-99.99	21.3143	21.2363	21.1766	21.0942	21.0444	20.9401	20.8274	20.6479	1.19969
setup	0	2019-09-12 23:00:00	11.9853	428.568	282.42	28.2428	346.018	0	11.786	0	0	0	0	21.79	15.19	30.48	21.7897	21.7766	21.7641	-99.99	21.7638	21.6391	21.5473	21.4217	21.345	21.1761	20.9699	20.6525	1.32712
setup	0	2019-09-13 23:00:00	11.9868	429.099	302.56	30.2567	341.479	0	11.4096	0	0	0	0	22.38	15.82	31.27	22.3796	22.3611	22.3435	-99.99	22.343	22.1664	22.0354	21.8547	21.7433	21.4939	21.1796	20.6802	1.42277
setup	0	2019-09-14 23:00:00	11.9884	429.612	300.94	30.0947	343.303	0	11.2651	0	0	0	0	22.63	15.74	31.81	22.6296	22.6138	22.5988	-99.99	22.5984	22.4424	22.321	22.1458	22.0334	21.7686	21.4055	20.7363	1.47277
setup	0	2019-09-15 23:00:00	11.9899	430.105	279.07	27.9075	350.084	0	11.4668	0	0	0	0	22.45	15.94	31.27	22.4498	22.441	22.4326	-99.99	22.4324	22.3442	22.2729	22.1636	22.0885	21.8915	21.571	20.8147	1.44265
setup	0	2019-09-16 23:00:00	11.9914	430.58	288.906	28.8911	345.486	0	8.75612	0	0	0	0	22.04	15.69	30.67	22.04	22.0384	22.0369	-99.99	22.0368	22.0164	21.994	21.9509	21.916	21.8073	21.5903	20.8977	1.33948
setup	0	2019-09-17 23:00:00	11.9929	431.034	302.9	30.2904	329.461	0	7.82536	0	0	0	0	21.43	13.71	30.78	21.4302	21.4369	21.4432	-99.99	21.4434	21.4951	21.5207	21.5405	21.5446	21.5297	21.4523	20.9611	1.48616
setup	0	2019-09-18 23:00:00	11.9945	431.469	295.61	29.5613	336.97	0	7.46803	0	0	0	0	21.76	15.22	30.48	21.7598	21.7528	21.7461	-99.99	21.7459	21.6857	21.6476	21.6	21.5717	21.5048	21.3952	20.9903	1.42434
setup	0	2019-09-19 23:00:00	11.996	431.884	314.36	31.4362	324.57	0	7.19229	0	0	0	0	21.45	14.94	30.61	21.4501	21.4519	21.4536	-99.99	21.4537	21.4666	21.4707	21.4687	21.4628	21.4341	21.3589	21.0056	1.47166
setup	0	2019-09-20 23:00:00	11.9975	432.278	303.02	30.3021	326.627	0	6.14437	0	0	0	0	21.26	13.85	30.5	21.2601	21.2625	21.2648	-99.99	21.2648	21.2833	21.2923	21.2993	21.3008	21.2958	21.2672	21.0114	1.495
setup	0	2019-09-21 23:00:00	11.9991	432.652	288.79	28.8791	341.898	0	6.44083	0	0	0	0	21.96	14.53	30.87	21.9597	21.9466	21.9342	-99.99	21.9338	21.8138	21.7304	21.6225	21.56	21.4314	21.2878	21.0047	1.42786
setup	0	2019-09-22 23:00:00	12.0006	433.005	267.27	26.727	350.777	0	9.80994	0	0	0	0	21.46	15.12	28.49	21.46	21.4617	21.4633	-99.99	21.4634	21.4828	21.4977	21.5128	21.516	21.4946	21.3924	21.0083	1.20151
setup	0	2019-09-23 23:00:00	12.0021	433.338	279.65	27.9649	344.018	0	10.0855	0	0	0	0	21.56	14.72	29.68	21.5599	21.5572	21.5546	-99.99	21.5546	21.5251	21.4998	21.4614	21.4367	21.3807	21.3053	21.0211	1.32035
setup	0	2019-09-24 23:00:00	12.0036	433.65	132.94	13.2939	402.201	0	10.6541	0	0	0	0	21.98	15.65	29.87	21.9797	21.9689	21.9587	-99.99	21.9584	21.8602	21.7918	21.7004	21.6452	21.5232	21.3653	21.0234	1.24559
setup	0	2019-09-25 23:00:00	12.0052	433.941	264.14	26.4137	355.554	0	10.8741	0	0	0	0	22.25	15.35	29.78	22.2497	22.2387	22.2283	-99.99	22.228	22.1222	22.0426	21.9302	21.8594	21.6962	21.4777	21.0365	1.33911
setup	0	2019-09-26 23:00:00	12.0067	434.211	203.86	20.3857	378.685	0	13.0909	0	0	0	0	21.58	16.67	29.06	21.5801	21.5827	21.5853	-99.99	21.5854	21.6143	21.6373	21.66	21.666	21.6466	21.5364	21.0657	0.960067
setup	0	2019-09-27 23:00:00	12.0082	434.46	205.6	20.5597	371.964	0	12.8406	0	0	0	0	21.01	15.27	28.35	21.0102	21.0194	21.0281	-99.99	21.0283	21.1108	21.1663	21.2339	21.2704	21.3334	21.3627	21.0909	1.0419
setup	0	2019-09-28 23:00:00	12.0098	434.688	278.49	27.8312	346.221	0	12.6516	0	0	0	0	22.54	15.4	31.67	22.5394	22.5149	22.4917	-99.99	22.491	22.2592	22.0929	21.8772	21.7551	21.5227	21.3238	21.0847	1.56226
setup	0	2019-09-29 23:00:00	12.0113	434.895	307.53	30.7283	336.604	0	10.0182	0	0	0	0	22.81	15.53	31.57	22.8096	22.7933	22.7779	-99.99	22.7775	22.6203	22.5008	22.3311	22.2232	21.9714	21.6349	21.0874	1.58909
setup	0	2019-09-30 23:00:00	12.0128	435.081	297.81	29.751	348.173	0	13.6742	0	0	0	0	22.94	15.8	31.93	22.9396	22.9257	22.9125	-99.99	22.9121	22.7764	22.6718	22.5196	22.4205	22.1811	21.8368	21.1357	1.41692
setup	0	2019-10-01 23:00:00	12.0143	435.247	244.24	24.3993	370.559	0	17.0323	0	0	0	0	22.28	17.25	28.77	22.2799	22.2777	22.2756	-99.99	22.2755	22.2668	22.2695	22.2659	22.2537	22.18	21.9599	21.2059	0.986844
setup	0	2019-10-02 23:00:00	12.0158	435.392	150.41	15.022	398.91	0	17.644	0	0	0	0	22.32	17.15	29.84	22.3199	22.3148	22.31	-99.99	22.3099	22.2585	22.2176	22.1563	22.1155	22.0138	21.85	21.271	1.13589
setup	0	2019-10-03 23:00:00	12.0174	435.516	275.6	27.5169	349.013	0	18.5856	0	0	0	0	20.69	15.76	28.81	20.6906	20.7141	20.7365	-99.99	20.7371	20.953	21.1025	21.2861	21.3847	21.5573	21.6592	21.3064	0.882257
setup	0	2019-10-04 23:00:00	12.0189	435.62	196.81	19.6429	374.102	0	18.9343	0	0	0	0	20.97	15.58	28.47	20.97	20.9721	20.9741	-99.99	20.9742	21.0024	21.0328	21.0849	21.122	21.2171	21.3452	21.2972	1.0343
setup	0	2019-10-05 23:00:00	12.0204	435.704	213.12	21.2612	367.919	0	25.2567	0	0	0	0	20.34	15.03	27.84	20.3403	20.3522	20.3636	-99.99	20.3639	20.4832	20.5801	20.7142	20.795	20.9673	21.16	21.2476	0.811652
setup	0	2019-10-06 23:00:00	12.0219	435.768	157.24	15.6781	382.73	0	20.7579	0	0	0	0	20.02	14.55	26.67	20.0203	20.0333	20.0456	-99.99	20.0459	20.174	20.2728	20.4118	20.4983	20.693	20.9355	21.1792	0.884536
setup	0	2019-10-07 23:00:00	12.0234	435.812	309.03	30.7929	324.955	0	20.2545	0	0	0	0	20.31	14.01	27.59	20.31	20.3116	20.3161	-99.99	20.3163	20.3485	20.3765	20.4236	20.4591	20.5641	20.7542	21.0929	1.11449
setup	0	2019-10-08 23:00:00	12.0249	435.837	294.46	29.3186	341.859	0	29.479	0	0	0	0	21.2	14.53	28.67	21.2	21.1918	21.1695	-99.99	21.1687	21.0276	20.9455	20.8598	20.8199	20.7691	20.7866	21.0048	1.04485
setup	0	2019-10-09 23:00:00	12.0264	435.843	193.57	19.2557	379.274	0	38.0324	0	0	0	0	21.11	15.48	28.73	21.11	21.1067	21.098	-99.99	21.0977	21.0433	21.012	20.9732	20.9632	20.9519	20.9328	20.9478	0.854045
setup	0	2019-10-10 23:00:00	12.0278	435.829	248.41	24.6845	359.874	0	35.55	0	0	0	0	20.73	16.13	27.64	20.73	20.7327	20.74	-99.99	20.7402	20.7921	20.8327	20.8802	20.9017	20.9406	20.9599	20.9238	0.767164
setup	0	2019-10-11 23:00:00	12.0293	435.798	223.07	22.1386	367.849	0	36.4187	0	0	0	0	20.74	16.09	27.68	20.74	20.7398	20.7393	-99.99	20.7393	20.7376	20.7473	20.7695	20.7846	20.8241	20.881	20.9067	0.767844
setup	0	2019-10-12 23:00:00	12.0308	435.748	205.6	20.3749	372.12	0	46.2169	0	0	0	0	20.66	15.4	28.06	20.66	20.6613	20.6651	-99.99	20.6652	20.6877	20.7045	20.7274	20.7422	20.7793	20.8315	20.8825	0.811008
setup	0	2019-10-13 23:00:00	12.0323	435.68	158.51	15.6816	388.146	0	37.769	0	0	0	0	20.52	16.2	26.75	20.52	20.5211	20.5241	-99.99	20.5243	20.5531	20.5895	20.6488	20.6848	20.7528	20.8112	20.857	0.635845
setup	0	2019-10-14 23:00:00	12.0337	435.595	179.57	17.7303	381.968	0	34.3626	0	0	0	0	20.68	15.79	27.53	20.68	20.6797	20.679	-99.99	20.6789	20.6716	20.668	20.668	20.6709	20.6903	20.7418	20.8321	0.710494
setup	0	2019-10-15 23:00:00	12.0352	435.492	227	22.363	355.473	0	32.5234	0	0	0	0	20.14	14.88	26.31	20.14	20.1461	20.1628	-99.99	20.1634	20.2723	20.3484	20.4458	20.5008	20.6054	20.7046	20.8049	0.995965
setup	0	2019-10-16 23:00:00	12.0366	435.374	311.35	30.5942	335.682	0	33.1683	0	0	0	0	20.54	13.85	27.1	20.54	20.5387	20.5354	-99.99	20.5353	20.5122	20.4988	20.4889	20.4893	20.5154	20.5991	20.775	0.828114
setup	0	2019-10-17 23:00:00	12.038	435.239	199.81	19.5768	376.044	0	37.052	0	0	0	0	20.69	16.37	27.14	20.69	20.6877	20.6816	-99.99	20.6814	20.6512	20.6436	20.6444	20.6471	20.6528	20.6597	20.7409	0.662645
setup	0	2019-10-18 23:00:00	12.0395	435.088	256.28	25.0273	355.673	0	39.6946	0	0	0	0	20.29	15.73	26.68	20.29	20.294	20.3051	-99.99	20.3055	20.3758	20.425	20.4876	20.523	20.5916	20.6539	20.7219	0.647313
setup	0	2019-10-19 23:00:00	12.0409	434.922	167.3	16.2779	382.543	0	33.3407	0	0	0	0	20.18	15.87	26.06	20.18	20.1829	20.1909	-99.99	20.1912	20.2481	20.2944	20.3603	20.4006	20.4867	20.5843	20.7053	0.620435
setup	0	2019-10-20 23:00:00	12.0423	434.742	261.6	25.3489	351.522	0	33.7709	0	0	0	0	20.65	15.93	27.78	20.6499	20.6471	20.6395	-99.99	20.6392	20.5884	20.5538	20.5145	20.4969	20.485	20.5279	20.6815	0.830168
setup	0	2019-10-21 23:00:00	12.0437	434.548	272.24	26.2603	355.243	0	34.7039	0	0	0	0	21.48	16.2	28.65	21.4799	21.4703	21.4442	-99.99	21.4433	21.2734	21.1549	21.004	20.9194	20.7639	20.6416	20.6583	0.853903
setup	0	2019-10-22 23:00:00	12.0451	434.34	246.9	23.6973	363.913	0	35.3441	0	0	0	0	21.74	16.21	29.15	21.7399	21.7326	21.7128	-99.99	21.7121	21.5772	21.4767	21.3374	21.2518	21.0666	20.8537	20.6606	0.922221
setup	0	2019-10-23 23:00:00	12.0465	434.119	267.5	25.5345	359.043	0	35.4119	0	0	0	0	21.51	17.24	27.96	21.51	21.5073	21.5001	-99.99	21.4998	21.4535	21.4215	21.3719	21.3352	21.2268	21.0339	20.6951	0.754176
setup	0	2019-10-24 23:00:00	12.0478	433.885	259.52	24.6261	352.364	0	34.3742	0	0	0	0	20.61	16.45	27.57	20.61	20.6171	20.6364	-99.99	20.6371	20.7551	20.8314	20.9189	20.9615	21.0181	21.0046	20.7457	0.781588
setup	0	2019-10-25 23:00:00	12.0492	433.64	208.49	19.6574	369.194	0	47.2603	0	0	0	0	20.58	15.7	27.29	20.5799	20.5804	20.5817	-99.99	20.5818	20.6041	20.636	20.6858	20.718	20.789	20.8611	20.7782	0.771385
setup	0	2019-10-26 23:00:00	12.0505	433.383	220.06	20.6061	365.707	0	34.9201	0	0	0	0	20.17	16.9	26.04	20.17	20.175	20.1887	-99.99	20.1892	20.2867	20.367	20.4794	20.5451	20.6686	20.7722	20.783	0.576771
setup	0	2019-10-27 23:00:00	12.0519	433.115	292.49	27.1885	344.352	0	38.7046	0	0	0	0	20.62	16.09	27.31	20.6199	20.6178	20.6118	-99.99	20.6116	20.5713	20.5517	20.5375	20.5361	20.5597	20.6432	20.7706	0.691121
setup	0	2019-10-28 23:00:00	12.0532	432.838	258.13	23.8094	353.205	0	42.2124	0	0	0	0	20.35	15.44	27.14	20.3499	20.3524	20.3592	-99.99	20.3595	20.4036	20.4372	20.4819	20.5085	20.5653	20.6368	20.7458	0.68366
setup	0	2019-10-29 23:00:00	12.0545	432.551	260.79	23.8598	358.217	0	37.9099	0	0	0	0	20.76	16.83	26.22	20.7599	20.7564	20.7469	-99.99	20.7465	20.6953	20.6728	20.6552	20.649	20.6435	20.6507	20.7242	0.571647
setup	0	2019-10-30 23:00:00	12.0558	432.255	240.89	21.853	363.089	0	41.4472	0	0	0	0	20.35	17.14	25.08	20.35	20.3537	20.3637	-99.99	20.3641	20.4335	20.4859	20.5507	20.5835	20.6401	20.6755	20.7101	0.457979
setup	0	2019-10-31 23:00:00	12.0571	431.951	289.37	26.0215	343.414	0	39.3812	0	0	0	0	20.63	15.95	27.24	20.6299	20.6292	20.6271	-99.99	20.627	20.6049	20.5836	20.5561	20.5438	20.5408	20.5907	20.7004	0.723215
setup	0	2019-11-01 23:00:00	12.0583	431.64	284.97	25.3957	343.268	0	41.1467	0	0	0	0	20.67	16.03	27.61	20.6699	20.6693	20.6677	-99.99	20.6676	20.6561	20.6473	20.6355	20.6288	20.6185	20.6204	20.6845	0.774702
setup	0	2019-11-02 23:00:00	12.0596	431.322	266.46	23.5289	344.06	0	42.3172	0	0	0	0	20.23	15.11	27.43	20.2299	20.2346	20.2473	-99.99	20.2478	20.3269	20.3786	20.4414	20.4758	20.5409	20.6037	20.674	0.817413
setup	0	2019-11-03 23:00:00	12.0608	430.997	280.34	24.5255	342.325	0	44.7337	0	0	0	0	20.5	15.56	27.49	20.4999	20.4989	20.496	-99.99	20.4959	20.4825	20.4792	20.482	20.4875	20.5105	20.5591	20.6629	0.79127
setup	0	2019-11-04 23:00:00	12.0621	430.667	296.89	25.7326	336.261	0	48.1059	0	0	0	0	20.72	15.6	27.98	20.7199	20.7179	20.7122	-99.99	20.712	20.6755	20.6506	20.6199	20.6036	20.5787	20.5752	20.6488	0.860844
setup	0	2019-11-05 23:00:00	12.0633	430.332	281.96	24.2133	343.634	0	52.0472	0	0	0	0	21.02	15.62	28.32	21.0199	21.016	21.0053	-99.99	21.0049	20.9343	20.8841	20.8182	20.7801	20.7063	20.641	20.6406	0.882087
setup	0	2019-11-06 23:00:00	12.0645	429.993	307.53	26.1695	335.663	0	57.1533	0	0	0	0	21.3	14.73	28.99	21.2999	21.2949	21.2814	-99.99	21.2809	21.187	21.116	21.0189	20.9608	20.8436	20.7279	20.6441	0.955571
setup	0	2019-11-07 23:00:00	12.0656	429.65	238.34	20.1022	361.879	0	62.5649	0	0	0	0	21.07	15.72	27.91	21.0699	21.0685	21.0648	-99.99	21.0647	21.0443	21.0335	21.0173	21.0041	20.9543	20.8466	20.6609	0.771649
setup	0	2019-11-08 23:00:00	12.0668	429.305	265.99	22.2427	347.526	0	65.6301	0	0	0	0	21.06	16.05	28.22	21.0599	21.0588	21.0558	-99.99	21.0557	21.035	21.0188	20.9939	20.9769	20.9322	20.859	20.6887	0.91999
setup	0	2019-11-09 23:00:00	12.0679	428.957	263.22	21.8317	352.881	0	68.4099	0	0	0	0	20.83	16.06	26.81	20.8299	20.8309	20.8337	-99.99	20.8338	20.8552	20.8728	20.8942	20.9038	20.9073	20.8696	20.7136	0.692516
setup	0	2019-11-10 23:00:00	12.0691	428.608	250.95	20.6543	361.924	0	75.1994	0	0	0	0	21.56	16.49	28.28	21.5599	21.5519	21.5301	-99.99	21.5293	21.3873	21.2901	21.1685	21.1014	20.9778	20.8694	20.7333	0.76116
setup	0	2019-11-11 23:00:00	12.0702	428.257	259.98	21.245	358.815	0	80.6057	0	0	0	0	21.26	16.59	27.6	21.2599	21.259	21.2565	-99.99	21.2564	21.2372	21.2216	21.1936	21.1713	21.1042	20.9823	20.7523	0.666971
setup	0	2019-11-12 23:00:00	12.0712	427.907	221.1	17.9501	367.677	0	84.467	0	0	0	0	20.44	17.52	24.83	20.44	20.446	20.4624	-99.99	20.463	20.5798	20.6743	20.7992	20.8658	20.9656	20.9815	20.781	0.450085
setup	0	2019-11-13 23:00:00	12.0723	427.557	182.46	14.7268	378.632	0	82.6272	0	0	0	0	20.42	17.08	25.96	20.4199	20.4225	20.4293	-99.99	20.4296	20.4726	20.5095	20.5646	20.6	20.6849	20.7929	20.7999	0.495882
setup	0	2019-11-14 23:00:00	12.0734	427.208	150.41	12.0782	384.832	0	83.2591	0	0	0	0	19.73	17.4	22.9	19.73	19.7387	19.7623	-99.99	19.7631	19.9297	20.0586	20.2334	20.3353	20.5304	20.6995	20.7914	0.338448
setup	0	2019-11-15 23:00:00	12.0744	426.861	275.83	22.0546	353.121	0	82.2231	0	0	0	0	21.29	17.27	27.72	21.2899	21.2782	21.2462	-99.99	21.2451	21.0313	20.8872	20.7174	20.6332	20.5249	20.5523	20.7663	0.661099
setup	0	2019-11-16 23:00:00	12.0754	426.517	266.11	21.2038	356.981	0	98.9589	0	0	0	0	21.28	17.32	27.37	21.2799	21.276	21.2652	-99.99	21.2649	21.1921	21.1365	21.0565	21.0055	20.8905	20.76	20.7352	0.626224
setup	0	2019-11-17 23:00:00	12.0764	426.175	265.76	21.1211	352.147	0	99.3242	0	0	0	0	20.46	17.26	25.54	20.46	20.4656	20.4811	-99.99	20.4816	20.583	20.655	20.7418	20.7852	20.8428	20.8352	20.7356	0.509197
setup	0	2019-11-18 23:00:00	12.0773	425.837	256.74	20.3697	356.75	0	98.5256	0	0	0	0	20.81	17.02	27.05	20.8099	20.8082	20.8036	-99.99	20.8034	20.7715	20.7445	20.7165	20.7072	20.7054	20.7342	20.7446	0.579411
