source	id	datetime	irri[mm]	prec[mm]	throughfall[mm]	evapot[mm]	potential_transpiration[mm]	transp[mm]	evacep[mm]	evasoil[mm]	evasurfacewater[mm]	runoff[mm]	percol[mm]	infiltration[mm]	groundwateraccess[mm]	groundwaterloss[mm]	capillaryrise[mm]	snow_height[mm]	snow[mmh2oeq]	surfacewater[mm]	soil_water[mm]	root_soil_water[mm]	leafwater[mm]	soilwater_floor[%]	soilwater_5cm[%]	soilwater_10cm[%]	soilwater_15cm[%]	soilwater_20cm[%]	soilwater_30cm[%]	soilwater_40cm[%]	soilwater_50cm[%]	soilwater_60cm[%]	soilwater_80cm[%]	soilwater_100cm[%]	soilwater_120cm[%]	capillary_pressure_5cm[hPa]	capillary_pressure_10cm[hPa]	capillary_pressure_15cm[hPa]	capillary_pressure_20cm[hPa]	capillary_pressure_30cm[hPa]	capillary_pressure_50cm[hPa]	capillary_pressure_100cm[hPa]	groundwaterdepth[m]	irrigationreservoir[m]	plant_waterdeficit[m]
setup	0	2019-01-01 23:00:00	0	0.52	0.52	3.6855	0	0	0	0.887467	0.153563	0	0	0.366437	0	0	0	0	0	0	449.874	299.229	0	-99.99	18.0572	18.0532	18.054	25.0669	25.1262	24.9371	28.9385	28.8073	37.0006	37.0006	37.0006	0.17618	0.176226	0.176217	0.148079	0.147472	0.11154	0.0687168	99	0	0
setup	0	2019-01-02 23:00:00	0	0.18	0	3.74002	3.48085	0	0.18	0.87469	0	0	0	0	0	0	0	0	0	0	448.999	298.354	0	-99.99	17.5932	17.6633	17.7582	24.8832	24.9794	24.8794	28.9406	28.8464	37.0006	37.0006	37.0006	0.181634	0.180792	0.179661	0.149988	0.148983	0.111526	0.0687168	99	0	0
setup	0	2019-01-03 23:00:00	0	1.27	0.899	3.74167	3.76536	3.14245	0.371	0.0551855	0	0	0	0.899	0	0	0	0	0	0	446.701	296.05	0	-99.99	17.1851	17.1535	17.1292	24.1792	24.4522	24.5211	28.7959	28.7918	36.988	37.0018	37.002	0.186688	0.18709	0.187399	0.157676	0.154621	0.112515	0.0687103	99	0	0
setup	0	2019-01-04 23:00:00	0	4.91	4.539	3.57955	3.79568	3.20855	0.371	0	0	0	0	4.539	0	0	0	0	0	0	448.031	297.351	0	-99.99	19.0086	18.6432	18.2171	23.659	23.9799	24.1836	28.6884	28.7322	36.9815	37.0087	37.0091	0.165855	0.169694	0.174368	0.163782	0.159969	0.113255	0.0686747	99	0	0
setup	0	2019-01-05 23:00:00	0	8.32	7.79942	3.58998	3.8882	3.0694	0.520583	0	0	0	0	7.79942	0	0	0	0	0	0	452.761	302.031	0	-99.99	21.219	21.0375	20.4688	26.0091	24.2391	23.9019	28.6011	28.6862	36.9821	37.021	37.0215	0.14542	0.146942	0.151876	0.138859	0.156998	0.113861	0.0686113	99	0	0
setup	0	2019-01-06 23:00:00	0	0.42	0.049	3.53708	4.04799	3.16608	0.371	0	0	0	0	0.049	0	0	0	0	0	0	449.644	298.913	0	-99.99	19.6409	19.5638	19.3559	25.0163	24.1912	23.7804	28.494	28.6239	36.9692	37.0209	37.0216	0.15955	0.160298	0.162341	0.148601	0.157539	0.114609	0.0686117	99	0	0
setup	0	2019-01-07 23:00:00	0	0.01	0	3.74113	3.17737	3.73113	0.01	0	0	0	0	0	0	0	0	0	0	0	445.913	295.182	0	-99.99	18.1994	18.2467	18.2904	23.9336	23.7194	23.5479	28.3603	28.5459	36.953	37.0207	37.0216	0.174567	0.174036	0.173548	0.160511	0.163053	0.115552	0.0686128	99	0	0
setup	0	2019-01-08 23:00:00	0	0.65	0.279	3.53679	3.36352	2.8513	0.371	0.0751695	0	0	0	0.279	0	0	0	0	0	0	443.265	292.533	0	-99.99	17.2468	17.3228	17.4768	23.2733	23.2857	23.2899	28.253	28.4833	36.9402	37.0209	37.022	0.185907	0.184954	0.183051	0.168572	0.168414	0.116315	0.0686115	99	0	0
setup	0	2019-01-09 23:00:00	0	0.18	0	3.64043	3.6301	3.2066	0.18	0.0569205	0	0	0	0	0	0	0	0	0	0	440.002	289.27	0	-99.99	16.078	16.2631	16.5642	22.6023	22.7939	22.9406	28.123	28.407	36.9242	37.0207	37.022	0.201786	0.199106	0.194886	0.177505	0.174871	0.117247	0.0686125	99	0	0
setup	0	2019-01-10 23:00:00	0	0.55	0.179	3.51186	3.76861	3.14086	0.371	0	0	0	0	0.179	0	0	0	0	0	0	437.04	286.307	0	-99.99	15.1724	15.294	15.7062	21.9573	22.3062	22.5832	27.9842	28.3255	36.9073	37.0208	37.0222	0.215955	0.213943	0.207383	0.186917	0.181718	0.118253	0.0686123	99	0	0
setup	0	2019-01-11 23:00:00	0	0.3	0	3.67529	3.83473	3.37529	0.3	0	0	0	0	0	0	0	0	0	0	0	433.665	282.931	0	-99.99	14.0789	14.2911	14.8007	21.2591	21.7641	22.1774	27.8187	28.2278	36.8866	37.0205	37.0222	0.235864	0.231721	0.22234	0.198181	0.189913	0.119465	0.0686137	99	0	0
setup	0	2019-01-12 23:00:00	0	0.02	0	3.59943	3.55953	3.57943	0.02	0	0	0	0	0	0	0	0	0	0	0	430.085	279.352	0	-99.99	12.9876	13.2738	13.8635	20.5168	21.1712	21.7229	27.6229	28.1117	36.862	37.0202	37.0222	0.259755	0.253026	0.240221	0.211637	0.199689	0.120921	0.0686154	99	0	0
setup	0	2019-01-13 23:00:00	0	1.22	0.849	3.54823	3.6894	3.17723	0.371	0	0	0	0	0.849	0	0	0	0	0	0	427.757	277.019	0	-99.99	12.8232	12.8062	13.0899	19.8889	20.6559	21.3188	27.4393	28.0027	36.8397	37.021	37.0234	0.263789	0.264213	0.257308	0.224466	0.208985	0.122306	0.0686112	99	0	0
setup	0	2019-01-14 23:00:00	0	0.35	0	3.68526	3.74626	3.33526	0.35	0	0	0	0	0	0	0	0	0	0	0	424.422	273.684	0	-99.99	11.8345	11.9211	12.2945	19.2279	20.0989	20.8717	27.2235	27.8735	36.8119	37.0206	37.0234	0.291074	0.288448	0.277683	0.239733	0.220011	0.123961	0.068613	99	0	0
setup	0	2019-01-15 23:00:00	0	1.1	0.729	3.45294	3.59792	3.08194	0.371	0	0	0	0	0.729	0	0	0	0	0	0	422.069	271.327	0	-99.99	11.5732	11.5033	11.6088	18.6457	19.5956	20.4586	27.0123	27.7467	36.7853	37.0212	37.0243	0.2993	0.301586	0.298152	0.255016	0.230996	0.125608	0.0686102	99	0	0
setup	0	2019-01-16 23:00:00	0	1.88	1.50921	3.61268	3.61716	3.22897	0.370794	0.00192128	0	0	0	1.50921	0	0	0	0	0	0	420.347	269.598	0	-99.99	11.7597	11.4882	11.2444	18.0883	19.1024	20.0453	26.79	27.6118	36.7575	37.0226	37.0261	0.293379	0.302085	0.310382	0.271631	0.242868	0.127373	0.0686026	99	0	0
setup	0	2019-01-17 23:00:00	0	0.01	0	3.66524	3.66587	3.60916	0.01	0.00612857	0	0	0	0	0	0	0	0	0	0	416.732	265.983	0	-99.99	10.5909	10.5806	10.5731	17.4556	18.5284	19.5528	26.5091	27.4376	36.7195	37.0221	37.0261	0.335221	0.33565	0.335959	0.293447	0.258337	0.129653	0.0686052	99	0	0
setup	0	2019-01-18 23:00:00	0	0.01	0	3.85523	2.82567	3.66376	0.01	0.0213353	0	0	0	0	0	0	0	0	0	0	413.047	262.298	0	-99.99	9.59495	9.68289	9.80737	16.8135	17.9305	19.0279	26.1898	27.2355	36.6749	37.0216	37.0261	0.382632	0.377864	0.371331	0.319725	0.276752	0.132313	0.0686082	99	0	0
setup	0	2019-01-19 23:00:00	0	0	0	3.84792	2.40721	2.82567	0	0.106867	0	0	0	0	0	0	0	0	0	0	410.114	259.365	0	-99.99	8.85175	8.99882	9.20849	16.3046	17.4511	18.6067	25.9173	27.0594	36.6357	37.021	37.0261	0.428905	0.418792	0.405247	0.344426	0.293614	0.134644	0.0686109	99	0	0
setup	0	2019-01-20 23:00:00	0	0	0	3.95524	1.85174	2.40721	0	0.145188	0	0	0	0	0	0	0	0	0	0	407.562	256.813	0	-99.99	8.2427	8.42881	8.69836	15.8652	17.0319	18.2366	25.6647	26.8939	36.5984	37.0206	37.0261	0.477274	0.461253	0.440044	0.369337	0.310242	0.136858	0.0686134	99	0	0
setup	0	2019-01-21 23:00:00	0	0	0	3.90381	1.8914	1.85174	0	0.174534	0	0	0	0	0	0	0	0	0	0	405.536	254.786	0	-99.99	7.77827	7.98848	8.29763	15.5178	16.6988	17.9447	25.4563	26.756	36.5669	37.0201	37.0261	0.523262	0.501276	0.472419	0.392	0.324954	0.138725	0.0686156	99	0	0
setup	0	2019-01-22 23:00:00	0	0.05	0	3.75198	2.17605	1.8914	0.05	0.140234	0	0	0	0	0	0	0	0	0	0	403.504	252.755	0	-99.99	7.35074	7.57722	7.91533	15.1778	16.3636	17.6408	25.23	26.6048	36.5319	37.0197	37.0261	0.575411	0.546412	0.50869	0.417357	0.341353	0.140795	0.0686179	99	0	0
setup	0	2019-01-23 23:00:00	0	0.11	0	3.79221	1.93718	2.13339	0.11	0.108407	0	0	0	0	0	0	0	0	0	0	401.262	250.513	0	-99.99	6.92316	7.15971	7.51846	14.8146	15.9944	17.293	24.9584	26.4215	36.4887	37.0191	37.0261	0.64086	0.602712	0.553619	0.448779	0.361615	0.143341	0.0686209	99	0	0
setup	0	2019-01-24 23:00:00	0	0	0	3.77959	1.5697	1.93718	0	0.116045	0	0	0	0	0	0	0	0	0	0	399.209	248.46	0	-99.99	6.55627	6.79695	7.16762	14.4894	15.6588	16.9736	24.6964	26.2427	36.446	37.0185	37.0261	0.71224	0.663538	0.601524	0.481759	0.382444	0.145865	0.0686238	99	0	0
setup	0	2019-01-25 23:00:00	0	0.09	0	3.98375	1.33335	1.5697	0.09	0.132272	0	0	0	0	0	0	0	0	0	0	397.507	246.758	0	-99.99	6.2641	6.50509	6.88159	14.223	15.3828	16.7126	24.4727	26.0885	36.4085	37.018	37.0261	0.783545	0.72366	0.648134	0.513089	0.401656	0.148075	0.0686264	99	0	0
setup	0	2019-01-26 23:00:00	0	0.12	0	3.9605	1.42316	1.32282	0.12	0.130975	0	0	0	0	0	0	0	0	0	0	396.053	245.304	0	-99.99	6.02561	6.26451	6.64272	13.9989	15.1486	16.4912	24.2756	25.9513	36.3747	37.0176	37.0261	0.855108	0.783433	0.693841	0.543229	0.419704	0.150065	0.0686287	99	0	0
setup	0	2019-01-27 23:00:00	0	0.01	0	3.95665	1.25908	1.42316	0.01	0.120085	0	0	0	0	0	0	0	0	0	0	394.51	243.761	0	-99.99	5.793	6.02714	6.40297	13.7691	14.9027	16.2519	24.0546	25.7962	36.3359	37.0171	37.0261	0.940977	0.854603	0.747733	0.578571	0.440687	0.152348	0.0686314	99	0	0
setup	0	2019-01-28 23:00:00	0	0.01	0	3.86643	1.23001	1.25908	0.01	0.112827	0	0	0	0	0	0	0	0	0	0	393.138	242.389	0	-99.99	5.59791	5.82602	6.197	13.5695	14.6864	16.0398	23.8513	25.6522	36.2994	37.0166	37.0261	1.0299	0.927609	0.802282	0.613775	0.461166	0.154497	0.068634	99	0	0
setup	0	2019-01-29 23:00:00	0	0.02	0	3.91896	1.12469	1.23001	0.02	0.106055	0	0	0	0	0	0	0	0	0	0	391.802	241.053	0	-99.99	5.42078	5.64149	6.00522	13.3808	14.4785	15.8326	23.6457	25.5052	36.2616	37.0161	37.0261	1.12919	1.00841	0.861927	0.651818	0.482955	0.156721	0.0686366	99	0	0
setup	0	2019-01-30 23:00:00	0	0.01	0	3.93801	1.00159	1.12469	0.01	0.102026	0	0	0	0	0	0	0	0	0	0	390.575	239.826	0	-99.99	5.2672	5.47992	5.83504	13.2116	14.2898	15.6433	23.4514	25.3652	36.2251	37.0156	37.0261	1.23499	1.09369	0.924029	0.690784	0.504815	0.158872	0.0686391	99	0	0
setup	0	2019-01-31 23:00:00	0	0.1	0	4.03818	0.940294	1.00159	0.1	0.0981753	0	0	0	0	0	0	0	0	0	0	389.476	238.726	0	-99.99	5.13621	5.34081	5.6867	13.0628	14.1224	15.4751	23.2732	25.2357	36.1909	37.0151	37.0261	1.3451	1.18159	0.987162	0.729683	0.526151	0.160887	0.0686415	99	0	0
setup	0	2019-02-01 23:00:00	0	0.03	0	3.98843	0.936848	0.940294	0.03	0.093142	0	0	0	0	0	0	0	0	0	0	388.442	237.693	0	-99.99	5.02017	5.21641	5.55231	12.9265	13.967	15.3175	23.1015	25.1099	36.1572	37.0147	37.0261	1.46338	1.27518	1.05353	0.76998	0.547851	0.162871	0.0686438	99	0	0
setup	0	2019-02-02 23:00:00	0	0	0	4.12038	0.788056	0.936848	0	0.0906157	0	0	0	0	0	0	0	0	0	0	387.415	236.665	0	-99.99	4.91221	5.09951	5.42428	12.7948	13.8147	15.1611	22.926	24.9805	36.1221	37.0142	37.0261	1.5972	1.3801	1.12701	0.814009	0.571164	0.16494	0.0686463	99	0	0
setup	0	2019-02-03 23:00:00	0	0	0	4.13941	0.739723	0.788056	0	0.0882	0	0	0	0	0	0	0	0	0	0	386.538	235.789	0	-99.99	4.82299	5.00205	5.31638	12.6835	13.6855	15.03	22.7751	24.8683	36.0913	37.0138	37.0261	1.73107	1.48405	1.19872	0.855978	0.592765	0.166756	0.0686484	99	0	0
setup	0	2019-02-04 23:00:00	0	0.07	0	4.0702	0.81109	0.739723	0.07	0.0797064	0	0	0	0	0	0	0	0	0	0	385.719	234.97	0	-99.99	4.74484	4.91587	5.21972	12.5823	13.5663	14.9075	22.6305	24.7601	36.0613	37.0134	37.0261	1.87152	1.59219	1.27247	0.898618	0.614382	0.168527	0.0686505	99	0	0
setup	0	2019-02-05 23:00:00	0	0.25	0	3.93054	0.878717	0.777295	0.25	0.0659715	0	0	0	0	0	0	0	0	0	0	384.876	234.126	0	-99.99	4.67261	4.83539	5.12798	12.4839	13.447	14.7794	22.4757	24.6436	36.0287	37.0129	37.0261	2.02689	1.71095	1.35277	0.945045	0.63789	0.17046	0.0686528	99	0	0
setup	0	2019-02-06 23:00:00	0	0.06	0	3.865	0.840148	0.878717	0.06	0.061508	0	0	0	0	0	0	0	0	0	0	383.935	233.186	0	-99.99	4.59972	4.75329	5.03293	12.3797	13.3174	14.6359	22.2975	24.5084	35.9902	37.0124	37.0261	2.21703	1.85509	1.44923	1.00057	0.665816	0.172734	0.0686555	99	0	0
setup	0	2019-02-07 23:00:00	0	0.62	0.275438	3.97028	0.84938	0.770136	0.344562	0.0630264	0	0	0	0.275438	0	0	0	0	0	0	383.378	232.627	0	-99.99	4.78451	4.70495	4.95495	12.2934	13.209	14.5155	22.1438	24.3909	35.9566	37.0122	37.0264	1.79712	1.95382	1.541	1.05253	0.691417	0.174738	0.0686566	99	0	0
setup	0	2019-02-08 23:00:00	0	0.58	0.238633	3.95403	0.833973	0.778598	0.341367	0.064008	0	0	0	0.238633	0	0	0	0	0	0	382.774	232.023	0	-99.99	4.92493	4.76037	4.88215	12.2116	13.1046	14.3976	21.9896	24.2723	35.9222	37.012	37.0266	1.57999	1.84158	1.6396	1.10777	0.71827	0.17679	0.0686579	99	0	0
setup	0	2019-02-09 23:00:00	0	0.29	0	3.96243	0.83998	0.799224	0.29	0.059279	0	0	0	0	0	0	0	0	0	0	381.915	231.164	0	-99.99	4.81994	4.74644	4.81104	12.1305	12.9993	14.2766	21.8274	24.1467	35.8851	37.0115	37.0266	1.73611	1.86839	1.75097	1.16952	0.747848	0.178994	0.0686605	99	0	0
setup	0	2019-02-10 23:00:00	0	0.37	0.0359042	3.87575	0.820783	0.769982	0.334096	0.053445	0	0	0	0.0359042	0	0	0	0	0	0	381.128	230.376	0	-99.99	4.75514	4.70295	4.74663	12.0559	12.9007	14.1613	21.669	24.023	35.8482	37.011	37.0266	1.85154	1.95816	1.86802	1.23372	0.778167	0.181195	0.0686629	99	0	0
setup	0	2019-02-11 23:00:00	0	0.04	0	3.944	0.687237	0.820783	0.04	0.0543494	0	0	0	0	0	0	0	0	0	0	380.253	229.501	0	-99.99	4.66235	4.6413	4.68126	11.9792	12.7977	14.0393	21.497	23.8877	35.8072	37.0104	37.0266	2.05139	2.10383	2.00674	1.30878	0.812984	0.183641	0.0686658	99	0	0
setup	0	2019-02-12 23:00:00	0	0.04	0	3.87318	0.696035	0.687237	0.04	0.0508329	0	0	0	0	0	0	0	0	0	0	379.515	228.763	0	-99.99	4.58957	4.58454	4.62728	11.9154	12.7115	13.938	21.3505	23.7718	35.7716	37.0099	37.0266	2.2468	2.26188	2.14051	1.37959	0.844953	0.18577	0.0686684	99	0	0
setup	0	2019-02-13 23:00:00	0	0.04	0	3.86045	0.712864	0.696035	0.04	0.0464902	0	0	0	0	0	0	0	0	0	0	378.772	228.021	0	-99.99	4.52526	4.52841	4.57611	11.8539	12.6268	13.8363	21.2001	23.6518	35.7343	37.0094	37.0266	2.45906	2.44759	2.28772	1.45672	0.879307	0.188005	0.068671	99	0	0
setup	0	2019-02-14 23:00:00	0	0.03	0	3.9533	0.674423	0.712864	0.03	0.0438935	0	0	0	0	0	0	0	0	0	0	378.015	227.264	0	-99.99	4.46588	4.47483	4.52691	11.7938	12.5424	13.7333	21.0439	23.5264	35.6948	37.0089	37.0266	2.70075	2.66089	2.45303	1.5423	0.916832	0.190378	0.0686738	99	0	0
setup	0	2019-02-15 23:00:00	0	0.12	0	4.09555	0.619841	0.674423	0.12	0.0414101	0	0	0	0	0	0	0	0	0	0	377.299	226.548	0	-99.99	4.41381	4.42722	4.48242	11.7388	12.464	13.6369	20.8942	23.4054	35.6562	37.0084	37.0266	2.96287	2.88997	2.62811	1.63146	0.955114	0.192704	0.0686766	99	0	0
setup	0	2019-02-16 23:00:00	0	0.95	0.645786	3.98941	0.663304	0.594014	0.304214	0.0547125	0	0	0	0.645786	0	0	0	0	0	0	377.296	226.543	0	-99.99	4.94467	4.56834	4.44894	11.6967	12.4028	13.5617	20.774	23.3076	35.625	37.0085	37.0272	1.5541	2.31213	2.78009	1.70805	0.987594	0.19461	0.0686759	99	0	0
setup	0	2019-02-17 23:00:00	0	0.14	0	4.12813	0.639162	0.663304	0.14	0.0529049	0	0	0	0	0	0	0	0	0	0	376.58	225.827	0	-99.99	4.80873	4.60808	4.45323	11.6499	12.3343	13.4757	20.6349	23.1937	35.5878	37.008	37.0272	1.7549	2.19316	2.7595	1.8034	1.02714	0.196861	0.0686786	99	0	0
setup	0	2019-02-18 23:00:00	0	0.02	0	4.2123	0.558196	0.639162	0.02	0.0510751	0	0	0	0	0	0	0	0	0	0	375.89	225.136	0	-99.99	4.68338	4.57277	4.46092	11.6058	12.2686	13.393	20.4982	23.0811	35.5505	37.0075	37.0272	2.00186	2.29813	2.72347	1.90546	1.06857	0.19912	0.0686812	99	0	0
setup	0	2019-02-19 23:00:00	0	0.14	0	4.27887	0.532483	0.558196	0.14	0.0467535	0	0	0	0	0	0	0	0	0	0	375.285	224.531	0	-99.99	4.58943	4.52595	4.4501	11.5676	12.2113	13.3211	20.3769	22.9806	35.5169	37.007	37.0272	2.24721	2.45655	2.77447	2.00497	1.10797	0.201167	0.0686836	99	0	0
setup	0	2019-02-20 23:00:00	0	1.25	0.973222	3.98409	0.592827	0.510297	0.276778	0.0678433	0	0	0	0.973222	0	0	0	0	0	0	375.68	224.923	0	-99.99	5.39383	4.79968	4.46195	11.5401	12.1686	13.2671	20.2826	22.902	35.4909	37.0075	37.0281	1.14625	1.7704	2.71873	2.08419	1.13957	0.202785	0.0686811	99	0	0
setup	0	2019-02-21 23:00:00	0	0.31	0.0410532	3.96252	0.605381	0.568126	0.268947	0.0604414	0	0	0	0.0410532	0	0	0	0	0	0	375.093	224.335	0	-99.99	5.20682	4.86503	4.52044	11.5088	12.1199	13.2037	20.1719	22.8094	35.4593	37.0071	37.0281	1.2831	1.66492	2.47684	2.18379	1.17817	0.204715	0.0686832	99	0	0
setup	0	2019-02-22 23:00:00	0	0.77	0.509265	3.96382	0.574304	0.580157	0.260735	0.069293	0	0	0	0.509265	0	0	0	0	0	0	374.952	224.193	0	-99.99	5.46053	4.98206	4.58222	11.4808	12.0752	13.1445	20.0659	22.7202	35.4288	37.0071	37.0286	1.10505	1.50763	2.26893	2.28252	1.2164	0.206598	0.0686832	99	0	0
setup	0	2019-02-23 23:00:00	0	1.41	1.15785	3.84733	0.611092	0.550374	0.252154	0.0935097	0	0	0	1.15785	0	0	0	0	0	0	375.466	224.703	0	-99.99	6.25877	5.42986	4.70156	11.4598	12.0404	13.0988	19.9814	22.6488	35.4046	37.0078	37.0296	0.784998	1.12357	1.96119	2.36366	1.24806	0.208123	0.0686797	99	0	0
setup	0	2019-02-24 23:00:00	0	0.61	0.366785	3.93828	0.60581	0.58563	0.243215	0.0953133	0	0	0	0.366785	0	0	0	0	0	0	375.152	224.388	0	-99.99	6.17432	5.56239	4.87731	11.4366	12.0027	13.0486	19.8892	22.5705	35.3774	37.0077	37.0299	0.808846	1.0482	1.64667	2.46139	1.28469	0.209811	0.06868	99	0	0
setup	0	2019-02-25 23:00:00	0	0.47	0.236063	3.82711	0.613538	0.580568	0.233937	0.0889955	0	0	0	0.236063	0	0	0	0	0	0	374.719	223.953	0	-99.99	6.01447	5.55538	5.01612	11.4141	11.9657	12.9986	19.796	22.4911	35.3494	37.0075	37.0301	0.858819	1.0519	1.46794	2.56521	1.32306	0.211543	0.068681	99	0	0
setup	0	2019-02-26 23:00:00	0	0.03	0	3.93031	0.519287	0.613538	0.03	0.0868158	0	0	0	0	0	0	0	0	0	0	374.018	223.253	0	-99.99	5.68584	5.43005	5.08313	11.3898	11.9254	12.9434	19.6921	22.4022	35.3176	37.0071	37.0301	0.987555	1.12345	1.3964	2.68937	1.36795	0.213508	0.0686833	99	0	0
setup	0	2019-02-27 23:00:00	0	0.09	0	4.00545	0.496882	0.519287	0.09	0.0807347	0	0	0	0	0	0	0	0	0	0	373.418	222.653	0	-99.99	5.45001	5.30169	5.09494	11.3686	11.89	12.8956	19.6008	22.3236	35.2893	37.0067	37.0301	1.11132	1.20931	1.3846	2.80953	1.41031	0.215265	0.0686854	99	0	0
setup	0	2019-02-28 23:00:00	0	0.01	0	4.14927	0.394652	0.496882	0.01	0.0787066	0	0	0	0	0	0	0	0	0	0	372.843	222.077	0	-99.99	5.26489	5.1815	5.06567	11.3482	11.8556	12.8492	19.5106	22.2458	35.2609	37.0063	37.0301	1.23676	1.30457	1.41427	2.93752	1.45454	0.217026	0.0686874	99	0	0
setup	0	2019-03-01 23:00:00	0	0	0	4.33908	0.384623	0.394652	0	0.0779914	0	0	0	0	0	0	0	0	0	0	372.37	221.605	0	-99.99	5.12745	5.08299	5.02202	11.3308	11.8265	12.8118	19.4371	22.182	35.2375	37.0059	37.0301	1.35326	1.39655	1.46132	3.05722	1.49444	0.218483	0.0686892	99	0	0
setup	0	2019-03-02 23:00:00	0	1.12	0.936692	4.40028	0.351339	0.368634	0.183308	0.104574	0	0	0	0.936692	0	0	0	0	0	0	372.834	222.065	0	-99.99	5.86372	5.33039	5.00732	11.3185	11.8044	12.7838	19.3793	22.1317	35.2194	37.0065	37.0309	0.912861	1.18883	1.47797	3.14897	1.52637	0.219642	0.0686863	99	0	0
setup	0	2019-03-03 23:00:00	0	1.1	0.92744	4.37682	0.363059	0.346508	0.17256	0.129147	0	0	0	0.92744	0	0	0	0	0	0	373.285	222.513	0	-99.99	6.45896	5.72983	5.0974	11.3081	11.7856	12.7607	19.3311	22.0896	35.2042	37.0071	37.0317	0.734316	0.967815	1.38218	3.23191	1.55487	0.220618	0.0686834	99	0	0
setup	0	2019-03-04 23:00:00	0	0.71	0.548303	4.1015	0.407382	0.357131	0.161697	0.127354	0	0	0	0.548303	0	0	0	0	0	0	373.349	222.575	0	-99.99	6.5905	5.94482	5.26364	11.2976	11.767	12.7372	19.2824	22.047	35.1886	37.0073	37.0322	0.704824	0.88286	1.23772	3.32071	1.58441	0.221612	0.0686821	99	0	0
setup	0	2019-03-05 23:00:00	0	1.21	1.05924	3.97617	0.400175	0.405317	0.150764	0.1445	0	0	0	1.05924	0	0	0	0	0	0	373.859	223.081	0	-99.99	7.14721	6.33866	5.47792	11.2888	11.75	12.7149	19.2344	22.0048	35.1733	37.008	37.0331	0.6046	0.763849	1.09485	3.39973	1.61235	0.222601	0.0686785	99	0	0
setup	0	2019-03-06 23:00:00	0	0.01	0	4.16911	0.329352	0.400175	0.01	0.143748	0	0	0	0	0	0	0	0	0	0	373.315	222.537	0	-99.99	6.66431	6.24318	5.6691	11.277	11.7297	12.6889	19.1813	21.9581	35.1557	37.0077	37.0331	0.689411	0.789281	0.99531	3.51183	1.64738	0.223706	0.0686798	99	0	0
setup	0	2019-03-07 23:00:00	0	0.06	0	4.32708	0.286281	0.329352	0.06	0.137832	0	0	0	0	0	0	0	0	0	0	372.848	222.07	0	-99.99	6.32677	6.08717	5.75061	11.2664	11.7113	12.6666	19.1351	21.9175	35.1403	37.0075	37.0331	0.766914	0.835249	0.958799	3.6208	1.68048	0.224674	0.0686809	99	0	0
setup	0	2019-03-08 23:00:00	0	0.12	0.00194449	4.18215	0.258083	0.286281	0.118056	0.122392	0.00194449	0	0	0	0	0	0	0	0	0	372.439	221.661	0	-99.99	6.08499	5.94805	5.75879	11.2569	11.6948	12.6465	19.0934	21.8807	35.1263	37.0073	37.0331	0.835933	0.881712	0.955298	3.72546	1.71177	0.225557	0.0686819	99	0	0
setup	0	2019-03-09 23:00:00	0	0.06	0	4.10072	0.246211	0.258083	0.06	0.114505	0	0	0	0	0	0	0	0	0	0	372.066	221.289	0	-99.99	5.89919	5.82475	5.72408	11.248	11.6792	12.6279	19.0544	21.8463	35.1132	37.0071	37.0331	0.899459	0.928116	0.970345	3.82953	1.74237	0.226387	0.0686829	99	0	0
setup	0	2019-03-10 23:00:00	0	0.3	0.203131	3.92454	0.216383	0.246211	0.0968687	0.105084	0.0563951	0	0	0.146736	0	0	0	0	0	0	371.862	221.084	0	-99.99	5.88486	5.7653	5.67446	11.2401	11.665	12.6105	19.0174	21.8135	35.1006	37.0071	37.0332	0.904819	0.952537	0.992812	3.92681	1.77133	0.227182	0.0686832	99	0	0
setup	0	2019-03-11 23:00:00	0	0.2	0.113368	4.07684	0.197312	0.216383	0.0866323	0.105034	0.0742202	0	0	0.0391474	0	0	0	0	0	0	371.579	220.801	0	-99.99	5.77858	5.69742	5.62519	11.2326	11.6516	12.5947	18.984	21.7838	35.0893	37.007	37.0333	0.946955	0.982273	1.01632	4.02645	1.79989	0.227905	0.0686838	99	0	0
setup	0	2019-03-12 23:00:00	0	0.01	0	4.07457	0.168214	0.197312	0.01	0.103474	0	0	0	0	0	0	0	0	0	0	371.279	220.5	0	-99.99	5.64888	5.61113	5.57022	11.2252	11.6385	12.58	18.9526	21.7559	35.0785	37.0068	37.0333	1.00487	1.02327	1.0441	4.12904	1.82857	0.228587	0.0686846	99	0	0
setup	0	2019-03-13 23:00:00	0	0.04	0	3.96343	0.147894	0.168214	0.04	0.0950006	0	0	0	0	0	0	0	0	0	0	371.015	220.237	0	-99.99	5.5423	5.52851	5.51297	11.2186	11.6268	12.5672	18.9252	21.7315	35.0691	37.0067	37.0333	1.05888	1.06636	1.07493	4.22633	1.85524	0.229186	0.0686853	99	0	0
setup	0	2019-03-14 23:00:00	0	0.11	0.0519469	3.97697	0.133186	0.147894	0.0580531	0.0893444	0.0519469	0	0	0	0	0	0	0	0	0	370.778	220	0	-99.99	5.45229	5.45242	5.4536	11.2125	11.616	12.5557	18.9006	21.7096	35.0606	37.0065	37.0333	1.10995	1.10988	1.10917	4.32085	1.88068	0.229726	0.068686	99	0	0
setup	0	2019-03-15 23:00:00	0	0.04	0	4.03966	0.108682	0.133186	0.04	0.0884195	0	0	0	0	0	0	0	0	0	0	370.557	219.778	0	-99.99	5.37115	5.38032	5.39449	11.2066	11.6056	12.5452	18.8781	21.6895	35.0528	37.0064	37.0333	1.16107	1.15502	1.14582	4.41637	1.90585	0.230224	0.0686865	99	0	0
setup	0	2019-03-16 23:00:00	0	0.16	0.118653	4.06373	0.0916697	0.108682	0.0413472	0.0827645	0.118653	0	0	0	0	0	0	0	0	0	370.365	219.587	0	-99.99	5.29994	5.31665	5.34187	11.2014	11.5963	12.5365	18.8593	21.6728	35.0463	37.0063	37.0333	1.21058	1.19853	1.18086	4.50626	1.92898	0.230639	0.068687	99	0	0
setup	0	2019-03-17 23:00:00	0	0.03	0	4.22488	0.0722132	0.0916697	0.03	0.0855261	0	0	0	0	0	0	0	0	0	0	370.188	219.41	0	-99.99	5.23172	5.2553	5.29082	11.1962	11.5874	12.5291	18.8432	21.6584	35.0406	37.0063	37.0333	1.26276	1.24415	1.21727	4.598	1.95188	0.230996	0.0686874	99	0	0
setup	0	2019-03-18 23:00:00	0	0.02	0	4.15931	0.0542761	0.0722132	0.02	0.0811087	0	0	0	0	0	0	0	0	0	0	370.035	219.256	0	-99.99	5.17086	5.20024	5.24468	11.1916	11.5793	12.5231	18.8304	21.6469	35.0362	37.0062	37.0333	1.31385	1.28861	1.25245	4.68516	1.97307	0.231283	0.0686878	99	0	0
setup	0	2019-03-19 23:00:00	0	0.01	0	4.17635	0.0387025	0.0542761	0.01	0.0786595	0	0	0	0	0	0	0	0	0	0	369.902	219.123	0	-99.99	5.11554	5.14994	5.20225	11.1873	11.572	12.5186	18.8206	21.6381	35.0327	37.0062	37.0333	1.36456	1.33251	1.28691	4.76898	1.99283	0.231502	0.068688	99	0	0
setup	0	2019-03-20 23:00:00	0	0.07	0.0545511	4.21272	0.0260233	0.0387025	0.0154489	0.0754631	0.0545511	0	0	0	0	0	0	0	0	0	369.788	219.009	0	-99.99	5.06548	5.10418	5.16343	11.1833	11.5653	12.5152	18.8135	21.6318	35.0302	37.0061	37.0333	1.41447	1.37553	1.3204	4.84895	2.01113	0.23166	0.0686882	99	0	0
setup	0	2019-03-21 23:00:00	0	0	0	4.27195	0.015747	0.0260233	0	0.0751652	0	0	0	0	0	0	0	0	0	0	369.686	218.908	0	-99.99	5.01829	5.06084	5.12645	11.1796	11.5591	12.513	18.8086	21.6275	35.0286	37.0061	37.0333	1.4655	1.41931	1.35421	4.92821	2.02873	0.231769	0.0686883	99	0	0
setup	0	2019-03-22 23:00:00	0	0.04	0.0330529	4.24152	0.0074197	0.015747	0.00694709	0.0714311	0.0330529	0	0	0	0	0	0	0	0	0	369.599	218.821	0	-99.99	4.97536	5.02122	5.09243	11.1761	11.5533	12.5115	18.8057	21.6248	35.0275	37.0061	37.0333	1.51572	1.46221	1.38709	5.00406	2.04513	0.231835	0.0686884	99	0	0
setup	0	2019-03-23 23:00:00	0	0.37	0.366076	4.11978	0.00236835	0.0074197	0.00392384	0.0727842	0.167425	0	0	0.198651	0	0	0	0	0	0	369.718	218.939	0	-99.99	5.12565	5.03358	5.06281	11.1735	11.5488	12.5112	18.8047	21.6239	35.0273	37.0062	37.0334	1.35496	1.44851	1.41725	5.0633	2.05849	0.231857	0.0686876	99	0	0
setup	0	2019-03-24 23:00:00	0	0.37	0.368251	4.08591	0.000460317	0.00236835	0.00174906	0.0773961	0.168399	0	0	0.199852	0	0	0	0	0	0	369.838	219.058	0	-99.99	5.27119	5.09776	5.03488	11.171	11.5445	12.5114	18.8047	21.6239	35.0273	37.0064	37.0336	1.23196	1.38182	1.44708	5.12053	2.07121	0.231857	0.0686867	99	0	0
setup	0	2019-03-25 23:00:00	0	0	0	4.22233	3.5059e-05	0.000460317	0	0.0801857	0	0	0	0	0	0	0	0	0	0	369.757	218.977	0	-99.99	5.20279	5.10598	5.03143	11.1679	11.5394	12.5113	18.8046	21.6238	35.0273	37.0064	37.0336	1.28647	1.37378	1.45087	5.19382	2.08625	0.231859	0.0686867	99	0	0
setup	0	2019-03-26 23:00:00	0	0.01	0.01	4.30789	0	3.5059e-05	0	0.078513	0.01	0	0	0	0	0	0	0	0	0	369.679	218.899	0	-99.99	5.13525	5.08034	5.02434	11.1648	11.5344	12.5112	18.8046	21.6238	35.0273	37.0064	37.0336	1.34598	1.39922	1.45872	5.26939	2.10163	0.231859	0.0686867	99	0	0
setup	0	2019-03-27 23:00:00	0	1.87	1.87	4.09663	0	0	0	0.133917	0.170693	0	0	1.69931	0	0	0	0	0	0	371.244	220.458	0	-99.99	6.68889	5.77862	5.09571	11.1659	11.5337	12.5147	18.808	21.6266	35.0292	37.0079	37.0351	0.684447	0.946936	1.38384	5.24146	2.10377	0.231784	0.0686792	99	0	0
setup	0	2019-03-28 23:00:00	0	0.81	0.81	4.02596	0	0	0	0.147502	0.167748	0	0	0.642252	0	0	0	0	0	0	371.739	220.951	0	-99.99	6.98028	6.19082	5.34036	11.1647	11.5308	12.516	18.8092	21.6276	35.0299	37.0084	37.0356	0.631158	0.804061	1.1819	5.27153	2.11288	0.231755	0.0686763	99	0	0
setup	0	2019-03-29 23:00:00	0	0.21	0.21	4.20262	0	0	0	0.146581	0.175109	0	0	0.0348908	0	0	0	0	0	0	371.627	220.839	0	-99.99	6.6776	6.21001	5.58766	11.162	11.5263	12.516	18.8093	21.6277	35.0299	37.0084	37.0356	0.686717	0.798571	1.0351	5.33995	2.12695	0.231754	0.0686762	99	0	0
setup	0	2019-03-30 23:00:00	0	0.59	0.59	4.18804	0	0	0	0.155092	0.174502	0	0	0.415498	0	0	0	0	0	0	371.887	221.098	0	-99.99	6.81306	6.31645	5.7689	11.1603	11.5227	12.5168	18.8101	21.6284	35.0304	37.0088	37.036	0.660542	0.769599	0.951014	5.38586	2.13826	0.231735	0.0686743	99	0	0
setup	0	2019-03-31 23:00:00	0	0.78	0.78	4.18225	0	0	0	0.170715	0.17426	0	0	0.60574	0	0	0	0	0	0	372.322	221.531	0	-99.99	7.12461	6.54648	5.94737	11.159	11.5196	12.518	18.8113	21.6294	35.031	37.0093	37.0365	0.608049	0.714393	0.881953	5.4198	2.14814	0.231708	0.0686716	99	0	0
setup	0	2019-04-01 23:00:00	0	1.57	1.57	4.15014	0	0	0	0.213611	0.172922	0	0	1.39708	0	0	0	0	0	0	373.506	222.709	0	-99.99	8.09644	7.20943	6.24326	11.1596	11.5185	12.521	18.8142	21.6317	35.0326	37.0105	37.0377	0.490762	0.59533	0.789259	5.40363	2.1519	0.231645	0.0686653	99	0	0
setup	0	2019-04-02 23:00:00	0	0.46	0.46	4.15838	0	0	0	0.21285	0.173266	0	0	0.286734	0	0	0	0	0	0	373.58	222.782	0	-99.99	7.90959	7.32419	6.58321	11.1576	11.5148	12.5215	18.8147	21.6322	35.0329	37.0108	37.038	0.509282	0.57904	0.706388	5.45582	2.16391	0.231632	0.068664	99	0	0
setup	0	2019-04-03 23:00:00	0	0.91	0.91	4.03516	0	0	0	0.223683	0.168132	0	0	0.741868	0	0	0	0	0	0	374.098	223.298	0	-99.99	8.22085	7.59271	6.87284	11.1569	11.5123	12.523	18.8162	21.6334	35.0337	37.0114	37.0386	0.479237	0.544547	0.64969	5.47693	2.17203	0.231599	0.0686607	99	0	0
setup	0	2019-04-04 23:00:00	0	0.83	0.83	3.89811	0	0	0	0.229311	0.162421	0	0	0.667579	0	0	0	0	0	0	374.536	223.734	0	-99.99	8.44608	7.85023	7.16344	11.156	11.5099	12.5244	18.8176	21.6345	35.0345	37.012	37.0392	0.459826	0.515497	0.602151	5.4999	2.18017	0.231568	0.0686576	99	0	0
setup	0	2019-04-05 23:00:00	0	0.24	0.24	3.94136	0	0	0	0.224	0.164223	0	0	0.0757769	0	0	0	0	0	0	374.388	223.585	0	-99.99	8.14216	7.80402	7.37383	11.1538	11.506	12.5245	18.8177	21.6347	35.0346	37.0121	37.0393	0.486456	0.520454	0.572298	5.56215	2.19309	0.231565	0.0686573	99	0	0
setup	0	2019-04-06 23:00:00	0	0.67	0.67	4.01612	0	0	0	0.237342	0.167339	0	0	0.502661	0	0	0	0	0	0	374.653	223.849	0	-99.99	8.31315	7.92265	7.50972	11.1526	11.5032	12.5255	18.8188	21.6355	35.0351	37.0125	37.0397	0.471066	0.507938	0.554709	5.59751	2.20294	0.231542	0.068655	99	0	0
setup	0	2019-04-07 23:00:00	0	0.1	0.1	4.00337	0	0	0	0.230793	0.1	0	0	0	0	0	0	0	0	0	374.423	223.618	0	-99.99	8.02201	7.83092	7.5915	11.1501	11.4991	12.5254	18.8188	21.6355	35.0351	37.0125	37.0397	0.497958	0.517555	0.544692	5.66824	2.21706	0.231542	0.068655	99	0	0
setup	0	2019-04-08 23:00:00	0	0.17	0.17	4.13597	0	0	0	0.225763	0.17	0	0	0	0	0	0	0	0	0	374.197	223.392	0	-99.99	7.80011	7.70756	7.59025	11.1477	11.4949	12.5253	18.8188	21.6355	35.0351	37.0125	37.0397	0.520878	0.531151	0.544842	5.74118	2.23152	0.231542	0.068655	99	0	0
setup	0	2019-04-09 23:00:00	0	0.35	0.35	4.0829	0	0	0	0.221627	0.170121	0	0	0.179879	0	0	0	0	0	0	374.155	223.35	0	-99.99	7.78817	7.66448	7.55507	11.1457	11.4913	12.5257	18.8191	21.6358	35.0353	37.0127	37.0399	0.522179	0.536089	0.549105	5.80103	2.24441	0.231534	0.0686542	99	0	0
setup	0	2019-04-10 23:00:00	0	0.06	0.06	3.93365	0	0	0	0.211695	0.06	0	0	0	0	0	0	0	0	0	373.943	223.138	0	-99.99	7.61419	7.56361	7.50703	11.1434	11.4873	12.5256	18.8191	21.6358	35.0353	37.0127	37.0399	0.541985	0.548062	0.555045	5.87409	2.25874	0.231534	0.0686542	99	0	0
setup	0	2019-04-11 23:00:00	0	0.43	0.43	3.90519	0	0	0	0.207314	0.162716	0	0	0.267284	0	0	0	0	0	0	374.003	223.197	0	-99.99	7.71238	7.56932	7.4607	11.1418	11.4841	12.5261	18.8197	21.6362	35.0356	37.0129	37.0401	0.530605	0.547369	0.560912	5.92513	2.27041	0.231522	0.068653	99	0	0
setup	0	2019-04-12 23:00:00	0	0.1	0.1	3.98514	0	0	0	0.207703	0.1	0	0	0	0	0	0	0	0	0	373.796	222.989	0	-99.99	7.53936	7.48014	7.41607	11.1396	11.4802	12.526	18.8197	21.6362	35.0356	37.0129	37.0401	0.551031	0.558434	0.566698	6.00004	2.28497	0.231522	0.068653	99	0	0
setup	0	2019-04-13 23:00:00	0	0.27	0.27	4.07564	0	0	0	0.205488	0.169818	0	0	0.100182	0	0	0	0	0	0	373.69	222.884	0	-99.99	7.48067	7.41203	7.35695	11.1376	11.4765	12.5261	18.8199	21.6364	35.0358	37.013	37.0402	0.558367	0.567229	0.574571	6.06834	2.29884	0.231517	0.0686525	99	0	0
setup	0	2019-04-14 23:00:00	0	0.1	0.1	4.08214	0	0	0	0.202303	0.1	0	0	0	0	0	0	0	0	0	373.488	222.682	0	-99.99	7.33211	7.30997	7.28799	11.1353	11.4725	12.526	18.8199	21.6364	35.0358	37.013	37.0402	0.577952	0.581004	0.584069	6.14719	2.31399	0.231517	0.0686525	99	0	0
setup	0	2019-04-15 23:00:00	0	0.01	0.01	4.04315	0	0	0	0.197965	0.01	0	0	0	0	0	0	0	0	0	373.29	222.484	0	-99.99	7.19881	7.20029	7.20444	11.1331	11.4685	12.526	18.8199	21.6364	35.0358	37.013	37.0402	0.596889	0.596671	0.596061	6.22823	2.32946	0.231517	0.0686525	99	0	0
setup	0	2019-04-16 23:00:00	0	0.03	0.03	4.0689	0	0	0	0.191589	0.03	0	0	0	0	0	0	0	0	0	373.098	222.292	0	-99.99	7.07586	7.09233	7.11824	11.1309	11.4645	12.5259	18.8199	21.6364	35.0358	37.013	37.0402	0.615638	0.613051	0.609028	6.31057	2.34509	0.231517	0.0686525	99	0	0
setup	0	2019-04-17 23:00:00	0	0.02	0.02	3.98622	0	0	0	0.181883	0.02	0	0	0	0	0	0	0	0	0	372.917	222.11	0	-99.99	6.95971	6.98979	7.03575	11.1287	11.4606	12.5258	18.8199	21.6364	35.0358	37.013	37.0402	0.634613	0.629574	0.622046	6.39262	2.36056	0.231517	0.0686525	99	0	0
setup	0	2019-04-18 23:00:00	0	0.02	0.02	4.16418	0	0	0	0.183655	0.02	0	0	0	0	0	0	0	0	0	372.733	221.926	0	-99.99	6.84301	6.88622	6.95179	11.1265	11.4565	12.5257	18.8199	21.6364	35.0358	37.013	37.0402	0.655055	0.647315	0.635955	6.47962	2.37685	0.231517	0.0686525	99	0	0
setup	0	2019-04-19 23:00:00	0	0.58	0.58	4.17243	0	0	0	0.186888	0.173851	0	0	0.406149	0	0	0	0	0	0	372.952	222.144	0	-99.99	7.11752	6.94803	6.875	11.1253	11.4536	12.5265	18.8207	21.6371	35.0362	37.0134	37.0405	0.60914	0.636594	0.649305	6.52611	2.38882	0.231499	0.0686507	99	0	0
setup	0	2019-04-20 23:00:00	0	0.66	0.66	4.14744	0	0	0	0.197357	0.17281	0	0	0.48719	0	0	0	0	0	0	373.242	222.432	0	-99.99	7.41641	7.10905	6.87511	11.1244	11.4509	12.5275	18.8217	21.6379	35.0367	37.0138	37.0409	0.566654	0.610448	0.649286	6.56402	2.39989	0.231477	0.0686485	99	0	0
setup	0	2019-04-21 23:00:00	0	0.88	0.88	3.90049	0	0	0	0.203709	0.16252	0	0	0.71748	0	0	0	0	0	0	373.756	222.944	0	-99.99	7.86891	7.39757	6.96212	11.1242	11.4491	12.5289	18.8231	21.6391	35.0376	37.0144	37.0416	0.513523	0.569135	0.634206	6.57411	2.40775	0.231445	0.0686453	99	0	0
setup	0	2019-04-22 23:00:00	0	1.04	1.04	4.02406	0	0	0	0.232772	0.167669	0	0	0.872331	0	0	0	0	0	0	374.395	223.58	0	-99.99	8.36513	7.77333	7.15606	11.1243	11.4475	12.5308	18.8249	21.6405	35.0385	37.0152	37.0423	0.466599	0.523805	0.603262	6.57097	2.41446	0.231405	0.0686413	99	0	0
setup	0	2019-04-23 23:00:00	0	2	2	3.9345	0	0	0	0.281066	0.163937	0	0	1.83606	0	0	0	0	0	0	375.95	225.129	0	-99.99	9.58025	8.67905	7.60796	11.1267	11.4483	12.5347	18.8286	21.6436	35.0406	37.0168	37.0439	0.383441	0.441492	0.542725	6.47338	2.41116	0.231322	0.068633	99	0	0
setup	0	2019-04-24 23:00:00	0	2.87	2.87	3.76134	0	0	0	0.34309	0.156722	0	0	2.71328	0	0	0	0	0	0	378.32	227.489	0	-99.99	11.2204	10.0904	8.56599	11.1313	11.4513	12.5406	18.8342	21.6482	35.0437	37.0192	37.0463	0.311225	0.357352	0.450183	6.29539	2.39824	0.231198	0.0686206	99	0	0
setup	0	2019-04-25 23:00:00	0	2.89	2.89	3.91265	0	0	0	0.426549	0.163027	0	0	2.72697	0	0	0	0	0	0	380.621	229.78	0	-99.99	12.5147	11.3994	9.65805	11.6592	11.4545	12.5467	18.8398	21.6529	35.0468	37.0216	37.0488	0.271715	0.305052	0.379197	1.78346	2.38532	0.231072	0.0686079	99	0	0
setup	0	2019-04-26 23:00:00	0	11.07	11.068	3.75003	0	0	0.00204661	0.621131	0.466707	0	0	10.6012	0	0	0	0	0	0	390.601	239.72	0	-99.99	18.1717	16.6446	13.4684	14.6186	11.5652	12.571	18.8624	21.6716	35.0593	37.0314	37.0585	0.174879	0.193786	0.248651	0.468031	2.01167	0.23057	0.0685574	99	0	0
setup	0	2019-04-27 23:00:00	0	2.25	2.24914	3.81235	1.79625e-07	0	0.000861319	0.694594	0.157987	0	0	2.09115	0	0	0	0	0	0	391.998	241.108	0	-99.99	17.4064	16.3638	14.133	16.2015	12.2413	12.576	18.8671	21.6754	35.0619	37.0334	37.0605	0.183916	0.197676	0.234794	0.34994	1.08696	0.230466	0.0685469	99	0	0
setup	0	2019-04-28 23:00:00	0	0.62	0.618918	3.96719	4.19627e-07	1.79625e-07	0.00108246	0.682534	0.164217	0	0	0.454701	0	0	0	0	0	0	391.77	240.879	0	-99.99	16.1283	15.4453	13.935	16.6046	13.0309	12.5771	18.8681	21.6763	35.0625	37.0338	37.0609	0.201052	0.211489	0.238757	0.329392	0.738683	0.230443	0.0685446	99	0	0
setup	0	2019-04-29 23:00:00	0	0.53	0.528646	3.89695	7.72277e-07	4.19627e-07	0.0013541	0.639333	0.161019	0	0	0.367627	0	0	0	0	0	0	391.498	240.606	0	-99.99	15.253	14.7472	13.629	16.6093	13.63	12.5865	18.869	21.677	35.063	37.0342	37.0613	0.214617	0.22329	0.245153	0.329166	0.6026	0.230424	0.0685427	99	0	0
setup	0	2019-04-30 23:00:00	0	0.71	0.708314	3.89129	1.49861e-06	7.72277e-07	0.00168612	0.619513	0.160451	0	0	0.547863	0	0	0	0	0	0	391.426	240.532	0	-99.99	14.7507	14.3127	13.3835	16.5191	14.0378	12.849	18.8702	21.678	35.0636	37.0347	37.0618	0.223227	0.231309	0.250541	0.333527	0.537719	0.230397	0.0685399	99	0	0
setup	0	2019-05-01 23:00:00	0	0.42	0.41791	3.91529	2.96911e-06	1.49861e-06	0.00208987	0.599028	0.161047	0	0	0.256863	0	0	0	0	0	0	391.084	240.189	0	-99.99	14.1549	13.8244	13.1095	16.3691	14.3083	13.1205	18.8708	21.6785	35.064	37.035	37.0621	0.234364	0.24103	0.256845	0.341066	0.502579	0.230384	0.0685386	99	0	0
setup	0	2019-05-02 23:00:00	0	0.51	0.507422	3.85733	5.35844e-06	2.96911e-06	0.00257837	0.57296	0.158144	0	0	0.349278	0	0	0	0	0	0	390.861	239.964	0	-99.99	13.7643	13.4747	12.8746	16.2008	14.4848	13.405	18.8716	21.6791	35.0644	37.0353	37.0624	0.242283	0.248513	0.262514	0.349978	0.482258	0.230367	0.0685369	99	0	0
setup	0	2019-05-03 23:00:00	0	0.6	0.596834	3.83949	1.02121e-05	5.35844e-06	0.00316641	0.558593	0.156812	0	0	0.440021	0	0	0	0	0	0	390.742	239.843	0	-99.99	13.513	13.2351	12.693	16.0509	14.6051	13.6691	18.8726	21.6799	35.0649	37.0358	37.0628	0.247671	0.253915	0.267075	0.358346	0.469419	0.230345	0.0685347	99	0	0
setup	0	2019-05-04 23:00:00	0	2.43	2.42613	3.70848	1.69608e-05	1.02121e-05	0.00387064	0.583595	0.150649	0	0	2.27548	0	0	0	0	0	0	392.434	241.526	0	-99.99	14.6439	14.0225	12.9889	16.1742	14.7082	13.9053	18.8777	21.6842	35.0678	37.038	37.065	0.225146	0.23699	0.259724	0.351429	0.459006	0.230232	0.0685232	99	0	0
setup	0	2019-05-05 23:00:00	0	16	15.9812	3.69418	3.0772e-05	1.69608e-05	0.0188389	0.796464	0.596855	0	0	15.3843	0	0	0	0	0	0	407.022	256.052	0	-99.99	21.8094	21.1917	18.7641	21.3691	15.2327	14.148	18.9133	21.7136	35.0875	37.0534	37.0804	0.140634	0.145648	0.168407	0.196324	0.413022	0.229446	0.0684435	99	0	0
setup	0	2019-05-06 23:00:00	0	2.24	2.2343	3.75645	5.35773e-05	3.0772e-05	0.00570428	0.914873	0.150813	0	0	2.08348	0	0	0	0	0	0	408.19	257.211	0	-99.99	20.5209	19.9178	18.3577	22.1233	16.826	14.5122	18.9186	21.7179	35.0904	37.0556	37.0826	0.151414	0.156915	0.172801	0.18441	0.319162	0.229331	0.0684318	99	0	0
setup	0	2019-05-07 23:00:00	0	4.21	4.20312	3.67256	8.92307e-05	5.35773e-05	0.00687705	0.927122	0.146144	0	0	4.05698	0	0	0	0	0	0	411.32	260.323	0	-99.99	20.9192	20.3181	18.869	22.9586	17.9934	15.2214	18.9289	21.7264	35.0961	37.0601	37.0871	0.147948	0.153228	0.167304	0.172661	0.274689	0.229106	0.0684088	99	0	0
setup	0	2019-05-08 23:00:00	0	0.58	0.571747	3.58875	0.000154656	8.92307e-05	0.00825276	0.859932	0.141275	0	0	0.430472	0	0	0	0	0	0	410.89	259.891	0	-99.99	19.6763	19.2279	18.1832	22.5418	18.726	16.109	18.93	21.7273	35.0968	37.0605	37.0875	0.15921	0.163622	0.174749	0.178352	0.25279	0.229081	0.0684063	99	0	0
setup	0	2019-05-09 23:00:00	0	2.06	2.05014	3.50677	0.000249473	0.000154656	0.00985804	0.841336	0.136251	0	0	1.91389	0	0	0	0	0	0	411.963	260.955	0	-99.99	19.6673	19.168	18.0942	22.4824	19.1795	16.8214	19.1091	21.7314	35.0995	37.0627	37.0897	0.159297	0.164226	0.175758	0.17919	0.240934	0.225224	0.0683952	99	0	0
setup	0	2019-05-10 23:00:00	0	0.27	0.258279	3.31395	0.000347643	0.000249473	0.0117213	0.758207	0.12635	0	0	0.131929	0	0	0	0	0	0	411.336	260.328	0	-99.99	18.6253	18.3077	17.5769	22.1201	19.4832	17.2625	19.519	21.7317	35.0997	37.0628	37.0898	0.169886	0.173355	0.181832	0.184458	0.233599	0.216861	0.0683945	99	0	0
setup	0	2019-05-11 23:00:00	0	1.09	1.07613	3.28766	0.000637614	0.000347643	0.0138726	0.741989	0.123099	0	0	0.953029	0	0	0	0	0	0	411.547	260.534	0	-99.99	18.3828	18.044	17.331	21.8779	19.629	17.6345	19.9712	21.7337	35.101	37.0639	37.0909	0.172523	0.176332	0.184852	0.188137	0.230233	0.208307	0.068389	99	0	0
setup	0	2019-05-12 23:00:00	0	0.99	0.973657	3.49363	0.00117735	0.000637614	0.0163431	0.776243	0.129198	0	0	0.844459	0	0	0	0	0	0	411.615	260.598	0	-99.99	18.0732	17.7618	17.1159	21.68	19.7138	17.953	20.3912	21.7355	35.1023	37.0648	37.0918	0.175997	0.179618	0.18757	0.191246	0.228319	0.200923	0.068384	99	0	0
setup	0	2019-05-13 23:00:00	0	2.11	2.09084	3.54364	0.00188837	0.00117735	0.0191649	0.803945	0.128438	0	0	1.9624	0	0	0	0	0	0	412.772	261.746	0	-99.99	18.5193	18.0874	17.2562	21.7493	19.7975	18.1889	20.6513	21.7397	35.1051	37.067	37.094	0.17103	0.175835	0.185789	0.190146	0.226462	0.196593	0.0683727	99	0	0
setup	0	2019-05-14 23:00:00	0	0.96	0.93763	3.58325	0.00300294	0.00188837	0.0223704	0.797987	0.126853	0	0	0.810776	0	0	0	0	0	0	412.783	261.753	0	-99.99	18.099	17.7732	17.1117	21.6824	19.8971	18.3708	20.8787	21.7415	35.1062	37.068	37.0949	0.175704	0.179483	0.187623	0.191207	0.22429	0.192949	0.0683679	99	0	0
setup	0	2019-05-15 23:00:00	0	0.83	0.804008	3.59683	0.00473238	0.00300294	0.0259917	0.785868	0.123751	0	0	0.680257	0	0	0	0	0	0	412.674	261.642	0	-99.99	17.7241	17.4555	16.9076	21.5225	19.9543	18.534	21.0965	21.7429	35.1072	37.0687	37.0957	0.180065	0.183312	0.190271	0.193788	0.223061	0.189574	0.0683639	99	0	0
setup	0	2019-05-16 23:00:00	0	1.6	1.56994	3.64515	0.00771432	0.00473238	0.0300602	0.803074	0.121624	0	0	1.44832	0	0	0	0	0	0	413.315	262.276	0	-99.99	17.9271	17.5815	16.9286	21.4998	19.9869	18.6795	21.3037	21.746	35.1093	37.0704	37.0973	0.177679	0.181776	0.189996	0.194158	0.222364	0.186461	0.0683555	99	0	0
setup	0	2019-05-17 23:00:00	0	1.46	1.42539	3.62747	0.0114832	0.00771432	0.0346054	0.800478	0.116218	0	0	1.30918	0	0	0	0	0	0	413.816	262.771	0	-99.99	17.9658	17.6169	16.9546	21.5258	20.0372	18.8124	21.4963	21.7487	35.1112	37.0719	37.0988	0.177231	0.181349	0.189655	0.193733	0.221303	0.183651	0.0683478	99	0	0
setup	0	2019-05-18 23:00:00	0	2.97	2.93035	3.42764	0.0144086	0.0114832	0.0396543	0.793105	0.102686	0	0	2.82766	0	0	0	0	0	0	415.839	264.781	0	-99.99	18.9392	18.4227	17.4561	21.9329	20.1485	18.9456	21.6805	21.7547	35.1152	37.0751	37.102	0.166573	0.172084	0.183304	0.187291	0.218984	0.181034	0.0683311	99	0	0
setup	0	2019-05-19 23:00:00	0	4.8	4.75477	3.31651	0.0195709	0.0144086	0.0452306	0.831901	0.092357	0	0	4.66241	0	0	0	0	0	0	419.655	268.575	0	-99.99	20.4543	19.9078	18.6899	23.1692	20.4974	19.1049	21.8655	21.765	35.1221	37.0805	37.1074	0.152006	0.157009	0.169194	0.169907	0.212012	0.178472	0.0683031	99	0	0
setup	0	2019-05-20 23:00:00	0	1.16	1.10865	3.34741	0.0296844	0.0195709	0.0513534	0.819678	0.0873065	0	0	1.02134	0	0	0	0	0	0	419.837	268.752	0	-99.99	19.7743	19.3729	18.511	23.2707	20.9131	19.3216	22.0449	21.8418	35.1236	37.0817	37.1086	0.158272	0.162173	0.17112	0.168606	0.204244	0.176049	0.0682968	99	0	0
setup	0	2019-05-21 23:00:00	0	0.05	0	3.51697	0.0528191	0.0296844	0.05	0.845318	0	0	0	0	0	0	0	0	0	0	418.962	267.877	0	-99.99	18.7343	18.5138	18.002	22.9237	21.1058	19.5325	22.2267	21.9716	35.1234	37.0817	37.1086	0.168723	0.171089	0.176814	0.173125	0.200825	0.173653	0.0682969	99	0	0
setup	0	2019-05-22 23:00:00	0	1.27	1.20471	3.51497	0.0689484	0.0528191	0.0652871	0.811653	0.0789692	0	0	1.12574	0	0	0	0	0	0	419.223	268.133	0	-99.99	18.6852	18.4045	17.8436	22.7376	21.1532	19.6949	22.4077	22.1299	35.1249	37.083	37.1099	0.169244	0.172285	0.178654	0.175638	0.2	0.171322	0.06829	99	0	0
setup	0	2019-05-23 23:00:00	0	5.43	5.28379	3.35184	0.0807116	0.0689484	0.146211	0.812384	0.127363	0	0	5.15643	0	0	0	0	0	0	423.498	272.383	0	-99.99	20.7909	20.2519	19.1139	23.8349	21.3645	19.8354	22.5847	22.3067	35.1325	37.0891	37.116	0.149051	0.153828	0.164776	0.161674	0.196401	0.169095	0.0682582	99	0	0
setup	0	2019-05-24 23:00:00	0	2.21	2.12852	3.29795	0.107846	0.0807116	0.0814829	0.83523	0.0525687	0	0	2.07595	0	0	0	0	0	0	424.658	273.533	0	-99.99	20.6695	20.2241	19.2854	24.2181	21.7481	20.0225	22.7642	22.4787	35.1354	37.0917	37.1186	0.150106	0.154081	0.163045	0.157235	0.190165	0.166888	0.068245	99	0	0
setup	0	2019-05-25 23:00:00	0	0.82	0.729598	3.3081	0.151727	0.107846	0.090402	0.808055	0.0429419	0	0	0.686656	0	0	0	0	0	0	424.429	273.3	0	-99.99	19.9528	19.6367	18.9601	24.0386	21.9729	20.233	22.9649	22.6572	35.1361	37.0925	37.1194	0.156586	0.159592	0.166356	0.159289	0.186678	0.164478	0.0682406	99	0	0
setup	0	2019-05-26 23:00:00	0	1.27	1.17016	3.38403	0.206169	0.151727	0.0998355	0.807167	0.0348436	0	0	1.13532	0	0	0	0	0	0	424.606	273.471	0	-99.99	19.6945	19.3971	18.7802	23.884	22.0607	20.4121	23.1704	22.85	35.1372	37.0939	37.1208	0.159035	0.161933	0.168237	0.161094	0.185347	0.16207	0.0682334	99	0	0
setup	0	2019-05-27 23:00:00	0	0.79	0.680254	3.34745	0.262832	0.206169	0.109746	0.767064	0.0211413	0	0	0.659113	0	0	0	0	0	0	424.291	273.153	0	-99.99	19.2049	18.9734	18.4869	23.6246	22.0718	20.5525	23.3621	23.0466	35.1374	37.0947	37.1217	0.163854	0.166218	0.171382	0.1642	0.185181	0.159877	0.0682292	99	0	0
setup	0	2019-05-28 23:00:00	0	0.72	0.599916	3.27286	0.316371	0.262832	0.120084	0.719533	0.00533404	0	0	0.594582	0	0	0	0	0	0	423.904	272.762	0	-99.99	18.7839	18.592	18.1929	23.3327	22.0202	20.6585	23.5343	23.2328	35.1372	37.0955	37.1224	0.168198	0.170244	0.17464	0.167819	0.185959	0.157948	0.0682255	99	0	0
setup	0	2019-05-29 23:00:00	0	0.5	0.36921	3.3678	0.433765	0.312724	0.13079	0.710661	0	0	0	0.36921	0	0	0	0	0	0	423.249	272.106	0	-99.99	18.2725	18.1375	17.8491	22.9891	21.9217	20.7313	23.6742	23.3552	35.1363	37.0959	37.1228	0.173748	0.175267	0.17859	0.172257	0.187462	0.156409	0.0682233	99	0	0
setup	0	2019-05-30 23:00:00	0	0.27	0.128204	3.4663	0.594414	0.418325	0.141796	0.683769	0	0	0	0.128204	0	0	0	0	0	0	422.276	271.132	0	-99.99	17.6563	17.5925	17.4378	22.5743	21.7728	20.7636	23.7725	23.4676	35.1346	37.096	37.123	0.180875	0.181643	0.183529	0.177897	0.189776	0.155344	0.0682226	99	0	0
setup	0	2019-05-31 23:00:00	0	0.73	0.576981	3.4921	0.72325	0.569646	0.153019	0.640294	0	0	0	0.576981	0	0	0	0	0	0	421.643	270.496	0	-99.99	17.4003	17.3079	17.1393	22.2121	21.5847	20.7588	23.8381	23.5683	35.1327	37.0967	37.1237	0.183992	0.185141	0.18727	0.183093	0.192776	0.154638	0.0682192	99	0	0
setup	0	2019-06-01 23:00:00	0	3.37	3.20563	3.50057	0.850221	0.693115	0.16437	0.64961	0	0	0	3.20563	0	0	0	0	0	0	423.505	272.343	0	-99.99	18.7714	18.3437	17.6201	22.4449	21.4593	20.7391	23.8842	23.6577	35.1346	37.1005	37.1276	0.16833	0.172956	0.181311	0.179722	0.194825	0.154146	0.0681993	99	0	0
setup	0	2019-06-02 23:00:00	0	7.1	6.78461	3.35148	0.901453	0.779369	0.315394	0.626581	0	0	0	6.78461	0	0	0	0	0	0	428.884	277.688	0	-99.99	21.1899	20.7276	19.5893	24.3564	21.7746	20.7614	23.9316	23.7393	35.1422	37.1089	37.1359	0.145663	0.149599	0.16005	0.155681	0.189748	0.153642	0.0681562	99	0	0
setup	0	2019-06-03 23:00:00	0	2.54	2.35295	3.37034	1.13542	0.863892	0.187052	0.639631	0	0	0	2.35295	0	0	0	0	0	0	429.734	278.525	0	-99.99	20.6878	20.4181	19.689	24.8407	22.3731	20.915	24.0102	23.8054	35.1427	37.1118	37.1389	0.149946	0.152329	0.159088	0.150434	0.18075	0.152813	0.0681408	99	0	0
setup	0	2019-06-04 23:00:00	0	1.1	0.901836	3.3996	1.2176	1.08811	0.198164	0.564571	0	0	0	0.901836	0	0	0	0	0	0	428.983	277.769	0	-99.99	19.9521	19.7101	19.1581	24.401	22.5523	21.0946	24.1334	23.8798	35.1397	37.113	37.1401	0.156594	0.158885	0.164326	0.155186	0.178204	0.151527	0.068135	99	0	0
setup	0	2019-06-05 23:00:00	0	3.1	2.89103	3.13847	1.21704	1.16687	0.208969	0.480497	0	0	0	2.89103	0	0	0	0	0	0	430.226	278.998	0	-99.99	20.4345	20.1087	19.4007	24.5936	22.6502	21.2205	24.2616	23.9752	35.1399	37.1166	37.1438	0.152182	0.155139	0.161897	0.153075	0.176841	0.150208	0.0681161	99	0	0
setup	0	2019-06-06 23:00:00	0	2.42	2.20065	3.19703	1.45136	1.16269	0.219348	0.494867	0	0	0	2.20065	0	0	0	0	0	0	430.769	279.53	0	-99.99	20.4254	20.1342	19.4556	24.6834	22.7634	21.3299	24.3804	24.0784	35.1389	37.1194	37.1466	0.152264	0.154904	0.161356	0.152107	0.175285	0.149001	0.0681017	99	0	0
setup	0	2019-06-07 23:00:00	0	1.87	1.64082	3.34725	1.89995	1.38017	0.229182	0.467849	0	0	0	1.64082	0	0	0	0	0	0	430.562	279.314	0	-99.99	20.0707	19.7997	19.2176	24.4838	22.7876	21.4141	24.4863	24.1811	35.1362	37.1215	37.1488	0.15549	0.15803	0.163726	0.154273	0.174956	0.147939	0.068091	99	0	0
setup	0	2019-06-08 23:00:00	0	0.85	0.611646	3.23477	1.91177	1.77283	0.238354	0.316828	0	0	0	0.611646	0	0	0	0	0	0	429.084	277.832	0	-99.99	19.2045	19.0189	18.631	23.9181	22.6454	21.4417	24.5626	24.2735	35.1298	37.1222	37.1496	0.163857	0.165749	0.169824	0.160692	0.176906	0.14718	0.0680874	99	0	0
setup	0	2019-06-09 23:00:00	0	1.6	1.35325	3.15868	1.4558	1.76893	0.246752	0.291195	0	0	0	1.35325	0	0	0	0	0	0	428.377	277.118	0	-99.99	18.9745	18.7446	18.3172	23.5208	22.4392	21.4311	24.6155	24.3577	35.1246	37.1238	37.1513	0.166207	0.168613	0.17325	0.165471	0.179803	0.146658	0.0680789	99	0	0
setup	0	2019-06-10 23:00:00	0	0.15	0	3.23973	1.31804	1.39514	0.15	0.409804	0	0	0	0	0	0	0	0	0	0	426.572	275.314	0	-99.99	17.9482	17.8848	17.733	22.97	22.2342	21.411	24.6525	24.4299	35.1184	37.1237	37.1513	0.177435	0.178172	0.179959	0.17251	0.182769	0.146295	0.0680794	99	0	0
setup	0	2019-06-11 23:00:00	0	0.53	0.269193	3.12397	1.97753	1.20821	0.260807	0.386095	0	0	0	0.269193	0	0	0	0	0	0	425.247	273.987	0	-99.99	17.3772	17.3427	17.2721	22.4654	22.0005	21.3734	24.6748	24.4905	35.1132	37.124	37.1516	0.184278	0.184707	0.185589	0.17943	0.186258	0.146076	0.0680781	99	0	0
setup	0	2019-06-12 23:00:00	0	0.5	0.233718	3.24472	2.02394	1.81685	0.266282	0.260668	0	0	0	0.233718	0	0	0	0	0	0	423.404	272.142	0	-99.99	16.6725	16.6817	16.6994	21.8924	21.6694	21.2646	24.6471	24.521	35.1047	37.1241	37.1519	0.193408	0.193284	0.193045	0.187913	0.191415	0.146347	0.0680772	99	0	0
setup	0	2019-06-13 23:00:00	0	0.34	0.0693802	3.35699	2.57004	1.86441	0.27062	0.260968	0	0	0	0.0693802	0	0	0	0	0	0	421.348	270.086	0	-99.99	15.8715	15.9357	16.0565	21.4177	21.3304	21.1328	24.588	24.5233	35.0951	37.1241	37.152	0.204858	0.203894	0.202102	0.195514	0.196974	0.146929	0.0680775	99	0	0
setup	0	2019-06-14 23:00:00	0	0.83	0.556239	3.36383	1.96543	2.36243	0.273761	0.149758	0	0	0	0.556239	0	0	0	0	0	0	419.392	268.127	0	-99.99	15.3632	15.3605	15.3679	20.9311	20.9589	20.9428	24.4918	24.4874	35.0829	37.1246	37.1527	0.212813	0.212858	0.212737	0.20392	0.203422	0.147884	0.068075	99	0	0
setup	0	2019-06-15 23:00:00	0	0.46	0.184336	3.26868	1.9522	1.80164	0.275664	0.233	0	0	0	0.184336	0	0	0	0	0	0	417.541	266.276	0	-99.99	14.7226	14.7456	14.7883	20.5387	20.6792	20.7608	24.4236	24.4484	35.0723	37.1246	37.1529	0.22373	0.223319	0.22256	0.211215	0.208546	0.148566	0.0680747	99	0	0
setup	0	2019-06-16 23:00:00	0	0.19	0	3.27381	2.59532	1.87086	0.19	0.224096	0	0	0	0	0	0	0	0	0	0	415.446	264.181	0	-99.99	13.9263	14.0321	14.1868	20.128	20.3817	20.5603	24.3472	24.404	35.0601	37.1244	37.1529	0.238935	0.236796	0.23374	0.219408	0.214277	0.149337	0.0680756	99	0	0
setup	0	2019-06-17 23:00:00	0	0.05	0	3.31177	2.44799	2.57517	0.05	0.118561	0	0	0	0	0	0	0	0	0	0	412.753	261.487	0	-99.99	12.9769	13.1651	13.4351	19.5927	19.9761	20.2688	24.2325	24.3371	35.0416	37.1242	37.1529	0.260014	0.255539	0.249389	0.231063	0.222595	0.150506	0.068077	99	0	0
setup	0	2019-06-18 23:00:00	0	0.12	0	3.31692	2.01231	2.36419	0.12	0.133412	0	0	0	0	0	0	0	0	0	0	410.255	258.99	0	-99.99	12.1373	12.3873	12.7476	19.0909	19.5878	19.9856	24.1169	24.2692	35.0227	37.1239	37.1529	0.28211	0.275134	0.265687	0.24316	0.231174	0.151698	0.0680784	99	0	0
setup	0	2019-06-19 23:00:00	0	0.27	0	3.45701	2.6758	1.86271	0.27	0.197674	0	0	0	0	0	0	0	0	0	0	408.195	256.929	0	-99.99	11.4612	11.7548	12.1817	18.6733	19.2624	19.7513	24.018	24.2108	35.0064	37.1237	37.1529	0.30298	0.293532	0.280846	0.254245	0.238885	0.152731	0.0680796	99	0	0
setup	0	2019-06-20 23:00:00	0	0.29	0.013853	3.42409	2.28699	2.46201	0.276147	0.0949921	0	0	0	0.013853	0	0	0	0	0	0	405.651	254.386	0	-99.99	10.6924	11.0228	11.5092	18.1555	18.8403	19.4272	23.876	24.1265	34.9827	37.1233	37.1529	0.33109	0.318352	0.301391	0.269511	0.249694	0.154234	0.0680813	99	0	0
setup	0	2019-06-21 23:00:00	0	0.71	0.434031	3.28401	1.69912	2.09641	0.275969	0.119846	0	0	0	0.434031	0	0	0	0	0	0	403.869	252.602	0	-99.99	10.4637	10.4649	10.9527	17.7194	18.4786	19.1473	23.7485	24.0506	34.9615	37.1235	37.1534	0.340562	0.34051	0.320966	0.283922	0.259773	0.155602	0.0680805	99	0	0
setup	0	2019-06-22 23:00:00	0	0.35	0.0742372	3.26845	2.40295	1.55753	0.275763	0.176529	0	0	0	0.0742372	0	0	0	0	0	0	402.209	250.942	0	-99.99	10.0076	10.0249	10.5174	17.377	18.1945	18.9314	23.6466	23.9893	34.9441	37.1233	37.1535	0.361321	0.360486	0.338285	0.296416	0.268297	0.156711	0.0680814	99	0	0
setup	0	2019-06-23 23:00:00	0	0.22	0	3.3566	2.31991	2.26242	0.22	0.0992713	0	0	0	0	0	0	0	0	0	0	399.848	248.58	0	-99.99	9.34902	9.43037	9.9539	16.9148	17.793	18.6056	23.4866	23.8925	34.9163	37.1229	37.1535	0.396691	0.391917	0.36395	0.315251	0.28138	0.158478	0.0680835	99	0	0
setup	0	2019-06-24 23:00:00	0	1.4	1.12475	3.51931	2.05073	2.1446	0.275251	0.124634	0	0	0	1.12475	0	0	0	0	0	0	398.703	247.431	0	-99.99	9.69395	9.47523	9.46626	16.5085	17.434	18.3112	23.3364	23.8015	34.8908	37.1237	37.1546	0.377273	0.389337	0.389851	0.334049	0.294258	0.160168	0.0680796	99	0	0
setup	0	2019-06-25 23:00:00	0	4.95	4.67506	3.22012	2.12301	1.87983	0.274938	0.152082	0	0	0	4.67506	0	0	0	0	0	0	401.346	250.055	0	-99.99	12.542	11.5093	10.1839	16.2574	17.2103	18.1285	23.2429	23.7469	34.8789	37.1281	37.1593	0.270993	0.30139	0.352982	0.346926	0.302927	0.161234	0.0680565	99	0	0
setup	0	2019-06-26 23:00:00	0	1.78	1.50542	3.20806	2.40376	1.94609	0.274578	0.139656	0	0	0	1.50542	0	0	0	0	0	0	400.766	249.468	0	-99.99	12.2558	11.6364	10.8309	16.0044	16.9807	17.9362	23.1388	23.6836	34.8616	37.1294	37.1608	0.27876	0.297265	0.32562	0.361029	0.312412	0.162436	0.06805	99	0	0
setup	0	2019-06-27 23:00:00	0	0.71	0.435832	3.34459	2.14585	2.20799	0.274168	0.113645	0	0	0	0.435832	0	0	0	0	0	0	398.88	247.581	0	-99.99	11.3483	11.08	10.7567	15.7147	16.7113	17.7035	23.0076	23.6024	34.8379	37.1295	37.1613	0.306787	0.316253	0.328525	0.378795	0.324377	0.163972	0.0680495	99	0	0
setup	0	2019-06-28 23:00:00	0	0.5	0.226299	3.40345	1.72511	1.97695	0.273701	0.140078	0	0	0	0.226299	0	0	0	0	0	0	396.99	245.689	0	-99.99	10.6079	10.5025	10.3899	15.4436	16.457	17.4836	22.879	23.5221	34.8142	37.1294	37.1615	0.334522	0.338916	0.343748	0.397247	0.336607	0.165502	0.0680501	99	0	0
setup	0	2019-06-29 23:00:00	0	0.45	0.17683	3.37928	1.92186	1.58979	0.27317	0.171186	0	0	0	0.17683	0	0	0	0	0	0	395.405	244.104	0	-99.99	10.0708	10.026	9.99105	15.2134	16.241	17.2988	22.7674	23.452	34.7933	37.1292	37.1617	0.358286	0.360431	0.362128	0.414531	0.347805	0.166849	0.0680508	99	0	0
setup	0	2019-06-30 23:00:00	0	0.03	0	3.44856	1.52423	1.92186	0.03	0.154259	0	0	0	0	0	0	0	0	0	0	393.329	242.028	0	-99.99	9.34788	9.39222	9.45971	14.937	15.9745	17.0627	22.6198	23.3586	34.765	37.1288	37.1617	0.396759	0.39414	0.390226	0.43762	0.362777	0.16866	0.068053	99	0	0
setup	0	2019-07-01 23:00:00	0	0.17	0	3.56296	1.50217	1.46072	0.17	0.181781	0	0	0	0	0	0	0	0	0	0	391.687	240.386	0	-99.99	8.80413	8.89958	9.03842	14.7125	15.7584	16.8744	22.4979	23.2809	34.7413	37.1285	37.1617	0.432296	0.425558	0.416158	0.45858	0.375992	0.170181	0.0680548	99	0	0
setup	0	2019-07-02 23:00:00	0	0.14	0	3.59772	1.55712	1.44948	0.14	0.173349	0	0	0	0	0	0	0	0	0	0	390.064	238.763	0	-99.99	8.29857	8.43448	8.63226	14.4885	15.539	16.6797	22.3678	23.1974	34.7156	37.1281	37.1617	0.472337	0.460783	0.445043	0.481856	0.390532	0.171831	0.0680568	99	0	0
setup	0	2019-07-03 23:00:00	0	0.35	0.0797338	3.454	1.24683	1.44493	0.270266	0.138622	0	0	0	0.0797338	0	0	0	0	0	0	388.56	237.259	0	-99.99	7.88443	8.01	8.25335	14.2714	15.3211	16.48	22.2299	23.1084	34.688	37.1277	37.1618	0.511897	0.499141	0.476324	0.507064	0.406244	0.17361	0.0680585	99	0	0
setup	0	2019-07-04 23:00:00	0	0.12	0	3.41429	1.16868	1.21714	0.12	0.151983	0	0	0	0	0	0	0	0	0	0	387.191	235.89	0	-99.99	7.50108	7.65245	7.92932	14.0813	15.1297	16.3062	22.1059	23.0277	34.6628	37.1274	37.1618	0.555791	0.537487	0.507253	0.531701	0.421235	0.175238	0.0680604	99	0	0
setup	0	2019-07-05 23:00:00	0	0.17	0	3.42998	1.18923	1.11999	0.17	0.144408	0	0	0	0	0	0	0	0	0	0	385.927	234.625	0	-99.99	7.16485	7.33504	7.63707	13.9053	14.9504	16.1418	21.985	22.9486	34.6378	37.127	37.1618	0.601939	0.577551	0.539284	0.557032	0.436434	0.176851	0.0680624	99	0	0
setup	0	2019-07-06 23:00:00	0	0.48	0.212975	3.39894	1.10921	1.10635	0.267025	0.130131	0	0	0	0.212975	0	0	0	0	0	0	384.903	233.601	0	-99.99	7.0699	7.05322	7.36727	13.7383	14.7771	15.9793	21.8621	22.8677	34.6123	37.1268	37.162	0.616582	0.619237	0.573178	0.583713	0.452331	0.178519	0.0680633	99	0	0
setup	0	2019-07-07 23:00:00	0	0.11	0	3.46138	1.03365	1.09722	0.11	0.133185	0	0	0	0	0	0	0	0	0	0	383.673	232.37	0	-99.99	6.76109	6.77973	7.10469	13.5717	14.6021	15.8139	21.7331	22.7821	34.5848	37.1264	37.162	0.670316	0.666772	0.611125	0.613361	0.469729	0.180299	0.0680655	99	0	0
setup	0	2019-07-08 23:00:00	0	0.06	0	3.51002	0.926715	1.03365	0.06	0.13125	0	0	0	0	0	0	0	0	0	0	382.508	231.206	0	-99.99	6.48121	6.52698	6.86217	13.4144	14.4351	15.6547	21.6052	22.6968	34.5572	37.126	37.162	0.729133	0.718725	0.651597	0.644667	0.487797	0.182096	0.0680676	99	0	0
setup	0	2019-07-09 23:00:00	0	0.1	0	3.55696	0.858189	0.926715	0.1	0.12654	0	0	0	0	0	0	0	0	0	0	381.455	230.152	0	-99.99	6.24	6.30633	6.64764	13.2724	14.283	15.5095	21.485	22.616	34.5309	37.1256	37.162	0.790161	0.772252	0.692827	0.676181	0.505647	0.183813	0.0680697	99	0	0
setup	0	2019-07-10 23:00:00	0	0.26	0	3.58833	0.83628	0.822431	0.26	0.115968	0	0	0	0	0	0	0	0	0	0	380.516	229.214	0	-99.99	6.03538	6.11692	6.46112	13.1467	14.1468	15.3786	21.3739	22.5409	34.5063	37.1252	37.162	0.851887	0.82602	0.733808	0.707171	0.522917	0.185428	0.0680716	99	0	0
setup	0	2019-07-11 23:00:00	0	0.35	0.0912135	3.53995	0.859904	0.801435	0.258786	0.108636	0	0	0	0.0912135	0	0	0	0	0	0	379.697	228.395	0	-99.99	5.92635	5.94371	6.28828	13.0277	14.016	15.2509	21.2626	22.4652	34.4813	37.1249	37.162	0.889497	0.883257	0.777033	0.739601	0.540794	0.187071	0.0680731	99	0	0
setup	0	2019-07-12 23:00:00	0	0.31	0.0533892	3.55399	0.766904	0.824075	0.256611	0.101551	0	0	0	0.0533892	0	0	0	0	0	0	378.825	227.522	0	-99.99	5.79587	5.78543	6.12034	12.9094	13.8836	15.1188	21.1444	22.3844	34.4544	37.1246	37.1621	0.939799	0.944105	0.824973	0.775377	0.560346	0.188844	0.068075	99	0	0
setup	0	2019-07-13 23:00:00	0	0.32	0.0657683	3.42248	0.748956	0.73397	0.254232	0.094133	0	0	0	0.0657683	0	0	0	0	0	0	378.063	226.76	0	-99.99	5.69502	5.67299	5.97502	12.8054	13.766	15.0008	21.0362	22.31	34.4294	37.1242	37.1622	0.983362	0.993495	0.872252	0.810254	0.579094	0.190496	0.0680767	99	0	0
setup	0	2019-07-14 23:00:00	0	0.22	0	3.40881	0.733817	0.71775	0.22	0.0887481	0	0	0	0	0	0	0	0	0	0	377.256	225.953	0	-99.99	5.54257	5.54527	5.83777	12.7053	13.6513	14.8843	20.9267	22.2341	34.4037	37.1238	37.1622	1.05874	1.05728	0.922955	0.847351	0.598786	0.192195	0.0680787	99	0	0
setup	0	2019-07-15 23:00:00	0	0.64	0.391184	3.26887	0.724297	0.696255	0.248816	0.0861332	0	0	0	0.391184	0	0	0	0	0	0	376.865	225.561	0	-99.99	5.75808	5.57427	5.71678	12.6157	13.5469	14.7765	20.8229	22.162	34.3793	37.1238	37.1625	0.955601	1.042	0.973578	0.884018	0.618072	0.193831	0.0680789	99	0	0
setup	0	2019-07-16 23:00:00	0	0.21	0	3.23967	0.648255	0.694118	0.21	0.0800475	0	0	0	0	0	0	0	0	0	0	376.091	224.786	0	-99.99	5.58597	5.51793	5.59975	12.5272	13.4424	14.6669	20.715	22.0864	34.3534	37.1234	37.1625	1.03597	1.07218	1.02897	0.92395	0.638823	0.195559	0.0680809	99	0	0
setup	0	2019-07-17 23:00:00	0	0.43	0.187549	3.21912	0.677055	0.620043	0.242451	0.0791978	0	0	0	0.187549	0	0	0	0	0	0	375.579	224.274	0	-99.99	5.60656	5.47882	5.49883	12.4502	13.3508	14.571	20.6183	22.0184	34.3299	37.1232	37.1627	1.02555	1.09433	1.08287	0.962227	0.658364	0.197133	0.0680819	99	0	0
setup	0	2019-07-18 23:00:00	0	0.21	0	3.24179	0.674645	0.648844	0.21	0.0742757	0	0	0	0	0	0	0	0	0	0	374.856	223.551	0	-99.99	5.44718	5.39384	5.39775	12.3714	13.2556	14.4692	20.5135	21.9443	34.304	37.1228	37.1627	1.11302	1.14625	1.14373	1.00527	0.680144	0.198864	0.068084	99	0	0
setup	0	2019-07-19 23:00:00	0	0.76	0.524945	3.25583	0.660236	0.646535	0.235055	0.080324	0	0	0	0.524945	0	0	0	0	0	0	374.654	223.347	0	-99.99	5.77204	5.46832	5.31877	12.3004	13.1685	14.3751	20.4144	21.8739	34.2796	37.1229	37.1631	0.949693	1.10045	1.19702	1.04808	0.701571	0.200529	0.0680837	99	0	0
setup	0	2019-07-20 23:00:00	0	0.28	0.0490508	3.30447	0.634965	0.632726	0.230949	0.0770128	0	0	0	0.0490508	0	0	0	0	0	0	373.993	222.686	0	-99.99	5.61194	5.43689	5.29775	12.2307	13.0822	14.2812	20.3134	21.8016	34.254	37.1225	37.1631	1.02286	1.11926	1.21217	1.09429	0.724328	0.202253	0.0680855	99	0	0
setup	0	2019-07-21 23:00:00	0	0.45	0.223438	3.38951	0.620212	0.608509	0.226562	0.079721	0	0	0	0.223438	0	0	0	0	0	0	373.529	222.221	0	-99.99	5.62714	5.41676	5.26829	12.166	13.0014	14.1931	20.2165	21.7319	34.2293	37.1223	37.1633	1.01537	1.1317	1.23416	1.14153	0.747222	0.203934	0.0680865	99	0	0
setup	0	2019-07-22 23:00:00	0	0.02	0	3.39148	0.549065	0.620212	0.02	0.078947	0	0	0	0	0	0	0	0	0	0	372.829	221.522	0	-99.99	5.43651	5.33084	5.22032	12.1003	12.9184	14.1015	20.1138	21.6576	34.2026	37.1219	37.1633	1.11949	1.18852	1.27198	1.1946	0.772538	0.205744	0.0680886	99	0	0
setup	0	2019-07-23 23:00:00	0	0.03	0	3.2896	0.520422	0.549065	0.03	0.0717313	0	0	0	0	0	0	0	0	0	0	372.209	220.901	0	-99.99	5.28371	5.23088	5.16736	12.0422	12.8443	14.0198	20.02	21.5894	34.1779	37.1215	37.1633	1.22254	1.26343	1.31693	1.24639	0.796807	0.207422	0.0680906	99	0	0
setup	0	2019-07-24 23:00:00	0	0.02	0	3.48903	0.465747	0.520422	0.02	0.0723239	0	0	0	0	0	0	0	0	0	0	371.616	220.308	0	-99.99	5.15491	5.1323	5.10382	11.9869	12.7733	13.9417	19.9288	21.5227	34.1536	37.1212	37.1633	1.32802	1.34873	1.37588	1.30071	0.821748	0.209081	0.0680926	99	0	0
setup	0	2019-07-25 23:00:00	0	0.12	0	3.38704	0.47027	0.465747	0.12	0.0638746	0	0	0	0	0	0	0	0	0	0	371.086	219.778	0	-99.99	5.05201	5.04684	5.04042	11.9381	12.7099	13.8715	19.8452	21.4613	34.131	37.1208	37.1633	1.42862	1.43414	1.44106	1.35338	0.845572	0.210624	0.0680944	99	0	0
setup	0	2019-07-26 23:00:00	0	0.05	0	3.46183	0.458578	0.47027	0.05	0.0625852	0	0	0	0	0	0	0	0	0	0	370.553	219.246	0	-99.99	4.95926	4.96478	4.97282	11.8898	12.6463	13.8003	19.759	21.3976	34.1074	37.1204	37.1633	1.53559	1.52871	1.51881	1.41061	0.871109	0.21224	0.0680963	99	0	0
setup	0	2019-07-27 23:00:00	0	0.24	0.0458184	3.38412	0.459196	0.43947	0.194182	0.0558392	0	0	0	0.0458184	0	0	0	0	0	0	370.104	218.796	0	-99.99	4.91926	4.90244	4.91251	11.8462	12.5881	13.7342	19.6773	21.3371	34.0849	37.1201	37.1634	1.5876	1.6107	1.59677	1.4671	0.896057	0.21379	0.0680979	99	0	0
setup	0	2019-07-28 23:00:00	0	0.21	0.0222095	3.36014	0.437403	0.440063	0.18779	0.052391	0	0	0	0.0222095	0	0	0	0	0	0	369.634	218.326	0	-99.99	4.86201	4.84605	4.85503	11.804	12.5308	13.668	19.5942	21.2751	34.0618	37.1198	37.1634	1.66948	1.69406	1.68013	1.52706	0.922255	0.215391	0.0680997	99	0	0
setup	0	2019-07-29 23:00:00	0	1.08	0.898866	3.39854	0.421199	0.419178	0.181134	0.0741592	0	0	0	0.898866	0	0	0	0	0	0	370.039	218.728	0	-99.99	5.60904	5.09459	4.83158	11.7703	12.4845	13.6153	19.5264	21.2247	34.0433	37.1202	37.1641	1.02431	1.38495	1.71707	1.57903	0.944754	0.216714	0.0680974	99	0	0
setup	0	2019-07-30 23:00:00	0	2.58	2.40578	3.2084	0.467945	0.403649	0.174224	0.123287	0	0	0	2.40578	0	0	0	0	0	0	371.918	220.599	0	-99.99	7.5443	6.31161	5.05378	11.7502	12.4559	13.5842	19.4847	21.194	34.0331	37.122	37.1662	0.550423	0.770864	1.42674	1.612	0.959293	0.217537	0.068088	99	0	0
setup	0	2019-07-31 23:00:00	0	3.94	3.77292	3.22943	0.562678	0.448448	0.167076	0.201029	0	0	0	3.77292	0	0	0	0	0	0	375.042	223.709	0	-99.99	10.0224	8.39362	6.01576	11.7392	12.4388	13.5672	19.4601	21.1765	34.0286	37.1251	37.1693	0.360608	0.46419	0.858387	1.63077	0.968184	0.218024	0.0680722	99	0	0
setup	0	2019-08-01 23:00:00	0	1.02	0.860291	3.40636	0.671726	0.539233	0.159709	0.208172	0	0	0	0.860291	0	0	0	0	0	0	375.154	223.819	0	-99.99	9.57937	8.56156	7.01468	11.7188	12.411	13.5379	19.4213	21.1475	34.0181	37.1257	37.1701	0.38349	0.450532	0.625472	1.66691	0.983125	0.218798	0.0680693	99	0	0
setup	0	2019-08-02 23:00:00	0	0.37	0.217856	3.42921	0.612011	0.643737	0.152144	0.189173	0	0	0	0.217856	0	0	0	0	0	0	374.539	223.203	0	-99.99	8.86175	8.29476	7.48521	11.6934	12.376	13.4983	19.3689	21.108	34.0031	37.1256	37.1703	0.4282	0.472669	0.557791	1.71431	1.00268	0.219851	0.0680695	99	0	0
setup	0	2019-08-03 23:00:00	0	0.07	0	3.3186	0.51122	0.612011	0.07	0.173436	0	0	0	0	0	0	0	0	0	0	373.754	222.418	0	-99.99	8.23658	7.96753	7.59356	11.6677	12.3402	13.4572	19.3141	21.0665	33.9872	37.1254	37.1703	0.477822	0.503375	0.544446	1.76568	1.02361	0.220964	0.0680709	99	0	0
setup	0	2019-08-04 23:00:00	0	0.11	0	3.38997	0.452342	0.51122	0.11	0.168624	0	0	0	0	0	0	0	0	0	0	373.074	221.738	0	-99.99	7.81325	7.69311	7.53292	11.6444	12.3077	13.4208	19.2652	21.0293	33.9729	37.1251	37.1703	0.519455	0.532796	0.551825	1.81559	1.04348	0.221967	0.068072	99	0	0
setup	0	2019-08-05 23:00:00	0	0.1	0	3.57946	0.390843	0.452342	0.1	0.172053	0	0	0	0	0	0	0	0	0	0	372.45	221.114	0	-99.99	7.48881	7.44777	7.39503	11.622	12.2767	13.3871	19.2193	20.9944	33.9593	37.1249	37.1703	0.557336	0.562575	0.569472	1.8665	1.06329	0.222913	0.0680731	99	0	0
setup	0	2019-08-06 23:00:00	0	0.07	0	3.65454	0.34642	0.390843	0.07	0.170146	0	0	0	0	0	0	0	0	0	0	371.889	220.553	0	-99.99	7.22981	7.23001	7.23138	11.6011	12.2479	13.3568	19.1777	20.9626	33.947	37.1247	37.1703	0.592362	0.592333	0.592135	1.917	1.08248	0.22378	0.0680742	99	0	0
setup	0	2019-08-07 23:00:00	0	0.73	0.617719	3.63403	0.352893	0.34642	0.112281	0.175495	0.0247031	0	0	0.593016	0	0	0	0	0	0	371.96	220.622	0	-99.99	7.5436	7.29025	7.11851	11.5841	12.2239	13.3324	19.1434	20.9365	33.9372	37.1251	37.1708	0.55051	0.583752	0.608986	1.96049	1.09901	0.2245	0.0680724	99	0	0
setup	0	2019-08-08 23:00:00	0	0.66	0.555876	3.48672	0.336725	0.352893	0.104124	0.171819	0.0264523	0	0	0.529424	0	0	0	0	0	0	371.965	220.625	0	-99.99	7.72235	7.38482	7.0881	11.5679	12.2009	13.3082	19.1094	20.9105	33.9273	37.1253	37.1712	0.529479	0.570829	0.613713	2.00407	1.11551	0.225218	0.068071	99	0	0
setup	0	2019-08-09 23:00:00	0	0.02	0	3.46277	0.267155	0.336725	0.02	0.166569	0	0	0	0	0	0	0	0	0	0	371.461	220.121	0	-99.99	7.3887	7.23782	7.05842	11.5507	12.1767	13.2831	19.0741	20.8834	33.9167	37.1252	37.1712	0.570312	0.591205	0.618407	2.05295	1.13342	0.225968	0.0680718	99	0	0
setup	0	2019-08-10 23:00:00	0	0.47	0.382079	3.43015	0.262847	0.267155	0.0879213	0.163031	0.04387	0	0	0.338209	0	0	0	0	0	0	371.369	220.028	0	-99.99	7.44779	7.22077	7.02101	11.5368	12.1572	13.264	19.0469	20.8625	33.9087	37.1253	37.1715	0.562572	0.593674	0.624439	2.09414	1.14832	0.226548	0.068071	99	0	0
setup	0	2019-08-11 23:00:00	0	0.23	0.150042	3.31429	0.232996	0.262847	0.0799578	0.151644	0.0471858	0	0	0.102856	0	0	0	0	0	0	371.058	219.716	0	-99.99	7.28629	7.13459	6.98161	11.523	12.1377	13.2444	19.019	20.841	33.9003	37.1253	37.1716	0.584308	0.606521	0.630935	2.13738	1.16375	0.227148	0.0680713	99	0	0
setup	0	2019-08-12 23:00:00	0	0.1	0.0278575	3.30251	0.207579	0.232996	0.0721425	0.14619	0.0278575	0	0	0	0	0	0	0	0	0	370.678	219.337	0	-99.99	7.06574	6.99881	6.91947	11.5097	12.119	13.2262	18.9931	20.821	33.8924	37.1251	37.1716	0.617241	0.62808	0.641498	2.18079	1.1789	0.227708	0.068072	99	0	0
setup	0	2019-08-13 23:00:00	0	0.17	0.105481	3.41907	0.179852	0.207579	0.0645191	0.145405	0.0692932	0	0	0.0361877	0	0	0	0	0	0	370.362	219.02	0	-99.99	6.91625	6.87451	6.83521	11.4971	12.1014	13.2097	18.9694	20.8027	33.8852	37.1251	37.1716	0.642056	0.649392	0.656473	2.22381	1.19364	0.228222	0.0680724	99	0	0
setup	0	2019-08-14 23:00:00	0	0.31	0.252869	3.37779	0.144236	0.179852	0.057131	0.143489	0.0761163	0	0	0.176753	0	0	0	0	0	0	370.215	218.873	0	-99.99	6.92178	6.82133	6.75563	11.4859	12.0857	13.1957	18.949	20.7869	33.879	37.1251	37.1718	0.641098	0.659017	0.671361	2.26372	1.20715	0.228665	0.0680722	99	0	0
setup	0	2019-08-15 23:00:00	0	0.11	0.0599781	3.27236	0.125219	0.144236	0.0500219	0.135251	0.0599781	0	0	0	0	0	0	0	0	0	369.936	218.593	0	-99.99	6.76897	6.72883	6.68922	11.4756	12.0714	13.1838	18.9319	20.7737	33.8738	37.125	37.1718	0.668813	0.676547	0.684381	2.30221	1.21972	0.22904	0.0680726	99	0	0
setup	0	2019-08-16 23:00:00	0	0.11	0.0667652	3.26232	0.104891	0.125219	0.0432348	0.130371	0.0667652	0	0	0	0	0	0	0	0	0	369.68	218.338	0	-99.99	6.63743	6.62685	6.6162	11.4658	12.0581	13.1732	18.9166	20.7618	33.8691	37.1249	37.1718	0.694937	0.697138	0.69937	2.33974	1.23175	0.229374	0.068073	99	0	0
setup	0	2019-08-17 23:00:00	0	0.15	0.113188	3.41535	0.0877037	0.104891	0.0368116	0.131948	0.101124	0	0	0.0120641	0	0	0	0	0	0	369.455	218.113	0	-99.99	6.53304	6.53201	6.53705	11.4565	12.0455	13.1642	18.9035	20.7517	33.865	37.1249	37.1718	0.717373	0.717602	0.716481	2.3769	1.24335	0.229662	0.0680733	99	0	0
setup	0	2019-08-18 23:00:00	0	0.41	0.379207	3.44352	0.0701842	0.0877037	0.0307931	0.137359	0.109033	0	0	0.270174	0	0	0	0	0	0	369.5	218.157	0	-99.99	6.67923	6.54412	6.47404	11.4485	12.0345	13.1573	18.8933	20.7438	33.862	37.1251	37.172	0.686389	0.714915	0.730795	2.41029	1.25371	0.229887	0.0680724	99	0	0
setup	0	2019-08-19 23:00:00	0	0.56	0.534782	3.41612	0.0527258	0.0701842	0.025218	0.144802	0.114196	0	0	0.420586	0	0	0	0	0	0	369.706	218.361	0	-99.99	6.94112	6.66285	6.45952	11.4415	12.0249	13.1525	18.8859	20.7381	33.86	37.1254	37.1724	0.637772	0.68971	0.734183	2.44006	1.26282	0.230051	0.0680708	99	0	0
setup	0	2019-08-20 23:00:00	0	0.3	0.279877	3.34532	0.0380625	0.0527258	0.020123	0.141905	0.117068	0	0	0.162809	0	0	0	0	0	0	369.674	218.329	0	-99.99	6.92214	6.69719	6.48447	11.4346	12.0159	13.1485	18.88	20.7335	33.8583	37.1255	37.1725	0.641037	0.682788	0.728381	2.47022	1.27162	0.230181	0.0680702	99	0	0
setup	0	2019-08-21 23:00:00	0	0.23	0.214458	3.42211	0.0256966	0.0380625	0.0155418	0.143356	0.12546	0	0	0.0889982	0	0	0	0	0	0	369.582	218.236	0	-99.99	6.84098	6.67543	6.50448	11.4279	12.0072	13.1455	18.8756	20.7302	33.857	37.1255	37.1726	0.655424	0.687156	0.723799	2.50054	1.28017	0.230278	0.0680699	99	0	0
setup	0	2019-08-22 23:00:00	0	0.23	0.218495	3.58944	0.0168736	0.0256966	0.0115055	0.148463	0.136984	0	0	0.0815109	0	0	0	0	0	0	369.489	218.143	0	-99.99	6.76898	6.63822	6.50616	11.4212	11.9988	13.1435	18.8727	20.7279	33.8561	37.1256	37.1726	0.668811	0.694772	0.723417	2.53129	1.28858	0.230343	0.0680697	99	0	0
setup	0	2019-08-23 23:00:00	0	0.26	0.251958	3.59856	0.00874336	0.0168736	0.00804153	0.147927	0.141195	0	0	0.110763	0	0	0	0	0	0	369.435	218.089	0	-99.99	6.73993	6.6131	6.49692	11.4149	11.9909	13.1422	18.8708	20.7265	33.8556	37.1257	37.1727	0.674389	0.700024	0.725521	2.56115	1.29661	0.230383	0.0680692	99	0	0
setup	0	2019-08-24 23:00:00	0	1.57	1.56483	3.39897	0.00319176	0.00874336	0.00517382	0.179724	0.136086	0	0	1.42874	0	0	0	0	0	0	370.675	219.324	0	-99.99	7.92739	7.22751	6.60538	11.4123	11.9869	13.1444	18.8728	20.7283	33.8571	37.1269	37.1739	0.507451	0.592695	0.701654	2.57373	1.30074	0.23034	0.0680631	99	0	0
setup	0	2019-08-25 23:00:00	0	0.03	0.0270777	3.52978	0.00124667	0.00319176	0.00292226	0.184855	0.0270777	0	0	0	0	0	0	0	0	0	370.487	219.136	0	-99.99	7.5917	7.23947	6.79651	11.4063	11.9795	13.1441	18.8724	20.7281	33.857	37.1269	37.1739	0.544669	0.590967	0.66362	2.60374	1.30845	0.230348	0.0680631	99	0	0
setup	0	2019-08-26 23:00:00	0	0.19	0.188697	3.59286	0.000250957	0.00124667	0.00130261	0.176494	0.148348	0	0	0.0403494	0	0	0	0	0	0	370.35	218.999	0	-99.99	7.38694	7.17169	6.90015	11.4005	11.9724	13.144	18.8724	20.728	33.857	37.1269	37.1739	0.570547	0.600915	0.644864	2.63299	1.31592	0.230349	0.0680629	99	0	0
setup	0	2019-08-27 23:00:00	0	0.23	0.229674	3.66297	1.69858e-05	0.000250957	0.000326228	0.176521	0.152287	0	0	0.0773867	0	0	0	0	0	0	370.25	218.899	0	-99.99	7.27047	7.1145	6.93694	11.3948	11.9653	13.144	18.8725	20.7281	33.8571	37.127	37.174	0.586539	0.609605	0.638489	2.66264	1.32346	0.230346	0.0680626	99	0	0
setup	0	2019-08-28 23:00:00	0	1.08	1.08	3.59024	0	1.69858e-05	0	0.197816	0.149592	0	0	0.930408	0	0	0	0	0	0	370.983	219.629	0	-99.99	7.96057	7.46188	7.0174	11.3913	11.9604	13.1458	18.8744	20.7298	33.8583	37.1277	37.1748	0.504076	0.560761	0.625028	2.68142	1.3288	0.230305	0.0680585	99	0	0
setup	0	2019-08-29 23:00:00	0	0.55	0.55	3.55758	0	0	0	0.201246	0.148232	0	0	0.401768	0	0	0	0	0	0	371.184	219.828	0	-99.99	8.04783	7.62484	7.17339	11.3867	11.9544	13.1466	18.8751	20.7305	33.8588	37.1281	37.1751	0.495435	0.540724	0.60066	2.70637	1.33532	0.230288	0.0680568	99	0	0
setup	0	2019-08-30 23:00:00	0	0.58	0.58	3.61898	0	0	0	0.211015	0.150791	0	0	0.429209	0	0	0	0	0	0	371.402	220.044	0	-99.99	8.16031	7.75775	7.32625	11.3821	11.9484	13.1474	18.876	20.7312	33.8593	37.1284	37.1755	0.484769	0.525524	0.578756	2.73159	1.34192	0.230269	0.0680549	99	0	0
setup	0	2019-08-31 23:00:00	0	0.55	0.55	3.57063	0	0	0	0.213352	0.148776	0	0	0.401224	0	0	0	0	0	0	371.59	220.231	0	-99.99	8.24968	7.8731	7.46944	11.3776	11.9425	13.1481	18.8768	20.7319	33.8598	37.1288	37.1758	0.476651	0.513083	0.559795	2.75686	1.34849	0.230251	0.0680531	99	0	0
setup	0	2019-09-01 23:00:00	0	0.84	0.84	3.75241	0	0	0	0.238901	0.15635	0	0	0.68365	0	0	0	0	0	0	372.034	220.673	0	-99.99	8.58386	8.11784	7.63138	11.3736	11.9369	13.1494	18.8782	20.7331	33.8606	37.1294	37.1764	0.448784	0.488736	0.539954	2.78	1.35474	0.230221	0.0680501	99	0	0
setup	0	2019-09-02 23:00:00	0	0.78	0.78	3.70227	0	0	0	0.24709	0.154261	0	0	0.625739	0	0	0	0	0	0	372.413	221.05	0	-99.99	8.81937	8.34734	7.83277	11.3696	11.9314	13.1506	18.8794	20.7342	33.8614	37.1299	37.1769	0.431204	0.468117	0.517358	2.80344	1.36101	0.230194	0.0680474	99	0	0
setup	0	2019-09-03 23:00:00	0	0.27	0.27	3.55801	0	0	0	0.232138	0.14825	0	0	0.12175	0	0	0	0	0	0	372.303	220.939	0	-99.99	8.59935	8.32066	7.98696	11.3647	11.9251	13.1508	18.8797	20.7344	33.8616	37.13	37.177	0.447579	0.470415	0.501428	2.83271	1.36829	0.230188	0.0680469	99	0	0
setup	0	2019-09-04 23:00:00	0	0.14	0.14	3.65085	0	0	0	0.230811	0.14	0	0	0	0	0	0	0	0	0	372.072	220.708	0	-99.99	8.33997	8.20549	8.03559	11.3595	11.9183	13.1506	18.8797	20.7344	33.8616	37.13	37.177	0.46875	0.480628	0.496627	2.86499	1.37618	0.230188	0.0680469	99	0	0
setup	0	2019-09-05 23:00:00	0	0.12	0.12	3.37956	0	0	0	0.207721	0.12	0	0	0	0	0	0	0	0	0	371.864	220.5	0	-99.99	8.15325	8.09254	8.01683	11.3547	11.9121	13.1505	18.8797	20.7344	33.8616	37.13	37.177	0.485424	0.491133	0.498467	2.89534	1.38355	0.230188	0.0680469	99	0	0
setup	0	2019-09-06 23:00:00	0	0.22	0.22	3.57328	0	0	0	0.21429	0.148887	0	0	0.0711133	0	0	0	0	0	0	371.721	220.357	0	-99.99	8.05982	8.00729	7.95995	11.3498	11.9057	13.1506	18.8798	20.7346	33.8617	37.1301	37.1771	0.494273	0.499409	0.504139	2.92656	1.39117	0.230185	0.0680465	99	0	0
setup	0	2019-09-07 23:00:00	0	0.45	0.45	3.43436	0	0	0	0.209607	0.143098	0	0	0.306902	0	0	0	0	0	0	371.818	220.453	0	-99.99	8.19481	8.04138	7.92028	11.3458	11.9001	13.1511	18.8804	20.7351	33.8621	37.1303	37.1773	0.4816	0.496063	0.508181	2.95321	1.39787	0.230172	0.0680452	99	0	0
setup	0	2019-09-08 23:00:00	0	0.21	0.21	3.4226	0	0	0	0.204698	0.142608	0	0	0.0673917	0	0	0	0	0	0	371.681	220.316	0	-99.99	8.08204	7.98799	7.89471	11.3413	11.8941	13.1512	18.8805	20.7352	33.8621	37.1304	37.1774	0.492136	0.501325	0.510824	2.98368	1.40523	0.230169	0.0680449	99	0	0
setup	0	2019-09-09 23:00:00	0	0.16	0.16	3.53801	0	0	0	0.205818	0.147417	0	0	0.0125829	0	0	0	0	0	0	371.488	220.122	0	-99.99	7.932	7.89032	7.84533	11.3366	11.8878	13.1511	18.8806	20.7353	33.8622	37.1304	37.1774	0.50698	0.511282	0.516018	3.01646	1.41306	0.230168	0.0680448	99	0	0
setup	0	2019-09-10 23:00:00	0	2.21	2.21	3.52451	0	0	0	0.263593	0.146855	0	0	2.06315	0	0	0	0	0	0	373.287	221.915	0	-99.99	9.58524	8.83846	8.0609	11.3366	11.8862	13.1553	18.8847	20.7389	33.8647	37.1321	37.1792	0.383166	0.429846	0.494169	3.01586	1.41504	0.230077	0.0680358	99	0	0
setup	0	2019-09-11 23:00:00	0	0.2	0.2	3.58599	0	0	0	0.25804	0.149416	0	0	0.0505837	0	0	0	0	0	0	373.08	221.707	0	-99.99	9.16371	8.80389	8.34467	11.3321	11.88	13.1553	18.8848	20.739	33.8648	37.1322	37.1792	0.408058	0.432314	0.468346	3.0483	1.4228	0.230075	0.0680356	99	0	0
setup	0	2019-09-12 23:00:00	0	0.16	0.16	3.66673	0	0	0	0.254544	0.152781	0	0	0.00721948	0	0	0	0	0	0	372.832	221.46	0	-99.99	8.84775	8.67223	8.44767	11.3273	11.8737	13.1552	18.8848	20.739	33.8648	37.1322	37.1792	0.429188	0.442005	0.459696	3.08265	1.43092	0.230075	0.0680355	99	0	0
setup	0	2019-09-13 23:00:00	0	0.14	0.14	3.77028	0	0	0	0.254316	0.14	0	0	0	0	0	0	0	0	0	372.578	221.206	0	-99.99	8.60923	8.53229	8.43603	11.3225	11.8671	13.1551	18.8848	20.739	33.8648	37.1322	37.1792	0.446815	0.452848	0.460655	3.11876	1.4394	0.230075	0.0680355	99	0	0
setup	0	2019-09-14 23:00:00	0	0.14	0.14	3.81447	0	0	0	0.249321	0.14	0	0	0	0	0	0	0	0	0	372.329	220.956	0	-99.99	8.41883	8.39455	8.36572	11.3177	11.8605	13.155	18.8848	20.739	33.8648	37.1322	37.1792	0.462082	0.464112	0.466549	3.15583	1.44806	0.230075	0.0680355	99	0	0
setup	0	2019-09-15 23:00:00	0	0.16	0.16	3.78348	0	0	0	0.238649	0.157645	0	0	0.00235506	0	0	0	0	0	0	372.092	220.72	0	-99.99	8.26106	8.2634	8.26876	11.3129	11.854	13.1549	18.8848	20.739	33.8648	37.1322	37.1792	0.475639	0.475432	0.474957	3.19287	1.45666	0.230075	0.0680355	99	0	0
setup	0	2019-09-16 23:00:00	0	0.07	0.07	3.71228	0	0	0	0.232611	0.07	0	0	0	0	0	0	0	0	0	371.86	220.487	0	-99.99	8.11331	8.13417	8.16613	11.3083	11.8475	13.1548	18.8848	20.739	33.8648	37.1322	37.1792	0.489163	0.487202	0.484231	3.23063	1.46538	0.230075	0.0680355	99	0	0
setup	0	2019-09-17 23:00:00	0	0.05	0.05	3.60618	0	0	0	0.220444	0.05	0	0	0	0	0	0	0	0	0	371.639	220.267	0	-99.99	7.97397	8.01168	8.06816	11.3038	11.8412	13.1547	18.8848	20.739	33.8648	37.1322	37.1792	0.502728	0.498975	0.493469	3.26799	1.47396	0.230075	0.0680355	99	0	0
setup	0	2019-09-18 23:00:00	0	0.04	0.04	3.66429	0	0	0	0.218095	0.04	0	0	0	0	0	0	0	0	0	371.421	220.049	0	-99.99	7.83676	7.89048	7.97055	11.2992	11.8348	13.1545	18.8848	20.739	33.8648	37.1322	37.1792	0.516931	0.511265	0.503072	3.30659	1.48277	0.230075	0.0680355	99	0	0
setup	0	2019-09-19 23:00:00	0	0.04	0.04	3.6106	0	0	0	0.208566	0.04	0	0	0	0	0	0	0	0	0	371.213	219.84	0	-99.99	7.7062	7.77456	7.87654	11.2948	11.8285	13.1544	18.8848	20.739	33.8648	37.1322	37.1792	0.531306	0.523669	0.512722	3.34512	1.49152	0.230075	0.0680355	99	0	0
setup	0	2019-09-20 23:00:00	0	0.01	0.01	3.57788	0	0	0	0.202349	0.01	0	0	0	0	0	0	0	0	0	371.01	219.638	0	-99.99	7.58014	7.6621	7.78471	11.2905	11.8223	13.1543	18.8848	20.739	33.8648	37.1322	37.1792	0.54606	0.536364	0.522556	3.38414	1.50033	0.230075	0.0680355	99	0	0
setup	0	2019-09-21 23:00:00	0	0.02	0.02	3.70066	0	0	0	0.202595	0.02	0	0	0	0	0	0	0	0	0	370.808	219.435	0	-99.99	7.45456	7.54952	7.69214	11.2861	11.816	13.1542	18.8848	20.739	33.8648	37.1322	37.1792	0.561701	0.549783	0.532906	3.42493	1.50948	0.230075	0.0680355	99	0	0
setup	0	2019-09-22 23:00:00	0	0.25	0.25	3.61373	0	0	0	0.188459	0.150572	0	0	0.099428	0	0	0	0	0	0	370.719	219.346	0	-99.99	7.43364	7.44697	7.60728	11.2822	11.8102	13.1543	18.885	20.7392	33.8649	37.1323	37.1793	0.564405	0.562679	0.542806	3.46162	1.51783	0.23007	0.0680351	99	0	0
setup	0	2019-09-23 23:00:00	0	0.55	0.55	3.63167	0	0	0	0.197235	0.151319	0	0	0.398681	0	0	0	0	0	0	370.92	219.546	0	-99.99	7.70185	7.54649	7.52475	11.279	11.8052	13.155	18.8858	20.7399	33.8654	37.1326	37.1796	0.5318	0.550154	0.552837	3.49213	1.52526	0.230053	0.0680334	99	0	0
setup	0	2019-09-24 23:00:00	0	0.72	0.72	3.70557	0	0	0	0.213805	0.154399	0	0	0.565601	0	0	0	0	0	0	371.272	219.896	0	-99.99	8.06091	7.75214	7.5233	11.2763	11.8005	13.1561	18.8869	20.7408	33.8661	37.1331	37.1801	0.494168	0.526147	0.553017	3.51968	1.53231	0.230028	0.0680309	99	0	0
setup	0	2019-09-25 23:00:00	0	0.47	0.47	3.75329	0	0	0	0.219422	0.156387	0	0	0.313613	0	0	0	0	0	0	371.366	219.989	0	-99.99	8.11957	7.8418	7.57209	11.2729	11.7951	13.1566	18.8875	20.7414	33.8665	37.1333	37.1804	0.488573	0.516394	0.547034	3.55358	1.54033	0.230015	0.0680295	99	0	0
setup	0	2019-09-26 23:00:00	0	3.15	3.15	3.63655	0	0	0	0.3009	0.151523	0	0	2.99848	0	0	0	0	0	0	374.064	222.676	0	-99.99	10.4312	9.36936	8.09158	11.2759	11.7962	13.1628	18.8935	20.7467	33.8703	37.1359	37.1829	0.341956	0.395486	0.491225	3.52316	1.53876	0.229883	0.0680164	99	0	0
setup	0	2019-09-27 23:00:00	0	0.76	0.76	3.53739	0	0	0	0.296381	0.147391	0	0	0.612609	0	0	0	0	0	0	374.38	222.99	0	-99.99	10.2719	9.60383	8.73161	11.2736	11.7921	13.1639	18.8947	20.7478	33.871	37.1364	37.1834	0.34897	0.382144	0.437575	3.54647	1.54498	0.229856	0.0680137	99	0	0
setup	0	2019-09-28 23:00:00	0	0.13	0.129265	3.80552	0	0	0.000735476	0.30724	0.129265	0	0	0	0	0	0	0	0	0	374.073	222.683	0	-99.99	9.74746	9.43133	8.95432	11.4666	11.7861	13.1638	18.8947	20.7478	33.871	37.1364	37.1834	0.374444	0.391861	0.421796	2.33656	1.55411	0.229856	0.0680137	99	0	0
setup	0	2019-09-29 23:00:00	0	0.04	0.0390714	3.85332	2.59646e-07	0	0.000928581	0.306231	0.0390714	0	0	0	0	0	0	0	0	0	373.767	222.377	0	-99.99	9.38721	9.22481	8.96059	11.5571	11.78	13.1637	18.8947	20.7478	33.871	37.1364	37.1834	0.394434	0.404232	0.42137	2.03434	1.56367	0.229856	0.0680137	99	0	0
setup	0	2019-09-30 23:00:00	0	0.85	0.848833	3.8766	5.18452e-07	2.59646e-07	0.00116699	0.311054	0.160358	0	0	0.688475	0	0	0	0	0	0	374.144	222.752	0	-99.99	9.70981	9.3775	8.99643	11.6033	11.7756	13.1651	18.8961	20.749	33.8719	37.137	37.184	0.37643	0.395005	0.418952	1.91148	1.57053	0.229825	0.0680106	99	0	0
setup	0	2019-10-01 23:00:00	0	4.59	4.58883	3.76141	4.29236e-07	5.18452e-07	0.00116699	0.431909	0.155558	0	0	4.43327	0	0	0	0	0	0	378.145	226.738	0	-99.99	12.8773	11.6629	9.87384	11.991	11.7802	13.1743	18.905	20.7569	33.8775	37.1408	37.1878	0.262445	0.296423	0.367943	1.29659	1.56334	0.229629	0.0679909	99	0	0
setup	0	2019-10-02 23:00:00	0	1.69	1.68854	3.76889	8.43485e-07	4.29236e-07	0.00145985	0.45274	0.155577	0	0	1.53296	0	0	0	0	0	0	379.226	227.813	0	-99.99	12.9993	12.1223	10.5845	12.7096	11.7872	13.1775	18.9082	20.7597	33.8795	37.1422	37.1891	0.259472	0.282542	0.335487	0.845696	1.55239	0.229559	0.0679839	99	0	0
setup	0	2019-10-03 23:00:00	0	3.79	3.78818	3.48414	1.42742e-06	8.43485e-07	0.00181779	0.497146	0.143355	0	0	3.64483	0	0	0	0	0	0	382.373	230.947	0	-99.99	14.7489	13.6255	11.6065	13.6034	12.0222	13.1853	18.9158	20.7664	33.8843	37.1454	37.1923	0.223259	0.245229	0.298224	0.60747	1.2655	0.229392	0.0679672	99	0	0
setup	0	2019-10-04 23:00:00	0	1.43	1.42775	3.53352	2.7073e-06	1.42741e-06	0.00225307	0.507138	0.144977	0	0	1.28277	0	0	0	0	0	0	383.149	231.718	0	-99.99	14.4452	13.6365	12.0583	14.3542	12.3564	13.1881	18.9185	20.7688	33.886	37.1466	37.1935	0.228803	0.244994	0.284392	0.497105	1.01403	0.229333	0.0679612	99	0	0
setup	0	2019-10-05 23:00:00	0	6.08	6.07444	3.42387	4.7315e-06	2.7073e-06	0.00555944	0.587548	0.279762	0	0	5.79468	0	0	0	0	0	0	388.356	236.904	0	-99.99	17.3447	16.0844	13.6543	15.7053	12.7781	13.2009	18.9309	20.7798	33.8938	37.1518	37.1987	0.184681	0.201693	0.244613	0.379403	0.820004	0.229061	0.067934	99	0	0
setup	0	2019-10-06 23:00:00	0	0.72	0.716586	3.36841	8.15221e-06	4.7315e-06	0.00341368	0.577037	0.136937	0	0	0.57965	0	0	0	0	0	0	388.359	236.905	0	-99.99	16.1143	15.3726	13.7972	16.4421	13.3495	13.2022	18.9321	20.7809	33.8946	37.1524	37.1992	0.201256	0.212661	0.241596	0.337356	0.658649	0.229034	0.0679311	99	0	0
setup	0	2019-10-07 23:00:00	0	0.37	0.365827	3.41948	1.63322e-05	8.15221e-06	0.00417291	0.55751	0.138305	0	0	0.227522	0	0	0	0	0	0	388.029	236.574	0	-99.99	15.1583	14.6587	13.5617	16.5633	13.8843	13.2026	18.9326	20.7813	33.8949	37.1526	37.1995	0.21619	0.224878	0.246606	0.331375	0.560238	0.229023	0.06793	99	0	0
setup	0	2019-10-08 23:00:00	0	8.13	8.11984	3.57553	3.22848e-05	1.63322e-05	0.010155	0.720819	0.287805	0	0	7.83204	0	0	0	0	0	0	395.14	243.655	0	-99.99	19.1979	18.0256	15.6635	18.2315	14.3946	13.3587	18.95	20.7967	33.9058	37.16	37.2068	0.163925	0.176542	0.208043	0.267156	0.492413	0.228644	0.0678919	99	0	0
setup	0	2019-10-09 23:00:00	0	13.85	13.8316	3.56022	5.44851e-05	3.22848e-05	0.0184492	0.869342	0.426575	0	0	13.405	0	0	0	0	0	0	407.675	256.137	0	-99.99	21.585	21.5753	20.656	24.9184	16.6324	13.7003	18.9813	20.8244	33.9255	37.1733	37.2201	0.142424	0.142502	0.150224	0.149619	0.328069	0.227962	0.0678228	99	0	0
setup	0	2019-10-10 23:00:00	0	7.73	7.71517	3.49418	8.71237e-05	5.44851e-05	0.0148282	0.937376	0.276349	0	0	7.43882	0	0	0	0	0	0	414.177	262.606	0	-99.99	22.3088	22.1197	21.3141	26.4665	19.8983	14.7545	19.0001	20.841	33.9373	37.1813	37.228	0.136766	0.138211	0.144632	0.134689	0.224264	0.227557	0.0677815	99	0	0
setup	0	2019-10-11 23:00:00	0	6.68	6.66221	3.49636	0.000150155	8.71237e-05	0.0177945	0.967187	0.273561	0	0	6.38864	0	0	0	0	0	0	419.598	267.998	0	-99.99	21.8818	21.8891	21.8896	27.8793	22.6029	16.8186	19.0327	20.8559	33.9479	37.1885	37.2351	0.140063	0.140005	0.140001	0.122868	0.177497	0.226854	0.0677443	99	0	0
setup	0	2019-10-12 23:00:00	0	20.72	20.6669	3.48279	0.000261506	0.000150155	0.0531393	0.871556	0.67241	0	0	19.9945	0	0	0	0	0	0	438.721	287.022	0	-99.99	22.5002	22.6036	22.7068	29.8243	29.0824	23.8235	23.5401	21.1686	33.9839	37.2129	37.2593	0.135325	0.134556	0.133794	0.108672	0.113845	0.157884	0.0676184	99	0	0
setup	0	2019-10-13 23:00:00	0	7.02	6.99473	3.45872	0.000404303	0.000261506	0.0252733	1.01683	0.262932	0	0	6.73179	0	0	0	0	0	0	444.436	292.699	0	-99.99	21.9151	21.8585	22.6474	29.5861	29.2316	25.6994	26.3472	22.7801	33.9977	37.2223	37.2687	0.139801	0.140246	0.134232	0.110304	0.112783	0.130992	0.0675699	99	0	0
setup	0	2019-10-14 23:00:00	0	3.7	3.68504	3.48713	0.000705783	0.000404303	0.014956	1.04189	0.130324	0	0	3.55472	0	0	0	0	0	0	446.948	295.19	0	-99.99	21.8926	21.9706	21.9966	29.1363	28.6898	25.5982	27.297	24.2595	34.0054	37.2275	37.2738	0.139977	0.139367	0.139165	0.11346	0.116698	0.123393	0.0675429	99	0	0
setup	0	2019-10-15 23:00:00	0	0.16	0.142381	3.39311	0.00108186	0.000705783	0.0176194	0.981953	0.123731	0	0	0.0186499	0	0	0	0	0	0	445.984	294.226	0	-99.99	21.3605	21.5265	21.6661	28.5936	27.637	24.8877	27.175	25.0002	34.0055	37.2275	37.2739	0.144251	0.142897	0.141773	0.11741	0.124793	0.124336	0.0675427	99	0	0
setup	0	2019-10-16 23:00:00	0	2.77	2.74934	3.46347	0.00192057	0.00108186	0.0206615	1.00095	0.123605	0	0	2.62573	0	0	0	0	0	0	447.608	295.834	0	-99.99	21.4254	21.4337	21.4487	28.208	27.6279	25.0736	27.4534	25.5434	34.0113	37.2314	37.2778	0.143719	0.143651	0.143528	0.120317	0.124866	0.122199	0.0675225	99	0	0
setup	0	2019-10-17 23:00:00	0	5.45	5.40177	3.49014	0.00286011	0.00192057	0.0482346	0.987913	0.24245	0	0	5.15932	0	0	0	0	0	0	451.777	299.972	0	-99.99	21.7605	21.7993	21.7895	28.4393	28.2146	25.8474	28.1841	26.1492	34.0228	37.2393	37.2856	0.14102	0.140713	0.14079	0.118563	0.120267	0.116807	0.0674819	99	0	0
setup	0	2019-10-18 23:00:00	0	12.34	12.2559	3.42056	0.00432722	0.00286011	0.0840644	0.941773	0.343148	0	0	11.9128	0	0	0	0	0	0	462.745	310.862	0	-99.99	21.5043	21.7873	22.6852	29.8002	29.7408	28.283	31.2385	27.8463	34.0513	37.2586	37.3047	0.143076	0.140808	0.133953	0.108836	0.109241	0.0969946	0.0673822	99	0	0
setup	0	2019-10-19 23:00:00	0	2.51	2.47759	3.40172	0.00644748	0.00432722	0.0324076	1.00637	0.10915	0	0	2.36844	0	0	0	0	0	0	464.103	312.202	0	-99.99	21.6554	21.7038	22.1471	29.4509	29.3201	27.869	31.2014	28.9319	34.1177	37.2629	37.309	0.141858	0.141472	0.138001	0.111242	0.112158	0.0972136	0.0673601	99	0	0
setup	0	2019-10-20 23:00:00	0	1.38	1.34269	3.48437	0.010817	0.00644748	0.0373078	1.01576	0.107606	0	0	1.23509	0	0	0	0	0	0	464.316	312.406	0	-99.99	21.3611	21.4026	21.706	29.1186	28.8655	27.4992	31.0049	29.3509	34.6519	37.2651	37.3112	0.144246	0.143906	0.141454	0.113587	0.115411	0.0983838	0.0673483	99	0	0
setup	0	2019-10-21 23:00:00	0	1.09	1.04725	3.63022	0.0178896	0.010817	0.042751	1.03774	0.108057	0	0	0.939192	0	0	0	0	0	0	464.207	312.29	0	-99.99	20.9832	21.0327	21.2711	28.7269	28.5156	27.3237	30.948	29.5769	35.2361	37.2669	37.313	0.147403	0.146983	0.144988	0.116425	0.11799	0.0987247	0.0673394	99	0	0
setup	0	2019-10-22 23:00:00	0	2.31	2.26124	3.67624	0.0272832	0.0178896	0.0487627	1.05117	0.103669	0	0	2.15757	0	0	0	0	0	0	465.295	313.362	0	-99.99	21.2774	21.2717	21.2707	28.2077	28.3003	27.339	31.0643	29.8113	35.7584	37.2708	37.3169	0.144936	0.144983	0.144991	0.12032	0.119613	0.0980284	0.0673189	99	0	0
setup	0	2019-10-23 23:00:00	0	3.46	3.40464	3.63631	0.0359404	0.0272832	0.0553636	1.04618	0.0950126	0	0	3.30962	0	0	0	0	0	0	467.531	315.573	0	-99.99	21.419	21.4036	21.3878	28.387	28.3448	27.6233	31.4428	30.15	36.2345	37.277	37.323	0.143771	0.143898	0.144027	0.118956	0.119276	0.0957933	0.067287	99	0	0
setup	0	2019-10-24 23:00:00	0	3.98	3.91743	3.47896	0.0471973	0.0359404	0.0625686	1.00857	0.0808907	0	0	3.83654	0	0	0	0	0	0	470.323	318.335	0	-99.99	21.6169	21.5726	21.5352	28.4444	28.3631	27.9411	31.9626	30.6292	36.6051	37.2844	37.3304	0.142168	0.142524	0.142826	0.118524	0.119137	0.0927935	0.067249	99	0	0
setup	0	2019-10-25 23:00:00	0	24.86	24.5081	3.4741	0.0670321	0.0471973	0.351927	0.87218	0.362011	0	0	24.1461	0	0	0	0	0	0	493.55	341.351	0	-99.99	21.9482	21.938	21.9759	29.8114	29.9008	29.9044	34.8212	37.1563	38.6002	37.3367	37.3823	0.139543	0.139622	0.139326	0.108759	0.108154	0.0774342	0.0669788	99	0	0
setup	0	2019-10-26 23:00:00	0	4.93	4.85119	3.40269	0.0837906	0.0670321	0.0788143	1.00082	0.0601715	0	0.000685868	4.79101	0	0	0	0	0	0	497.273	344.515	0	-99.99	21.4196	21.4477	22.0217	28.818	29.7378	29.7457	34.5946	34.6605	41.9127	38.4845	37.7574	0.143767	0.143537	0.138969	0.115757	0.109262	0.0785961	0.0610738	99	0	0
setup	0	2019-10-27 23:00:00	0	5.9	5.72431	3.48188	0.127756	0.0837906	0.175692	0.970667	0.107482	0	0.0108763	5.61683	0	0	0	0	0	0	501.824	347.3	0	-99.99	21.6728	21.6983	21.9565	28.6584	29.377	29.6313	34.5209	34.562	42.5804	39.874	38.6771	0.14172	0.141516	0.139477	0.116929	0.111758	0.0789755	0.053876	99	0	0
setup	0	2019-10-28 23:00:00	0	13.32	13.0276	3.43496	0.171117	0.127756	0.292385	0.917704	0.121016	0	0.0315396	12.9066	0	0	0	0	0	0	513.654	355.875	0	-99.99	21.6082	21.6249	22.7244	29.7808	29.8877	29.8117	34.5689	34.6715	43.6384	42.5682	40.2398	0.142237	0.142103	0.133665	0.108968	0.108242	0.0787282	0.0387958	99	0	0
setup	0	2019-10-29 23:00:00	0	4.02	3.91237	3.50718	0.224072	0.171117	0.107632	1.00004	0.0313707	0	0.0709403	3.881	0	0	0	0	0	0	516.292	354.563	0	-99.99	21.3177	22.0528	22.0935	29.3408	29.7293	29.6865	34.5588	34.6047	43.5801	42.5221	41.3469	0.144603	0.138729	0.138413	0.112013	0.10932	0.0787803	0.0390806	99	0	0
setup	0	2019-10-30 23:00:00	0	7.43	7.19337	3.4357	0.274015	0.224072	0.236632	0.940707	0.0310044	0	0.0970282	7.16236	0	0	0	0	0	0	522.193	356.374	0	-99.99	22.3792	22.3826	22.3812	29.2145	29.6314	29.5804	34.4639	34.5647	43.7766	43.2242	42.3916	0.136234	0.136208	0.136218	0.112904	0.109991	0.0792696	0.0345574	99	0	0
setup	0	2019-10-31 23:00:00	0	0.97	0.840539	3.48514	0.394621	0.274015	0.129461	0.953202	0.00433557	0	0.0947947	0.836203	0	0	0	0	0	0	521.707	354.164	0	-99.99	21.8406	21.9072	21.9983	28.9579	29.4932	29.5241	34.448	34.5523	43.5059	42.9263	42.262	0.140387	0.139863	0.139151	0.114741	0.110948	0.0793517	0.0365295	99	0	0
setup	0	2019-11-01 23:00:00	0	0.48	0.338996	3.49252	0.505065	0.382696	0.141004	0.898328	0	0	0.0632922	0.338996	0	0	0	0	0	0	520.702	352.178	0	-99.99	21.1971	21.3773	21.5897	28.6545	29.3342	29.472	34.4133	34.5407	43.3956	42.689	42.142	0.145603	0.144113	0.142386	0.116958	0.112059	0.0795311	0.0380424	99	0	0
setup	0	2019-11-02 23:00:00	0	0.31	0.157131	3.41576	0.612392	0.48402	0.152869	0.825595	0	0	0.0419795	0.157131	0	0	0	0	0	0	519.507	350.205	0	-99.99	20.5978	20.8624	21.1865	28.3755	29.1684	29.4129	34.3951	34.5268	43.1481	42.5421	42.1213	0.150735	0.148435	0.145691	0.119043	0.113231	0.0796254	0.0389575	99	0	0
setup	0	2019-11-03 23:00:00	0	0.52	0.355032	3.46343	0.772239	0.586876	0.164968	0.794152	0	0	0.0296705	0.355032	0	0	0	0	0	0	518.452	348.543	0	-99.99	20.3782	20.4319	20.7707	28.0804	28.9874	29.3406	34.3728	34.4305	42.9692	42.4584	42.1311	0.152687	0.152206	0.149225	0.121299	0.114528	0.0797408	0.0394718	99	0	0
setup	0	2019-11-04 23:00:00	0	0.54	0.362794	3.50236	0.960998	0.740062	0.177206	0.745274	0	0	0.0218344	0.362794	0	0	0	0	0	0	517.307	346.922	0	-99.99	20.0759	20.1134	20.3353	27.7615	28.7841	29.2487	34.3442	34.3361	42.8378	42.4109	42.1529	0.155442	0.155096	0.153073	0.123798	0.116005	0.0798888	0.0397616	99	0	0
setup	0	2019-11-05 23:00:00	0	0.31	0.120526	3.55535	1.17832	0.920957	0.189474	0.688321	0	0	0.0165436	0.120526	0	0	0	0	0	0	515.802	345.039	0	-99.99	19.5271	19.5862	19.873	27.412	28.5527	29.1324	34.2924	34.2447	42.7393	42.3837	42.1779	0.160655	0.16008	0.157336	0.126616	0.117714	0.0801576	0.0399268	99	0	0
setup	0	2019-11-06 23:00:00	0	1.61	1.40834	3.60486	1.41975	1.12923	0.201659	0.644333	0	0	0.0128009	1.40834	0	0	0	0	0	0	515.424	344.349	0	-99.99	19.8635	19.816	19.7751	27.0386	28.2965	28.9922	34.2115	34.162	42.6649	42.3701	42.2046	0.157427	0.157876	0.158264	0.129722	0.119642	0.0805779	0.0400093	99	0	0
setup	0	2019-11-07 23:00:00	0	3.43	3.21636	3.56483	1.58995	1.36059	0.213638	0.588012	0	0	0.010058	3.21636	0	0	0	0	0	0	516.682	345.342	0	-99.99	20.9853	20.8994	20.7849	27.0798	28.0247	28.8316	34.1267	34.0838	42.6079	42.3655	42.2319	0.147385	0.148117	0.149102	0.129374	0.121731	0.08102	0.0400372	99	0	0
setup	0	2019-11-08 23:00:00	0	0.35	0.124713	3.56341	1.76056	1.5237	0.225287	0.519185	0	0	0.00801903	0.124713	0	0	0	0	0	0	514.756	343.217	0	-99.99	20.2232	20.2549	20.3019	26.6755	27.7244	28.6453	34.0395	34.0066	42.557	42.3598	42.2516	0.154089	0.153801	0.153375	0.132844	0.124094	0.081476	0.0400717	99	0	0
setup	0	2019-11-09 23:00:00	0	1.12	0.883523	3.52337	2.02747	1.67099	0.236477	0.456785	0	0	0.00643784	0.883523	0	0	0	0	0	0	513.505	341.801	0	-99.99	20.0448	20.0238	20.0095	26.24	27.4089	28.4413	33.9557	33.9341	42.5133	42.3561	42.2689	0.155729	0.155925	0.156057	0.136731	0.126641	0.0819151	0.0400943	99	0	0
setup	0	2019-11-10 23:00:00	0	3.46	3.21292	3.65192	2.33326	1.91576	0.247079	0.436054	0	0	0.00517132	3.21292	0	0	0	0	0	0	514.361	342.511	0	-99.99	20.9576	20.8171	20.5776	26.696	27.0775	28.2193	33.8766	33.8669	42.4761	42.3549	42.2856	0.14762	0.148824	0.150913	0.132665	0.129394	0.0823307	0.0401015	99	0	0
setup	0	2019-11-11 23:00:00	0	3.72	3.46303	3.59954	2.56727	2.18181	0.256968	0.346953	0	0	0.00413734	3.46303	0	0	0	0	0	0	515.291	343.32	0	-99.99	21.266	21.2412	21.1605	27.5051	27.1884	27.9751	33.7972	33.8035	42.4418	42.353	42.2991	0.145031	0.145236	0.145908	0.125857	0.128463	0.0827497	0.0401131	99	0	0
setup	0	2019-11-12 23:00:00	0	7.15	6.73998	3.4559	2.46668	2.26834	0.410017	0.240827	0	0	0.0032655	6.73998	0	0	0	0	0	0	519.519	347.43	0	-99.99	21.4391	21.4478	21.6106	28.2028	28.3122	28.7038	34.4884	34.2302	42.4557	42.3566	42.3145	0.143607	0.143536	0.142218	0.120357	0.119523	0.0791429	0.0400911	99	0	0
setup	0	2019-11-13 23:00:00	0	6.39	5.97201	3.45269	2.53275	2.17194	0.417987	0.265669	0	0	0.00307969	5.97201	0	0	0	0	0	0	523.05	350.577	0	-99.99	21.5917	21.6065	21.5977	28.1582	28.0452	28.247	34.6319	34.6157	43.5132	42.8328	42.5219	0.14237	0.142251	0.142322	0.120699	0.121572	0.0784042	0.0371316	99	0	0
setup	0	2019-11-14 23:00:00	0	11.13	10.5712	3.332	2.33845	2.11063	0.558841	0.207967	0	0	0.0298106	10.5712	0	0	0	0	0	0	531.273	356.082	0	-99.99	21.9668	22.2512	22.3718	29.4847	29.4347	29.0138	34.6181	34.6008	43.8586	43.697	43.534	0.139397	0.137204	0.13629	0.111007	0.111355	0.0784748	0.0312162	99	0	0
setup	0	2019-11-15 23:00:00	0	5.88	5.44267	3.60607	3.31857	2.05957	0.437329	0.344727	0	0	2.35729	5.44267	0	0	0	0	0	0	531.954	354.012	0	-99.99	21.3773	21.4075	22.0651	28.8377	29.0677	29.0128	34.4778	34.5727	43.7105	43.6964	43.6599	0.144113	0.143865	0.138633	0.115613	0.113951	0.079198	0.0312205	99	0	0
setup	0	2019-11-16 23:00:00	0	1.36	1.06825	3.60461	3.41482	3.05065	0.291753	0.0776188	0	0	1.10949	1.06825	0	0	0	0	0	0	528.784	350.816	0	-99.99	20.3093	20.4434	21.2137	28.1263	28.5498	28.6632	34.2633	34.5052	43.4865	43.6927	43.685	0.153307	0.152103	0.145464	0.120945	0.117736	0.0803085	0.031248	99	0	0
setup	0	2019-11-17 23:00:00	0	4.02	3.72486	3.46087	3.32454	3.12544	0.29514	0.0120679	0	0	0.554693	3.72486	0	0	0	0	0	0	528.817	350.826	0	-99.99	21.0225	21.0037	20.9895	27.9654	28.0345	28.3003	34.4696	34.4695	43.7371	43.7085	43.6967	0.147069	0.147228	0.147349	0.122193	0.121655	0.0792401	0.0311309	99	0	0
setup	0	2019-11-18 23:00:00	0	7.44	6.99603	3.5226	3.44121	2.90898	0.443966	0.0521014	0	0	3.32743	6.99603	0	0	0	0	0	0	529.524	351.517	0	-99.99	21.33	21.3677	21.6743	28.3281	28.1692	28.1724	34.5942	34.4972	43.4811	43.7124	43.707	0.144502	0.144192	0.141707	0.119402	0.120615	0.0785981	0.0311017	99	0	0
setup	0	2019-11-19 23:00:00	0	3.81	3.51212	3.47195	3.3546	3.14718	0.297877	0.00799722	0	0	1.66312	3.51212	0	0	0	0	0	0	528.218	350.2	0	-99.99	20.6919	20.9233	20.9598	27.5946	28.3501	28.1168	34.5027	34.4795	43.5475	43.7154	43.7123	0.14991	0.147912	0.147601	0.125134	0.119235	0.0790693	0.0310793	99	0	0
setup	0	2019-11-20 23:00:00	0	3.59	3.29212	3.46344	3.37221	3.07033	0.297877	0.0283213	0	0	0	3.29212	0	0	0	0	0	0	528.412	350.361	0	-99.99	20.9896	20.9937	21.0037	27.736	27.909	28.6777	34.3234	34.4147	43.8273	43.753	43.7291	0.147348	0.147313	0.147228	0.124002	0.122635	0.0799966	0.0307985	99	0	0
setup	0	2019-11-21 23:00:00	0	1.77	1.47212	3.60074	3.45777	3.09337	0.297877	0.0615287	0	0	0	1.47212	0	0	0	0	0	0	526.729	348.638	0	-99.99	20.7075	20.7148	20.7313	27.1788	27.4194	28.3159	34.2057	34.3468	43.7829	43.7596	43.7434	0.149774	0.14971	0.149567	0.128544	0.126555	0.0806082	0.0307492	99	0	0
setup	0	2019-11-22 23:00:00	0	3.91	3.61212	3.47272	3.37224	3.16176	0.297877	0.00390999	0	0	0	3.61212	0	0	0	0	0	0	527.175	349.058	0	-99.99	21.1114	21.1092	21.1121	27.7053	27.4255	27.9651	34.0905	34.2807	43.7628	43.7564	43.748	0.146319	0.146339	0.146314	0.124246	0.126505	0.0812093	0.0307738	99	0	0
setup	0	2019-11-23 23:00:00	0	5.94	5.50407	3.31329	2.84454	2.87736	0.435931	0	0	0	0	5.50407	0	0	0	0	0	0	529.802	351.666	0	-99.99	21.2537	21.5173	21.514	28.2256	28.2318	28.6621	34.4768	34.4475	43.7513	43.7539	43.7503	0.145132	0.142971	0.142998	0.120182	0.120136	0.0792031	0.0307923	99	0	0
setup	0	2019-11-24 23:00:00	0	9.08	8.63799	3.45915	3.10533	2.48897	0.442009	0.164476	0	0	3.32713	8.63799	0	0	0	0	0	0	532.459	354.296	0	-99.99	21.9633	22.1335	22.2782	29.1419	28.8171	28.4957	34.6269	34.4981	43.8257	43.7748	43.761	0.139425	0.138105	0.136998	0.11342	0.115763	0.0784299	0.0306351	99	0	0
setup	0	2019-11-25 23:00:00	0	10.03	9.56157	3.37337	2.94123	2.68157	0.468434	0.0697116	0	0	4.99129	9.56157	0	0	0	0	0	0	534.278	356.079	0	-99.99	21.9571	22.1245	22.2662	29.3807	29.5502	29.5865	34.5452	34.6196	43.6517	43.7762	43.7715	0.139472	0.138174	0.13709	0.111732	0.110552	0.0788503	0.0306243	99	0	0
setup	0	2019-11-26 23:00:00	0	6.9	6.45951	3.42273	3.01375	2.57358	0.440491	0.127903	0	0	4.99202	6.45951	0	0	0	0	0	0	533.044	354.812	0	-99.99	21.1823	21.3339	22.099	28.8096	29.0391	29.2869	34.6349	34.5879	43.8609	43.7954	43.7817	0.145726	0.14447	0.138371	0.115818	0.114156	0.0783888	0.03048	99	0	0
setup	0	2019-11-27 23:00:00	0	2.75	2.45212	3.48441	3.48036	2.76261	0.297877	0.126893	0	0	2.21887	2.45212	0	0	0	0	0	0	530.388	352.129	0	-99.99	20.8849	20.9401	21.2494	28.1655	28.5132	28.932	34.3302	34.5259	43.816	43.8015	43.7914	0.148241	0.147769	0.145168	0.120643	0.118009	0.0799616	0.0304335	99	0	0
setup	0	2019-11-28 23:00:00	0	0.38	0.0821225	3.48988	3.30438	3.18367	0.297877	0.00238849	0	0	0.00039497	0.0821225	0	0	0	0	0	0	527.284	349.012	0	-99.99	19.8086	19.9724	20.4168	27.4573	27.9854	28.5465	34.2058	34.4534	43.7981	43.7976	43.7927	0.157945	0.156404	0.152341	0.126246	0.122037	0.0806077	0.0304628	99	0	0
setup	0	2019-11-29 23:00:00	0	1.46	1.16212	3.54105	3.43467	3.02901	0.297877	0.0603784	0	0	0.000348748	1.16212	0	0	0	0	0	0	525.356	347.077	0	-99.99	19.7223	19.7291	19.748	26.7901	27.4858	28.1824	34.087	34.3841	43.7837	43.7939	43.7918	0.158768	0.158703	0.158522	0.131847	0.126015	0.0812273	0.0304907	99	0	0
setup	0	2019-11-30 23:00:00	0	11.03	10.4421	3.47973	3.18594	2.85621	0.587855	0.0110613	0	0	1.11032	10.4421	0	0	0	0	0	0	531.821	353.518	0	-99.99	21.7501	21.988	22.0047	28.9261	28.548	28.3811	34.5387	34.4295	43.891	43.8148	43.7998	0.141103	0.139231	0.139101	0.114971	0.117749	0.0788839	0.0303326	99	0	0
setup	0	2019-12-01 23:00:00	0	16.5	15.7689	3.46586	3.1533	2.5222	0.73111	0.068223	0	0	9.99886	15.7689	0	0	0	0	0	0	535	356.625	0	-99.99	21.6184	21.724	22.6634	29.5759	29.5728	29.4262	34.6658	34.8971	43.5727	43.8231	43.819	0.142155	0.141311	0.134114	0.110374	0.110395	0.0782299	0.0302692	99	0	0
setup	0	2019-12-02 23:00:00	0	6.857	6.43225	3.04494	2.15994	2.62019	0.42475	0	0	0	5.00171	6.43225	0	0	0	0	0	0	533.811	355.413	0	-99.99	21.4153	21.4396	22.0165	28.738	29.1319	29.2343	34.7373	34.7406	43.8343	43.8196	43.8203	0.143801	0.143603	0.13901	0.116343	0.113492	0.0778635	0.030296	99	0	0
setup	0	2019-12-03 23:00:00	0	1.208	0.910123	3.12996	2.33946	1.97995	0.297877	0.254712	0	0	1.11183	0.910123	0	0	0	0	0	0	531.374	352.974	0	-99.99	20.774	20.8357	21.3978	28.2444	28.764	28.9993	34.5627	34.6804	43.6137	43.8195	43.8191	0.149197	0.148664	0.143945	0.120039	0.116152	0.0787599	0.0302967	99	0	0
setup	0	2019-12-04 23:00:00	0	2.774	2.47612	3.27434	2.50157	2.1445	0.297877	0.249097	0	0	0.556015	2.47612	0	0	0	0	0	0	530.901	352.486	0	-99.99	21.0565	21.0412	21.0306	28.2957	28.3695	28.743	34.3772	34.6337	43.8641	43.8362	43.8263	0.146782	0.146911	0.147001	0.119648	0.119089	0.0797177	0.0301698	99	0	0
setup	0	2019-12-05 23:00:00	0	24.993	24.1949	3.00159	2.09351	1.84927	0.798142	0.113318	0	0	15.4878	24.1949	0	0	0	0	0	0	537.645	358.504	0	-99.99	21.8396	21.8249	22.685	29.6309	29.6804	29.7438	34.7111	34.9477	43.9282	43.9893	43.9989	0.140395	0.140511	0.133955	0.109995	0.109655	0.0779978	0.0289778	99	0	0
setup	0	2019-12-06 23:00:00	0	1.785	1.48712	3.19374	2.45557	1.91905	0.297877	0.299449	0	0	1.68407	1.48712	0	0	0	0	0	0	535.23	356.09	0	-99.99	21.3461	21.3905	21.9277	29.1128	29.3255	29.5096	34.5782	34.8742	43.7559	43.9829	43.9978	0.144369	0.144005	0.139703	0.113628	0.11212	0.0786804	0.0290284	99	0	0
setup	0	2019-12-07 23:00:00	0	6.293	5.86541	3.11298	2.02779	2.13755	0.427585	0.168635	0	0	5.05222	5.86541	0	0	0	0	0	0	533.737	354.605	0	-99.99	21.4853	21.5099	21.5767	28.1907	28.8728	29.2049	34.7142	34.7794	43.7445	43.9573	43.9912	0.143231	0.143032	0.142491	0.12045	0.115358	0.0779816	0.0292302	99	0	0
